                                                                 42752143948149917541483200446820106420714638520385
                                                 *52385389858059113321467753067812150799675480492824971757164956161
                                                 ------------------------------------------------------------------
                                                                 42752143948149917541483200446820106420714638520385
                                                               256512863688899505248899202680920638524287831122310
                                                               42752143948149917541483200446820106420714638520385
                                                             256512863688899505248899202680920638524287831122310
                                                            213760719740749587707416002234100532103573192601925
                                                           384769295533349257873348804021380957786431746683465
                                                          171008575792599670165932801787280425682858554081540
                                                         256512863688899505248899202680920638524287831122310
                                                         42752143948149917541483200446820106420714638520385
                                                       299265007637049422790382403127740744945002469642695
                                                      213760719740749587707416002234100532103573192601925
                                                     299265007637049422790382403127740744945002469642695
                                                     42752143948149917541483200446820106420714638520385
                                                   299265007637049422790382403127740744945002469642695
                                                  384769295533349257873348804021380957786431746683465
                                                 171008575792599670165932801787280425682858554081540
                                                 85504287896299835082966400893640212841429277040770
                                               342017151585199340331865603574560851365717108163080
                                               85504287896299835082966400893640212841429277040770
                                             384769295533349257873348804021380957786431746683465
                                            171008575792599670165932801787280425682858554081540
                                                                                             0
                                          342017151585199340331865603574560851365717108163080
                                         171008575792599670165932801787280425682858554081540
                                        213760719740749587707416002234100532103573192601925
                                       299265007637049422790382403127740744945002469642695
                                      256512863688899505248899202680920638524287831122310
                                     384769295533349257873348804021380957786431746683465
                                    384769295533349257873348804021380957786431746683465
                                   299265007637049422790382403127740744945002469642695
                                                                                    0
                                 213760719740749587707416002234100532103573192601925
                                 42752143948149917541483200446820106420714638520385
                                85504287896299835082966400893640212841429277040770
                               42752143948149917541483200446820106420714638520385
                             342017151585199340331865603574560851365717108163080
                            299265007637049422790382403127740744945002469642695
                           256512863688899505248899202680920638524287831122310
                                                                            0
                         128256431844449752624449601340460319262143915561155
                        213760719740749587707416002234100532103573192601925
                       299265007637049422790382403127740744945002469642695
                      299265007637049422790382403127740744945002469642695
                     256512863688899505248899202680920638524287831122310
                    171008575792599670165932801787280425682858554081540
                    42752143948149917541483200446820106420714638520385
                   85504287896299835082966400893640212841429277040770
                 128256431844449752624449601340460319262143915561155
                128256431844449752624449601340460319262143915561155
                42752143948149917541483200446820106420714638520385
               42752143948149917541483200446820106420714638520385
             384769295533349257873348804021380957786431746683465
            213760719740749587707416002234100532103573192601925
                                                             0
          342017151585199340331865603574560851365717108163080
         213760719740749587707416002234100532103573192601925
        342017151585199340331865603574560851365717108163080
       384769295533349257873348804021380957786431746683465
      342017151585199340331865603574560851365717108163080
     128256431844449752624449601340460319262143915561155
    213760719740749587707416002234100532103573192601925
   342017151585199340331865603574560851365717108163080
  128256431844449752624449601340460319262143915561155
  85504287896299835082966400893640212841429277040770
213760719740749587707416002234100532103573192601925
-------------------------------------------------------------------------------------------------------------------
2239587727991695989469792982883278099287462602342510382901257141048501224625384533805491677777974431413270429841985

