                                      85960592556780446321972186040418915064
                                     *31999894367687309179673853013656855735
                                     ---------------------------------------
                                     429802962783902231609860930202094575320
                                    257881777670341338965916558121256745192
                                   601724147897463124253805302282932405448
                                  429802962783902231609860930202094575320
                                 429802962783902231609860930202094575320
                                687684740454243570575777488323351320512
                               515763555340682677931833116242513490384
                              429802962783902231609860930202094575320
                             515763555340682677931833116242513490384
                            257881777670341338965916558121256745192
                            85960592556780446321972186040418915064
                                                                0
                         257881777670341338965916558121256745192
                        429802962783902231609860930202094575320
                       687684740454243570575777488323351320512
                      257881777670341338965916558121256745192
                     601724147897463124253805302282932405448
                    515763555340682677931833116242513490384
                   773645333011024016897749674363770235576
                  601724147897463124253805302282932405448
                  85960592556780446321972186040418915064
                773645333011024016897749674363770235576
                                                     0
              257881777670341338965916558121256745192
             601724147897463124253805302282932405448
            687684740454243570575777488323351320512
           515763555340682677931833116242513490384
          601724147897463124253805302282932405448
         515763555340682677931833116242513490384
        257881777670341338965916558121256745192
       343842370227121785287888744161675660256
      773645333011024016897749674363770235576
     687684740454243570575777488323351320512
    773645333011024016897749674363770235576
   773645333011024016897749674363770235576
  773645333011024016897749674363770235576
  85960592556780446321972186040418915064
257881777670341338965916558121256745192
----------------------------------------------------------------------------
2750729881600782236268702708200401132863485904784688485065203593994266292040

