             638771795991777925184252432345
                            *11888695554562
            -------------------------------
            1277543591983555850368504864690
           3832630775950667551105514594070
          3193858979958889625921262161725
         2555087183967111700737009729380
        3193858979958889625921262161725
       3193858979958889625921262161725
      3193858979958889625921262161725
     5748946163926001326658271891105
    3832630775950667551105514594070
   5110174367934223401474019458760
  5110174367934223401474019458760
 5110174367934223401474019458760
 638771795991777925184252432345
638771795991777925184252432345
-------------------------------------------
7594163411387034989040745717187237161107890

