                                                                                                295159222351481642788573495088
                            *1076225447809291943632205600788796428963754774878231452022191971614510896363840764910112422620881
                            --------------------------------------------------------------------------------------------------
                                                                                                295159222351481642788573495088
                                                                                              2361273778811853142308587960704
                                                                                             2361273778811853142308587960704
                                                                                                                          0
                                                                                            590318444702963285577146990176
                                                                                          1770955334108889856731440970528
                                                                                          590318444702963285577146990176
                                                                                         590318444702963285577146990176
                                                                                       1180636889405926571154293980352
                                                                                       590318444702963285577146990176
                                                                                      295159222351481642788573495088
                                                                                     295159222351481642788573495088
                                                                                                                 0
                                                                                   295159222351481642788573495088
                                                                                 2656433001163334785097161455792
                                                                                1180636889405926571154293980352
                                                                               1770955334108889856731440970528
                                                                              2066114556460371499520014465616
                                                                                                           0
                                                                            1180636889405926571154293980352
                                                                           2361273778811853142308587960704
                                                                           885477667054444928365720485264
                                                                         1770955334108889856731440970528
                                                                         885477667054444928365720485264
                                                                       1770955334108889856731440970528
                                                                      2656433001163334785097161455792
                                                                     2361273778811853142308587960704
                                                                                                  0
                                                                    295159222351481642788573495088
                                                                  1475796111757408213942867475440
                                                                 1180636889405926571154293980352
                                                                 295159222351481642788573495088
                                                               1770955334108889856731440970528
                                                               295159222351481642788573495088
                                                             2066114556460371499520014465616
                                                            2656433001163334785097161455792
                                                            295159222351481642788573495088
                                                          2656433001163334785097161455792
                                                          295159222351481642788573495088
                                                         590318444702963285577146990176
                                                        590318444702963285577146990176
                                                                                    0
                                                      590318444702963285577146990176
                                                    1475796111757408213942867475440
                                                   1180636889405926571154293980352
                                                   295159222351481642788573495088
                                                  885477667054444928365720485264
                                                 590318444702963285577146990176
                                               2361273778811853142308587960704
                                              2066114556460371499520014465616
                                             2361273778811853142308587960704
                                            1180636889405926571154293980352
                                           2066114556460371499520014465616
                                          2066114556460371499520014465616
                                         1180636889405926571154293980352
                                        1475796111757408213942867475440
                                       2066114556460371499520014465616
                                       885477667054444928365720485264
                                     1770955334108889856731440970528
                                    2656433001163334785097161455792
                                   2361273778811853142308587960704
                                   590318444702963285577146990176
                                 1180636889405926571154293980352
                                1770955334108889856731440970528
                               2656433001163334785097161455792
                              2066114556460371499520014465616
                             2361273778811853142308587960704
                            2361273778811853142308587960704
                           2066114556460371499520014465616
                                                        0
                                                       0
                        1770955334108889856731440970528
                       1475796111757408213942867475440
                                                    0
                      590318444702963285577146990176
                     590318444702963285577146990176
                    885477667054444928365720485264
                  1770955334108889856731440970528
                  885477667054444928365720485264
                1180636889405926571154293980352
               2656433001163334785097161455792
               295159222351481642788573495088
             2656433001163334785097161455792
             590318444702963285577146990176
           2656433001163334785097161455792
                                        0
         2361273778811853142308587960704
        2066114556460371499520014465616
       1180636889405926571154293980352
      1180636889405926571154293980352
     1475796111757408213942867475440
     590318444702963285577146990176
    590318444702963285577146990176
  1770955334108889856731440970528
 2066114556460371499520014465616
                              0
295159222351481642788573495088
------------------------------------------------------------------------------------------------------------------------------
317657866250265702860227757359704089808771845819990876575223066786664970432908658378556807833750396110625898627757083339732528

