                                                                                                     76709205303995577777399590444841422342972372839507246206250635777011219446720681315035660724202003134
                                                                                                    *17975272085246503111454574515866653271489904664985121578939526191519658659015414026174077920649790755
                                                                                                    ------------------------------------------------------------------------------------------------------
                                                                                                    383546026519977888886997952224207111714861864197536231031253178885056097233603406575178303621010015670
                                                                                                   383546026519977888886997952224207111714861864197536231031253178885056097233603406575178303621010015670
                                                                                                  536964437127969044441797133113889956400806609876550723443754450439078536127044769205249625069414021938
                                                                                                                                                                                                      0
                                                                                                690382847735960199996596314003572801086751355555565215856255721993100975020486131835320946517818028206
                                                                                               536964437127969044441797133113889956400806609876550723443754450439078536127044769205249625069414021938
                                                                                              690382847735960199996596314003572801086751355555565215856255721993100975020486131835320946517818028206
                                                                                             306836821215982311109598361779365689371889491358028984825002543108044877786882725260142642896808012536
                                                                                            460255231823973466664397542669048534057834237037043477237503814662067316680324087890213964345212018804
                                                                                                                                                                                                0
                                                                                          153418410607991155554799180889682844685944745679014492412501271554022438893441362630071321448404006268
                                                                                         690382847735960199996596314003572801086751355555565215856255721993100975020486131835320946517818028206
                                                                                        536964437127969044441797133113889956400806609876550723443754450439078536127044769205249625069414021938
                                                                                       536964437127969044441797133113889956400806609876550723443754450439078536127044769205249625069414021938
                                                                                                                                                                                           0
                                                                                     306836821215982311109598361779365689371889491358028984825002543108044877786882725260142642896808012536
                                                                                    536964437127969044441797133113889956400806609876550723443754450439078536127044769205249625069414021938
                                                                                    76709205303995577777399590444841422342972372839507246206250635777011219446720681315035660724202003134
                                                                                  460255231823973466664397542669048534057834237037043477237503814662067316680324087890213964345212018804
                                                                                 153418410607991155554799180889682844685944745679014492412501271554022438893441362630071321448404006268
                                                                                                                                                                                     0
                                                                               306836821215982311109598361779365689371889491358028984825002543108044877786882725260142642896808012536
                                                                               76709205303995577777399590444841422342972372839507246206250635777011219446720681315035660724202003134
                                                                             306836821215982311109598361779365689371889491358028984825002543108044877786882725260142642896808012536
                                                                            383546026519977888886997952224207111714861864197536231031253178885056097233603406575178303621010015670
                                                                            76709205303995577777399590444841422342972372839507246206250635777011219446720681315035660724202003134
                                                                                                                                                                               0
                                                                         690382847735960199996596314003572801086751355555565215856255721993100975020486131835320946517818028206
                                                                        383546026519977888886997952224207111714861864197536231031253178885056097233603406575178303621010015670
                                                                       460255231823973466664397542669048534057834237037043477237503814662067316680324087890213964345212018804
                                                                      613673642431964622219196723558731378743778982716057969650005086216089755573765450520285285793616025072
                                                                     383546026519977888886997952224207111714861864197536231031253178885056097233603406575178303621010015670
                                                                    460255231823973466664397542669048534057834237037043477237503814662067316680324087890213964345212018804
                                                                   690382847735960199996596314003572801086751355555565215856255721993100975020486131835320946517818028206
                                                                   76709205303995577777399590444841422342972372839507246206250635777011219446720681315035660724202003134
                                                                 383546026519977888886997952224207111714861864197536231031253178885056097233603406575178303621010015670
                                                                 76709205303995577777399590444841422342972372839507246206250635777011219446720681315035660724202003134
                                                               690382847735960199996596314003572801086751355555565215856255721993100975020486131835320946517818028206
                                                               76709205303995577777399590444841422342972372839507246206250635777011219446720681315035660724202003134
                                                             460255231823973466664397542669048534057834237037043477237503814662067316680324087890213964345212018804
                                                            153418410607991155554799180889682844685944745679014492412501271554022438893441362630071321448404006268
                                                           383546026519977888886997952224207111714861864197536231031253178885056097233603406575178303621010015670
                                                          690382847735960199996596314003572801086751355555565215856255721993100975020486131835320946517818028206
                                                         230127615911986733332198771334524267028917118518521738618751907331033658340162043945106982172606009402
                                                        690382847735960199996596314003572801086751355555565215856255721993100975020486131835320946517818028206
                                                       613673642431964622219196723558731378743778982716057969650005086216089755573765450520285285793616025072
                                                      536964437127969044441797133113889956400806609876550723443754450439078536127044769205249625069414021938
                                                     383546026519977888886997952224207111714861864197536231031253178885056097233603406575178303621010015670
                                                     76709205303995577777399590444841422342972372839507246206250635777011219446720681315035660724202003134
                                                   153418410607991155554799180889682844685944745679014492412501271554022438893441362630071321448404006268
                                                   76709205303995577777399590444841422342972372839507246206250635777011219446720681315035660724202003134
                                                 383546026519977888886997952224207111714861864197536231031253178885056097233603406575178303621010015670
                                                613673642431964622219196723558731378743778982716057969650005086216089755573765450520285285793616025072
                                               690382847735960199996596314003572801086751355555565215856255721993100975020486131835320946517818028206
                                              306836821215982311109598361779365689371889491358028984825002543108044877786882725260142642896808012536
                                             460255231823973466664397542669048534057834237037043477237503814662067316680324087890213964345212018804
                                            460255231823973466664397542669048534057834237037043477237503814662067316680324087890213964345212018804
                                           306836821215982311109598361779365689371889491358028984825002543108044877786882725260142642896808012536
                                                                                                                                               0
                                         690382847735960199996596314003572801086751355555565215856255721993100975020486131835320946517818028206
                                        690382847735960199996596314003572801086751355555565215856255721993100975020486131835320946517818028206
                                       613673642431964622219196723558731378743778982716057969650005086216089755573765450520285285793616025072
                                      306836821215982311109598361779365689371889491358028984825002543108044877786882725260142642896808012536
                                      76709205303995577777399590444841422342972372839507246206250635777011219446720681315035660724202003134
                                    536964437127969044441797133113889956400806609876550723443754450439078536127044769205249625069414021938
                                   153418410607991155554799180889682844685944745679014492412501271554022438893441362630071321448404006268
                                  230127615911986733332198771334524267028917118518521738618751907331033658340162043945106982172606009402
                                 383546026519977888886997952224207111714861864197536231031253178885056097233603406575178303621010015670
                                460255231823973466664397542669048534057834237037043477237503814662067316680324087890213964345212018804
                               460255231823973466664397542669048534057834237037043477237503814662067316680324087890213964345212018804
                              460255231823973466664397542669048534057834237037043477237503814662067316680324087890213964345212018804
                             613673642431964622219196723558731378743778982716057969650005086216089755573765450520285285793616025072
                            383546026519977888886997952224207111714861864197536231031253178885056097233603406575178303621010015670
                            76709205303995577777399590444841422342972372839507246206250635777011219446720681315035660724202003134
                          383546026519977888886997952224207111714861864197536231031253178885056097233603406575178303621010015670
                         306836821215982311109598361779365689371889491358028984825002543108044877786882725260142642896808012536
                        536964437127969044441797133113889956400806609876550723443754450439078536127044769205249625069414021938
                       383546026519977888886997952224207111714861864197536231031253178885056097233603406575178303621010015670
                      306836821215982311109598361779365689371889491358028984825002543108044877786882725260142642896808012536
                     383546026519977888886997952224207111714861864197536231031253178885056097233603406575178303621010015670
                    306836821215982311109598361779365689371889491358028984825002543108044877786882725260142642896808012536
                    76709205303995577777399590444841422342972372839507246206250635777011219446720681315035660724202003134
                   76709205303995577777399590444841422342972372839507246206250635777011219446720681315035660724202003134
                  76709205303995577777399590444841422342972372839507246206250635777011219446720681315035660724202003134
                230127615911986733332198771334524267028917118518521738618751907331033658340162043945106982172606009402
                                                                                                                    0
              383546026519977888886997952224207111714861864197536231031253178885056097233603406575178303621010015670
             460255231823973466664397542669048534057834237037043477237503814662067316680324087890213964345212018804
            306836821215982311109598361779365689371889491358028984825002543108044877786882725260142642896808012536
           153418410607991155554799180889682844685944745679014492412501271554022438893441362630071321448404006268
          383546026519977888886997952224207111714861864197536231031253178885056097233603406575178303621010015670
         613673642431964622219196723558731378743778982716057969650005086216089755573765450520285285793616025072
                                                                                                             0
       153418410607991155554799180889682844685944745679014492412501271554022438893441362630071321448404006268
      536964437127969044441797133113889956400806609876550723443754450439078536127044769205249625069414021938
     153418410607991155554799180889682844685944745679014492412501271554022438893441362630071321448404006268
    383546026519977888886997952224207111714861864197536231031253178885056097233603406575178303621010015670
   536964437127969044441797133113889956400806609876550723443754450439078536127044769205249625069414021938
  690382847735960199996596314003572801086751355555565215856255721993100975020486131835320946517818028206
 536964437127969044441797133113889956400806609876550723443754450439078536127044769205249625069414021938
 76709205303995577777399590444841422342972372839507246206250635777011219446720681315035660724202003134
----------------------------------------------------------------------------------------------------------------------------------------------------------------------------------------------------------
1378868836782354705970179862529541716888510585101123940361769853434117286938639848288666885083695191684502538341707517388100841566157609027285923797156264395425357205117852142065750683303267668954226170

