                                                             38729772715378
            *11578654398621239517714532686476534499938891914966647000379917
            ---------------------------------------------------------------
                                                            271108409007646
                                                            38729772715378
                                                          348567954438402
                                                         348567954438402
                                                        271108409007646
                                                       116189318146134
                                                                    0
                                                                   0
                                                                  0
                                                   271108409007646
                                                  154919090861512
                                                 232378636292268
                                                232378636292268
                                               232378636292268
                                              348567954438402
                                             154919090861512
                                             38729772715378
                                           348567954438402
                                           38729772715378
                                         348567954438402
                                        309838181723024
                                       309838181723024
                                      116189318146134
                                     348567954438402
                                    348567954438402
                                   348567954438402
                                  154919090861512
                                 154919090861512
                                116189318146134
                               193648863576890
                              232378636292268
                             271108409007646
                            154919090861512
                           232378636292268
                          309838181723024
                         232378636292268
                         77459545430756
                       116189318146134
                      193648863576890
                     154919090861512
                     38729772715378
                   271108409007646
                  271108409007646
                  38729772715378
                193648863576890
               348567954438402
              116189318146134
              77459545430756
             38729772715378
            77459545430756
          232378636292268
         309838181723024
        348567954438402
       116189318146134
      154919090861512
     193648863576890
    232378636292268
   309838181723024
  271108409007646
 193648863576890
 38729772715378
38729772715378
---------------------------------------------------------------------------
448438653208512347255338895737370628718977595296586246274208096626708263626

