                                    6077389863191364224826782
                        *459776384113009428565097479058383351
                        -------------------------------------
                                    6077389863191364224826782
                                  30386949315956821124133910
                                 18232169589574092674480346
                                18232169589574092674480346
                               48619118905530913798614256
                              18232169589574092674480346
                             48619118905530913798614256
                            30386949315956821124133910
                                                    0
                          54696508768722278023441038
                         42541729042339549573787474
                        24309559452765456899307128
                       42541729042339549573787474
                      54696508768722278023441038
                                              0
                    30386949315956821124133910
                   36464339179148185348960692
                  30386949315956821124133910
                 48619118905530913798614256
                12154779726382728449653564
               24309559452765456899307128
              54696508768722278023441038
                                      0
                                     0
           18232169589574092674480346
           6077389863191364224826782
          6077389863191364224826782
        24309559452765456899307128
       48619118905530913798614256
      18232169589574092674480346
     36464339179148185348960692
    42541729042339549573787474
   42541729042339549573787474
  54696508768722278023441038
 30386949315956821124133910
24309559452765456899307128
-------------------------------------------------------------
2794240336143182498924392870848039236467643117589482927706482

