                                                                              335603698304546738677954273359172642012843297971838523051
                                                        *486304678879154483281365228633872413970868784232551798220183471723110197975398
                                                        -------------------------------------------------------------------------------
                                                                             2684829586436373909423634186873381136102746383774708184408
                                                                            3020433284740920648101588460232553778115589681746546707459
                                                                           1006811094913640216033862820077517926038529893915515569153
                                                                          1678018491522733693389771366795863210064216489859192615255
                                                                         2349225888131827170745679913514208494089903085802869661357
                                                                        3020433284740920648101588460232553778115589681746546707459
                                                                       2349225888131827170745679913514208494089903085802869661357
                                                                      3020433284740920648101588460232553778115589681746546707459
                                                                      335603698304546738677954273359172642012843297971838523051
                                                                                                                             0
                                                                    335603698304546738677954273359172642012843297971838523051
                                                                   335603698304546738677954273359172642012843297971838523051
                                                                 1006811094913640216033862820077517926038529893915515569153
                                                                 671207396609093477355908546718345284025686595943677046102
                                                               2349225888131827170745679913514208494089903085802869661357
                                                               335603698304546738677954273359172642012843297971838523051
                                                             2349225888131827170745679913514208494089903085802869661357
                                                            1342414793218186954711817093436690568051373191887354092204
                                                           1006811094913640216033862820077517926038529893915515569153
                                                          2684829586436373909423634186873381136102746383774708184408
                                                          335603698304546738677954273359172642012843297971838523051
                                                                                                                 0
                                                        671207396609093477355908546718345284025686595943677046102
                                                       671207396609093477355908546718345284025686595943677046102
                                                     2684829586436373909423634186873381136102746383774708184408
                                                    3020433284740920648101588460232553778115589681746546707459
                                                   2349225888131827170745679913514208494089903085802869661357
                                                   335603698304546738677954273359172642012843297971838523051
                                                 1678018491522733693389771366795863210064216489859192615255
                                                1678018491522733693389771366795863210064216489859192615255
                                                671207396609093477355908546718345284025686595943677046102
                                              1006811094913640216033862820077517926038529893915515569153
                                              671207396609093477355908546718345284025686595943677046102
                                            1342414793218186954711817093436690568051373191887354092204
                                           2684829586436373909423634186873381136102746383774708184408
                                          2349225888131827170745679913514208494089903085802869661357
                                         2684829586436373909423634186873381136102746383774708184408
                                        2013622189827280432067725640155035852077059787831031138306
                                       2684829586436373909423634186873381136102746383774708184408
                                                                                               0
                                     2349225888131827170745679913514208494089903085802869661357
                                    3020433284740920648101588460232553778115589681746546707459
                                   1006811094913640216033862820077517926038529893915515569153
                                   335603698304546738677954273359172642012843297971838523051
                                 1342414793218186954711817093436690568051373191887354092204
                                 671207396609093477355908546718345284025686595943677046102
                               2349225888131827170745679913514208494089903085802869661357
                              2684829586436373909423634186873381136102746383774708184408
                             1006811094913640216033862820077517926038529893915515569153
                            1006811094913640216033862820077517926038529893915515569153
                           2013622189827280432067725640155035852077059787831031138306
                          2684829586436373909423634186873381136102746383774708184408
                          671207396609093477355908546718345284025686595943677046102
                         671207396609093477355908546718345284025686595943677046102
                       1678018491522733693389771366795863210064216489859192615255
                      2013622189827280432067725640155035852077059787831031138306
                     1006811094913640216033862820077517926038529893915515569153
                     335603698304546738677954273359172642012843297971838523051
                   2684829586436373909423634186873381136102746383774708184408
                   671207396609093477355908546718345284025686595943677046102
                 1006811094913640216033862820077517926038529893915515569153
                2684829586436373909423634186873381136102746383774708184408
               1342414793218186954711817093436690568051373191887354092204
              1342414793218186954711817093436690568051373191887354092204
             1678018491522733693389771366795863210064216489859192615255
             335603698304546738677954273359172642012843297971838523051
           3020433284740920648101588460232553778115589681746546707459
          2349225888131827170745679913514208494089903085802869661357
         2684829586436373909423634186873381136102746383774708184408
        2684829586436373909423634186873381136102746383774708184408
       2349225888131827170745679913514208494089903085802869661357
      2013622189827280432067725640155035852077059787831031138306
     1342414793218186954711817093436690568051373191887354092204
                                                             0
   1006811094913640216033862820077517926038529893915515569153
  2013622189827280432067725640155035852077059787831031138306
 2684829586436373909423634186873381136102746383774708184408
1342414793218186954711817093436690568051373191887354092204
---------------------------------------------------------------------------------------------------------------------------------------
163205648734649243658981674500241355659822356652434953859402705662998249681369201465145849202851829060609032355471872031733002753899298

