                                             424418484400959309638067595834577028866207203133197903753247795407283904634957367058424748528
                                                                                           *1687960974509556914062497235763821528615176031
                                             ---------------------------------------------------------------------------------------------
                                             424418484400959309638067595834577028866207203133197903753247795407283904634957367058424748528
                                           1273255453202877928914202787503731086598621609399593711259743386221851713904872101175274245584
                                                                                                                                       0
                                         2546510906405755857828405575007462173197243218799187422519486772443703427809744202350548491168
                                        2970929390806715167466473170842039202063450421932385326272734567850987332444701569408973239696
                                        424418484400959309638067595834577028866207203133197903753247795407283904634957367058424748528
                                      2122092422004796548190337979172885144331036015665989518766238977036419523174786835292123742640
                                      424418484400959309638067595834577028866207203133197903753247795407283904634957367058424748528
                                    2546510906405755857828405575007462173197243218799187422519486772443703427809744202350548491168
                                   3395347875207674477104540766676616230929657625065583230025982363258271237079658936467397988224
                                   848836968801918619276135191669154057732414406266395807506495590814567809269914734116849497056
                                 2122092422004796548190337979172885144331036015665989518766238977036419523174786835292123742640
                                 424418484400959309638067595834577028866207203133197903753247795407283904634957367058424748528
                                848836968801918619276135191669154057732414406266395807506495590814567809269914734116849497056
                              3395347875207674477104540766676616230929657625065583230025982363258271237079658936467397988224
                             1273255453202877928914202787503731086598621609399593711259743386221851713904872101175274245584
                            2546510906405755857828405575007462173197243218799187422519486772443703427809744202350548491168
                           2970929390806715167466473170842039202063450421932385326272734567850987332444701569408973239696
                          2122092422004796548190337979172885144331036015665989518766238977036419523174786835292123742640
                         1273255453202877928914202787503731086598621609399593711259743386221851713904872101175274245584
                         848836968801918619276135191669154057732414406266395807506495590814567809269914734116849497056
                       2970929390806715167466473170842039202063450421932385326272734567850987332444701569408973239696
                      3819766359608633786742608362511193259795864828198781133779230158665555141714616303525822736752
                     1697673937603837238552270383338308115464828812532791615012991181629135618539829468233698994112
                     848836968801918619276135191669154057732414406266395807506495590814567809269914734116849497056
                   2546510906405755857828405575007462173197243218799187422519486772443703427809744202350548491168
                                                                                                               0
                 1697673937603837238552270383338308115464828812532791615012991181629135618539829468233698994112
                 424418484400959309638067595834577028866207203133197903753247795407283904634957367058424748528
               3819766359608633786742608362511193259795864828198781133779230158665555141714616303525822736752
              2546510906405755857828405575007462173197243218799187422519486772443703427809744202350548491168
             2122092422004796548190337979172885144331036015665989518766238977036419523174786835292123742640
            2122092422004796548190337979172885144331036015665989518766238977036419523174786835292123742640
           3819766359608633786742608362511193259795864828198781133779230158665555141714616303525822736752
                                                                                                       0
         2122092422004796548190337979172885144331036015665989518766238977036419523174786835292123742640
        1697673937603837238552270383338308115464828812532791615012991181629135618539829468233698994112
       2970929390806715167466473170842039202063450421932385326272734567850987332444701569408973239696
      3819766359608633786742608362511193259795864828198781133779230158665555141714616303525822736752
                                                                                                  0
    2546510906405755857828405575007462173197243218799187422519486772443703427809744202350548491168
   3819766359608633786742608362511193259795864828198781133779230158665555141714616303525822736752
  2970929390806715167466473170842039202063450421932385326272734567850987332444701569408973239696
 3395347875207674477104540766676616230929657625065583230025982363258271237079658936467397988224
2546510906405755857828405575007462173197243218799187422519486772443703427809744202350548491168
424418484400959309638067595834577028866207203133197903753247795407283904634957367058424748528
------------------------------------------------------------------------------------------------------------------------------------------
716401838529312456013475113083645729307460610364032107079166525857227558803050208417168385629638595123417712095508753694884592695628132368

