                                                                                                     65052362517797821345506933003679175302663333015250701404
                                                       *80517208962988622953105713728775827648444742604809120792175952545309154528888279291371598083348878883
                                                       ------------------------------------------------------------------------------------------------------
                                                                                                    195157087553393464036520799011037525907989999045752104212
                                                                                                   520418900142382570764055464029433402421306664122005611232
                                                                                                  520418900142382570764055464029433402421306664122005611232
                                                                                                 520418900142382570764055464029433402421306664122005611232
                                                                                                455366537624584749418548531025754227118643331106754909828
                                                                                               520418900142382570764055464029433402421306664122005611232
                                                                                              520418900142382570764055464029433402421306664122005611232
                                                                                             260209450071191285382027732014716701210653332061002805616
                                                                                            195157087553393464036520799011037525907989999045752104212
                                                                                           195157087553393464036520799011037525907989999045752104212
                                                                                          520418900142382570764055464029433402421306664122005611232
                                                                                                                                                 0
                                                                                        520418900142382570764055464029433402421306664122005611232
                                                                                       585471262660180392109562397033112577723969997137256312636
                                                                                      325261812588989106727534665018395876513316665076253507020
                                                                                      65052362517797821345506933003679175302663333015250701404
                                                                                    455366537624584749418548531025754227118643331106754909828
                                                                                   195157087553393464036520799011037525907989999045752104212
                                                                                   65052362517797821345506933003679175302663333015250701404
                                                                                 585471262660180392109562397033112577723969997137256312636
                                                                                130104725035595642691013866007358350605326666030501402808
                                                                               585471262660180392109562397033112577723969997137256312636
                                                                              455366537624584749418548531025754227118643331106754909828
                                                                             130104725035595642691013866007358350605326666030501402808
                                                                            520418900142382570764055464029433402421306664122005611232
                                                                           520418900142382570764055464029433402421306664122005611232
                                                                          520418900142382570764055464029433402421306664122005611232
                                                                         520418900142382570764055464029433402421306664122005611232
                                                                        130104725035595642691013866007358350605326666030501402808
                                                                       325261812588989106727534665018395876513316665076253507020
                                                                      260209450071191285382027732014716701210653332061002805616
                                                                     325261812588989106727534665018395876513316665076253507020
                                                                     65052362517797821345506933003679175302663333015250701404
                                                                   585471262660180392109562397033112577723969997137256312636
                                                                                                                          0
                                                                 195157087553393464036520799011037525907989999045752104212
                                                                325261812588989106727534665018395876513316665076253507020
                                                               260209450071191285382027732014716701210653332061002805616
                                                              325261812588989106727534665018395876513316665076253507020
                                                             130104725035595642691013866007358350605326666030501402808
                                                            325261812588989106727534665018395876513316665076253507020
                                                           585471262660180392109562397033112577723969997137256312636
                                                          325261812588989106727534665018395876513316665076253507020
                                                         455366537624584749418548531025754227118643331106754909828
                                                         65052362517797821345506933003679175302663333015250701404
                                                       130104725035595642691013866007358350605326666030501402808
                                                      585471262660180392109562397033112577723969997137256312636
                                                     455366537624584749418548531025754227118643331106754909828
                                                                                                            0
                                                   130104725035595642691013866007358350605326666030501402808
                                                   65052362517797821345506933003679175302663333015250701404
                                                 585471262660180392109562397033112577723969997137256312636
                                                                                                        0
                                               520418900142382570764055464029433402421306664122005611232
                                              260209450071191285382027732014716701210653332061002805616
                                                                                                     0
                                            390314175106786928073041598022075051815979998091504208424
                                           130104725035595642691013866007358350605326666030501402808
                                          260209450071191285382027732014716701210653332061002805616
                                         455366537624584749418548531025754227118643331106754909828
                                        260209450071191285382027732014716701210653332061002805616
                                       260209450071191285382027732014716701210653332061002805616
                                      260209450071191285382027732014716701210653332061002805616
                                     520418900142382570764055464029433402421306664122005611232
                                    260209450071191285382027732014716701210653332061002805616
                                   390314175106786928073041598022075051815979998091504208424
                                  455366537624584749418548531025754227118643331106754909828
                                 130104725035595642691013866007358350605326666030501402808
                                520418900142382570764055464029433402421306664122005611232
                               325261812588989106727534665018395876513316665076253507020
                              455366537624584749418548531025754227118643331106754909828
                             455366537624584749418548531025754227118643331106754909828
                            520418900142382570764055464029433402421306664122005611232
                           130104725035595642691013866007358350605326666030501402808
                          455366537624584749418548531025754227118643331106754909828
                         195157087553393464036520799011037525907989999045752104212
                         65052362517797821345506933003679175302663333015250701404
                       455366537624584749418548531025754227118643331106754909828
                      325261812588989106727534665018395876513316665076253507020
                                                                             0
                     65052362517797821345506933003679175302663333015250701404
                   195157087553393464036520799011037525907989999045752104212
                  325261812588989106727534665018395876513316665076253507020
                 585471262660180392109562397033112577723969997137256312636
                130104725035595642691013866007358350605326666030501402808
               130104725035595642691013866007358350605326666030501402808
              390314175106786928073041598022075051815979998091504208424
             520418900142382570764055464029433402421306664122005611232
            520418900142382570764055464029433402421306664122005611232
           585471262660180392109562397033112577723969997137256312636
          130104725035595642691013866007358350605326666030501402808
         390314175106786928073041598022075051815979998091504208424
        585471262660180392109562397033112577723969997137256312636
       520418900142382570764055464029433402421306664122005611232
                                                              0
     130104725035595642691013866007358350605326666030501402808
    455366537624584749418548531025754227118643331106754909828
    65052362517797821345506933003679175302663333015250701404
  325261812588989106727534665018395876513316665076253507020
                                                         0
520418900142382570764055464029433402421306664122005611232
-------------------------------------------------------------------------------------------------------------------------------------------------------------
5237834666381615884083374449479965265523113158643484571854487737439377600527657798721933305072447311890279883281850645781276407455209965517549495202794051732

