                                                                                                     41
 *51030017069885777393165369018434637648345333800530857493495238692466390833114278363002342876746992522
 ------------------------------------------------------------------------------------------------------
                                                                                                     82
                                                                                                    82
                                                                                                  205
                                                                                                  82
                                                                                                369
                                                                                               369
                                                                                              246
                                                                                             164
                                                                                            287
                                                                                           246
                                                                                          287
                                                                                         328
                                                                                         82
                                                                                       164
                                                                                      123
                                                                                      82
                                                                                      0
                                                                                     0
                                                                                  123
                                                                                 246
                                                                                123
                                                                               328
                                                                              287
                                                                              82
                                                                            164
                                                                            41
                                                                           41
                                                                         123
                                                                        123
                                                                       328
                                                                        0
                                                                     369
                                                                    123
                                                                   246
                                                                  246
                                                                 164
                                                                 82
                                                               369
                                                              246
                                                             328
                                                            123
                                                            82
                                                          205
                                                         369
                                                        164
                                                       123
                                                      369
                                                     164
                                                    287
                                                   205
                                                  328
                                                   0
                                                123
                                               205
                                                0
                                               0
                                            328
                                           123
                                          123
                                         123
                                        205
                                       164
                                      123
                                     328
                                    164
                                   246
                                  287
                                 123
                                246
                               164
                              123
                             164
                            328
                            41
                            0
                         369
                        246
                       123
                      205
                     246
                     41
                   123
                  369
                 123
                287
               287
              287
             205
            328
           328
          369
         246
          0
       287
       41
       0
      0
   123
    0
  41
205
-------------------------------------------------------------------------------------------------------
2092230699865316873119780129755820143582158685821765157233304786391122024157685412883096057946626693402

