                693214663339011247281
                    *8741505725328533
               ----------------------
               2079643990017033741843
              2079643990017033741843
             3466073316695056236405
            5545717306712089978248
           1386429326678022494562
          2079643990017033741843
         3466073316695056236405
        1386429326678022494562
       4852502643373078730967
      3466073316695056236405
                          0
    3466073316695056236405
    693214663339011247281
  2772858653356044989124
 4852502643373078730967
5545717306712089978248
-------------------------------------
6059739948459658326937007565827968773

