                                                                                                     92
 *79131677240098384252085753712640653721445555483819117782164338494876921586025407328097304847686174866
 ------------------------------------------------------------------------------------------------------
                                                                                                    552
                                                                                                   552
                                                                                                  736
                                                                                                 368
                                                                                                644
                                                                                                92
                                                                                              552
                                                                                             736
                                                                                            552
                                                                                           644
                                                                                          368
                                                                                         736
                                                                                        368
                                                                                         0
                                                                                      276
                                                                                     644
                                                                                    828
                                                                                     0
                                                                                  736
                                                                                 184
                                                                                276
                                                                               644
                                                                                0
                                                                             368
                                                                            460
                                                                           184
                                                                            0
                                                                         552
                                                                        736
                                                                       460
                                                                       92
                                                                     184
                                                                    828
                                                                   552
                                                                  644
                                                                 736
                                                                368
                                                               828
                                                              368
                                                             736
                                                            276
                                                           276
                                                          368
                                                         552
                                                         92
                                                       184
                                                      736
                                                     644
                                                    644
                                                    92
                                                   92
                                                 828
                                                 92
                                               736
                                              276
                                             736
                                            368
                                           460
                                          460
                                         460
                                        460
                                       368
                                      368
                                      92
                                    184
                                   644
                                  276
                                 460
                                552
                                 0
                              368
                             552
                            184
                            92
                          644
                         276
                        460
                       644
                      460
                     736
                      0
                   184
                  460
                 184
                368
               736
              276
             736
            828
             0
            0
         368
        184
       644
      644
     552
     92
   276
   92
 828
644
-------------------------------------------------------------------------------------------------------
7280114306089051351191889341562940142372991104511358835959119141528676785914337474184952045987128087672

