                  8586304762178713277565033465654502132608926707034881394741306766970241034604417995
                                                                                 *135419640316014038
                 -----------------------------------------------------------------------------------
                 68690438097429706220520267725236017060871413656279051157930454135761928276835343960
                25758914286536139832695100396963506397826780121104644184223920300910723103813253985
                                                                                                 0
              34345219048714853110260133862618008530435706828139525578965227067880964138417671980
              8586304762178713277565033465654502132608926707034881394741306766970241034604417995
                                                                                              0
           51517828573072279665390200793927012795653560242209288368447840601821446207626507970
           8586304762178713277565033465654502132608926707034881394741306766970241034604417995
         25758914286536139832695100396963506397826780121104644184223920300910723103813253985
                                                                                          0
       34345219048714853110260133862618008530435706828139525578965227067880964138417671980
      51517828573072279665390200793927012795653560242209288368447840601821446207626507970
     77276742859608419498085301190890519193480340363313932552671760902732169311439761955
     8586304762178713277565033465654502132608926707034881394741306766970241034604417995
   34345219048714853110260133862618008530435706828139525578965227067880964138417671980
  42931523810893566387825167328272510663044633535174406973706533834851205173022089975
 25758914286536139832695100396963506397826780121104644184223920300910723103813253985
 8586304762178713277565033465654502132608926707034881394741306766970241034604417995
----------------------------------------------------------------------------------------------------
1162754302537919807105801768994426076263746647258407509454701531915946248446348722471061663239813810

