                                                          2828267610722833957286301337934117943615687971266084615759542964759021699487503212673259104490876888
                                                                                                   *9479856360672245505609000976754692687224282516167627537524
                                                         -----------------------------------------------------------------------------------------------------
                                                         11313070442891335829145205351736471774462751885064338463038171859036086797950012850693036417963507552
                                                         5656535221445667914572602675868235887231375942532169231519085929518043398975006425346518208981753776
                                                       14141338053614169786431506689670589718078439856330423078797714823795108497437516063366295522454384440
                                                      19797873275059837701004109365538825605309815798862592310316800753313151896412522488712813731436138216
                                                      8484802832168501871858904013802353830847063913798253847278628894277065098462509638019777313472630664
                                                    14141338053614169786431506689670589718078439856330423078797714823795108497437516063366295522454384440
                                                   19797873275059837701004109365538825605309815798862592310316800753313151896412522488712813731436138216
                                                   5656535221445667914572602675868235887231375942532169231519085929518043398975006425346518208981753776
                                                 16969605664337003743717808027604707661694127827596507694557257788554130196925019276039554626945261328
                                                19797873275059837701004109365538825605309815798862592310316800753313151896412522488712813731436138216
                                               16969605664337003743717808027604707661694127827596507694557257788554130196925019276039554626945261328
                                               2828267610722833957286301337934117943615687971266084615759542964759021699487503212673259104490876888
                                             16969605664337003743717808027604707661694127827596507694557257788554130196925019276039554626945261328
                                             2828267610722833957286301337934117943615687971266084615759542964759021699487503212673259104490876888
                                           14141338053614169786431506689670589718078439856330423078797714823795108497437516063366295522454384440
                                           5656535221445667914572602675868235887231375942532169231519085929518043398975006425346518208981753776
                                         22626140885782671658290410703472943548925503770128676926076343718072173595900025701386072835927015104
                                         5656535221445667914572602675868235887231375942532169231519085929518043398975006425346518208981753776
                                       11313070442891335829145205351736471774462751885064338463038171859036086797950012850693036417963507552
                                       5656535221445667914572602675868235887231375942532169231519085929518043398975006425346518208981753776
                                      5656535221445667914572602675868235887231375942532169231519085929518043398975006425346518208981753776
                                    19797873275059837701004109365538825605309815798862592310316800753313151896412522488712813731436138216
                                   22626140885782671658290410703472943548925503770128676926076343718072173595900025701386072835927015104
                                  16969605664337003743717808027604707661694127827596507694557257788554130196925019276039554626945261328
                                  5656535221445667914572602675868235887231375942532169231519085929518043398975006425346518208981753776
                                25454408496505505615576712041407061492541191741394761541835886682831195295387528914059331940417891992
                               16969605664337003743717808027604707661694127827596507694557257788554130196925019276039554626945261328
                              11313070442891335829145205351736471774462751885064338463038171859036086797950012850693036417963507552
                             14141338053614169786431506689670589718078439856330423078797714823795108497437516063366295522454384440
                            19797873275059837701004109365538825605309815798862592310316800753313151896412522488712813731436138216
                           16969605664337003743717808027604707661694127827596507694557257788554130196925019276039554626945261328
                          19797873275059837701004109365538825605309815798862592310316800753313151896412522488712813731436138216
                         25454408496505505615576712041407061492541191741394761541835886682831195295387528914059331940417891992
                                                                                                                            0
                                                                                                                           0
                                                                                                                          0
                     25454408496505505615576712041407061492541191741394761541835886682831195295387528914059331940417891992
                                                                                                                        0
                   16969605664337003743717808027604707661694127827596507694557257788554130196925019276039554626945261328
                  14141338053614169786431506689670589718078439856330423078797714823795108497437516063366295522454384440
                                                                                                                     0
                14141338053614169786431506689670589718078439856330423078797714823795108497437516063366295522454384440
               14141338053614169786431506689670589718078439856330423078797714823795108497437516063366295522454384440
              11313070442891335829145205351736471774462751885064338463038171859036086797950012850693036417963507552
              5656535221445667914572602675868235887231375942532169231519085929518043398975006425346518208981753776
             5656535221445667914572602675868235887231375942532169231519085929518043398975006425346518208981753776
           19797873275059837701004109365538825605309815798862592310316800753313151896412522488712813731436138216
          16969605664337003743717808027604707661694127827596507694557257788554130196925019276039554626945261328
                                                                                                             0
        16969605664337003743717808027604707661694127827596507694557257788554130196925019276039554626945261328
        8484802832168501871858904013802353830847063913798253847278628894277065098462509638019777313472630664
      16969605664337003743717808027604707661694127827596507694557257788554130196925019276039554626945261328
     14141338053614169786431506689670589718078439856330423078797714823795108497437516063366295522454384440
    22626140885782671658290410703472943548925503770128676926076343718072173595900025701386072835927015104
   25454408496505505615576712041407061492541191741394761541835886682831195295387528914059331940417891992
  19797873275059837701004109365538825605309815798862592310316800753313151896412522488712813731436138216
 11313070442891335829145205351736471774462751885064338463038171859036086797950012850693036417963507552
25454408496505505615576712041407061492541191741394761541835886682831195295387528914059331940417891992
--------------------------------------------------------------------------------------------------------------------------------------------------------------
26811570699194151877172444745392202150076114157757326133185479460657477286633364049847846222517326425439850298241619065148089667817496116376309310458884345312

