                                                                                          945146733667519943915562959446231745429795557541842499694548262346989869324
                                                                          *279354603563028844089788765707215141501967360145653631508078890314475671307322887250401219
                                                                          -------------------------------------------------------------------------------------------
                                                                                         8506320603007679495240066635016085708868160017876582497250934361122908823916
                                                                                         945146733667519943915562959446231745429795557541842499694548262346989869324
                                                                                       1890293467335039887831125918892463490859591115083684999389096524693979738648
                                                                                       945146733667519943915562959446231745429795557541842499694548262346989869324
                                                                                                                                                                0
                                                                                    3780586934670079775662251837784926981719182230167369998778193049387959477296
                                                                                                                                                              0
                                                                                  4725733668337599719577814797231158727148977787709212498472741311734949346620
                                                                                 1890293467335039887831125918892463490859591115083684999389096524693979738648
                                                                                6616027135672639607408940716123622218008568902792897497861837836428929085268
                                                                               7561173869340159551324503675569853963438364460334739997556386098775918954592
                                                                              7561173869340159551324503675569853963438364460334739997556386098775918954592
                                                                             1890293467335039887831125918892463490859591115083684999389096524693979738648
                                                                            1890293467335039887831125918892463490859591115083684999389096524693979738648
                                                                           2835440201002559831746688878338695236289386672625527499083644787040969607972
                                                                          6616027135672639607408940716123622218008568902792897497861837836428929085268
                                                                                                                                                    0
                                                                        2835440201002559831746688878338695236289386672625527499083644787040969607972
                                                                        945146733667519943915562959446231745429795557541842499694548262346989869324
                                                                      6616027135672639607408940716123622218008568902792897497861837836428929085268
                                                                     5670880402005119663493377756677390472578773345251054998167289574081939215944
                                                                    4725733668337599719577814797231158727148977787709212498472741311734949346620
                                                                   6616027135672639607408940716123622218008568902792897497861837836428929085268
                                                                  3780586934670079775662251837784926981719182230167369998778193049387959477296
                                                                 3780586934670079775662251837784926981719182230167369998778193049387959477296
                                                                 945146733667519943915562959446231745429795557541842499694548262346989869324
                                                               2835440201002559831746688878338695236289386672625527499083644787040969607972
                                                                                                                                         0
                                                             8506320603007679495240066635016085708868160017876582497250934361122908823916
                                                            7561173869340159551324503675569853963438364460334739997556386098775918954592
                                                           7561173869340159551324503675569853963438364460334739997556386098775918954592
                                                          6616027135672639607408940716123622218008568902792897497861837836428929085268
                                                                                                                                    0
                                                        7561173869340159551324503675569853963438364460334739997556386098775918954592
                                                                                                                                  0
                                                      4725733668337599719577814797231158727148977787709212498472741311734949346620
                                                      945146733667519943915562959446231745429795557541842499694548262346989869324
                                                    2835440201002559831746688878338695236289386672625527499083644787040969607972
                                                   5670880402005119663493377756677390472578773345251054998167289574081939215944
                                                  2835440201002559831746688878338695236289386672625527499083644787040969607972
                                                 4725733668337599719577814797231158727148977787709212498472741311734949346620
                                                5670880402005119663493377756677390472578773345251054998167289574081939215944
                                               4725733668337599719577814797231158727148977787709212498472741311734949346620
                                              3780586934670079775662251837784926981719182230167369998778193049387959477296
                                              945146733667519943915562959446231745429795557541842499694548262346989869324
                                                                                                                       0
                                           5670880402005119663493377756677390472578773345251054998167289574081939215944
                                          2835440201002559831746688878338695236289386672625527499083644787040969607972
                                         6616027135672639607408940716123622218008568902792897497861837836428929085268
                                        5670880402005119663493377756677390472578773345251054998167289574081939215944
                                       8506320603007679495240066635016085708868160017876582497250934361122908823916
                                       945146733667519943915562959446231745429795557541842499694548262346989869324
                                                                                                                0
                                    4725733668337599719577814797231158727148977787709212498472741311734949346620
                                    945146733667519943915562959446231745429795557541842499694548262346989869324
                                  3780586934670079775662251837784926981719182230167369998778193049387959477296
                                  945146733667519943915562959446231745429795557541842499694548262346989869324
                                4725733668337599719577814797231158727148977787709212498472741311734949346620
                                945146733667519943915562959446231745429795557541842499694548262346989869324
                              1890293467335039887831125918892463490859591115083684999389096524693979738648
                             6616027135672639607408940716123622218008568902792897497861837836428929085268
                                                                                                       0
                           6616027135672639607408940716123622218008568902792897497861837836428929085268
                          4725733668337599719577814797231158727148977787709212498472741311734949346620
                         5670880402005119663493377756677390472578773345251054998167289574081939215944
                        6616027135672639607408940716123622218008568902792897497861837836428929085268
                       7561173869340159551324503675569853963438364460334739997556386098775918954592
                      7561173869340159551324503675569853963438364460334739997556386098775918954592
                     6616027135672639607408940716123622218008568902792897497861837836428929085268
                    8506320603007679495240066635016085708868160017876582497250934361122908823916
                   7561173869340159551324503675569853963438364460334739997556386098775918954592
                                                                                             0
                 3780586934670079775662251837784926981719182230167369998778193049387959477296
                3780586934670079775662251837784926981719182230167369998778193049387959477296
               7561173869340159551324503675569853963438364460334739997556386098775918954592
              7561173869340159551324503675569853963438364460334739997556386098775918954592
             1890293467335039887831125918892463490859591115083684999389096524693979738648
                                                                                       0
           2835440201002559831746688878338695236289386672625527499083644787040969607972
          5670880402005119663493377756677390472578773345251054998167289574081939215944
         4725733668337599719577814797231158727148977787709212498472741311734949346620
        2835440201002559831746688878338695236289386672625527499083644787040969607972
                                                                                  0
      5670880402005119663493377756677390472578773345251054998167289574081939215944
     3780586934670079775662251837784926981719182230167369998778193049387959477296
    4725733668337599719577814797231158727148977787709212498472741311734949346620
   2835440201002559831746688878338695236289386672625527499083644787040969607972
  8506320603007679495240066635016085708868160017876582497250934361122908823916
 6616027135672639607408940716123622218008568902792897497861837836428929085268
1890293467335039887831125918892463490859591115083684999389096524693979738648
---------------------------------------------------------------------------------------------------------------------------------------------------------------------
264031091092581640879177549055544033124613379648056484156213550291727438507210728751105247682013612331952555194432192455356029769523839920699551350422482647380305956

