                                                                              881765618120869880194
                    *244244016704980441364451339459973498899470968012259695739774671011801858845647
                    -------------------------------------------------------------------------------
                                                                             6172359326846089161358
                                                                            3527062472483479520776
                                                                           5290593708725219281164
                                                                          4408828090604349400970
                                                                         3527062472483479520776
                                                                        7054124944966959041552
                                                                       7054124944966959041552
                                                                      4408828090604349400970
                                                                     7054124944966959041552
                                                                     881765618120869880194
                                                                                        0
                                                                  7054124944966959041552
                                                                  881765618120869880194
                                                                 881765618120869880194
                                                                                    0
                                                               881765618120869880194
                                                             6172359326846089161358
                                                            5290593708725219281164
                                                           3527062472483479520776
                                                          6172359326846089161358
                                                         6172359326846089161358
                                                        7935890563087828921746
                                                       2645296854362609640582
                                                      6172359326846089161358
                                                     4408828090604349400970
                                                    7935890563087828921746
                                                   5290593708725219281164
                                                  7935890563087828921746
                                                 4408828090604349400970
                                                1763531236241739760388
                                               1763531236241739760388
                                               881765618120869880194
                                                                  0
                                            7054124944966959041552
                                           5290593708725219281164
                                          7935890563087828921746
                                                              0
                                        6172359326846089161358
                                       3527062472483479520776
                                      7935890563087828921746
                                     7935890563087828921746
                                    7054124944966959041552
                                   7054124944966959041552
                                  7935890563087828921746
                                 3527062472483479520776
                                2645296854362609640582
                               6172359326846089161358
                              7935890563087828921746
                             7935890563087828921746
                            4408828090604349400970
                           3527062472483479520776
                          7935890563087828921746
                         2645296854362609640582
                        2645296854362609640582
                        881765618120869880194
                      4408828090604349400970
                     3527062472483479520776
                    3527062472483479520776
                   5290593708725219281164
                  2645296854362609640582
                  881765618120869880194
                3527062472483479520776
               3527062472483479520776
                                   0
             7054124944966959041552
            7935890563087828921746
           3527062472483479520776
                               0
         6172359326846089161358
        5290593708725219281164
        881765618120869880194
                           0
     3527062472483479520776
    3527062472483479520776
   1763531236241739760388
  3527062472483479520776
 3527062472483479520776
1763531236241739760388
---------------------------------------------------------------------------------------------------
215365976362191147594870519160685793811784159452782448944097415712749608044332949003585852028415518

