                                                                                                    31
*25085862725956280907649630450762370856039635253254918982038014242228932905421756248046340151676809702
------------------------------------------------------------------------------------------------------
                                                                                                    62
                                                                                                    0
                                                                                                 217
                                                                                                279
                                                                                                 0
                                                                                              248
                                                                                             186
                                                                                            217
                                                                                           186
                                                                                           31
                                                                                         155
                                                                                         31
                                                                                         0
                                                                                      124
                                                                                      93
                                                                                    186
                                                                                   124
                                                                                    0
                                                                                 248
                                                                                124
                                                                                62
                                                                              186
                                                                             155
                                                                            217
                                                                            31
                                                                           62
                                                                         124
                                                                        155
                                                                         0
                                                                      279
                                                                      62
                                                                     93
                                                                   279
                                                                  248
                                                                  62
                                                                 62
                                                                62
                                                              124
                                                              62
                                                            124
                                                            31
                                                            0
                                                         248
                                                         93
                                                         0
                                                       62
                                                     248
                                                    279
                                                   248
                                                   31
                                                 279
                                                124
                                               155
                                               62
                                              93
                                            155
                                            62
                                          155
                                          93
                                        186
                                       279
                                       93
                                       0
                                    186
                                   155
                                  248
                                   0
                                217
                                93
                               62
                             186
                            217
                             0
                          155
                         124
                          0
                        93
                      186
                     279
                    124
                   186
                  217
                   0
                279
                 0
              248
              62
            186
           155
          279
         155
         62
       217
       62
     186
    248
   155
  248
   0
155
62
------------------------------------------------------------------------------------------------------
777661744504644708137138543973633496537228692850902488443178441509096920068074443689436544701981100762

