                                                                                 416018999321718033511356396071913614514446617421773
                                                  *918657365466827378723385137215506362198744326164936365878609160806026991324030433
                                                  ----------------------------------------------------------------------------------
                                                                                1248056997965154100534069188215740843543339852265319
                                                                               1248056997965154100534069188215740843543339852265319
                                                                              1664075997286872134045425584287654458057786469687092
                                                                                                                                0
                                                                            1248056997965154100534069188215740843543339852265319
                                                                                                                              0
                                                                          1664075997286872134045425584287654458057786469687092
                                                                          832037998643436067022712792143827229028893234843546
                                                                        1248056997965154100534069188215740843543339852265319
                                                                        416018999321718033511356396071913614514446617421773
                                                                      3744170993895462301602207564647222530630019556795957
                                                                     3744170993895462301602207564647222530630019556795957
                                                                    2496113995930308201068138376431481687086679704530638
                                                                    832037998643436067022712792143827229028893234843546
                                                                                                                     0
                                                                 2496113995930308201068138376431481687086679704530638
                                                                                                                   0
                                                               3328151994573744268090851168575308916115572939374184
                                                                                                                 0
                                                             2496113995930308201068138376431481687086679704530638
                                                             416018999321718033511356396071913614514446617421773
                                                           3744170993895462301602207564647222530630019556795957
                                                                                                             0
                                                         2496113995930308201068138376431481687086679704530638
                                                        3328151994573744268090851168575308916115572939374184
                                                       2912132995252026234579494772503395301601126321952411
                                                      3328151994573744268090851168575308916115572939374184
                                                     2080094996608590167556781980359568072572233087108865
                                                    2496113995930308201068138376431481687086679704530638
                                                   1248056997965154100534069188215740843543339852265319
                                                  2496113995930308201068138376431481687086679704530638
                                                 1248056997965154100534069188215740843543339852265319
                                                3744170993895462301602207564647222530630019556795957
                                               1664075997286872134045425584287654458057786469687092
                                              2496113995930308201068138376431481687086679704530638
                                              416018999321718033511356396071913614514446617421773
                                            2496113995930308201068138376431481687086679704530638
                                            832037998643436067022712792143827229028893234843546
                                          1248056997965154100534069188215740843543339852265319
                                         1664075997286872134045425584287654458057786469687092
                                        1664075997286872134045425584287654458057786469687092
                                       2912132995252026234579494772503395301601126321952411
                                      3328151994573744268090851168575308916115572939374184
                                     3744170993895462301602207564647222530630019556795957
                                     416018999321718033511356396071913614514446617421773
                                    832037998643436067022712792143827229028893234843546
                                  2496113995930308201068138376431481687086679704530638
                                 1248056997965154100534069188215740843543339852265319
                                2496113995930308201068138376431481687086679704530638
                                                                                  0
                              2080094996608590167556781980359568072572233087108865
                             2080094996608590167556781980359568072572233087108865
                             416018999321718033511356396071913614514446617421773
                            832037998643436067022712792143827229028893234843546
                          2912132995252026234579494772503395301601126321952411
                         1248056997965154100534069188215740843543339852265319
                         416018999321718033511356396071913614514446617421773
                       2080094996608590167556781980359568072572233087108865
                      3328151994573744268090851168575308916115572939374184
                     1248056997965154100534069188215740843543339852265319
                    1248056997965154100534069188215740843543339852265319
                    832037998643436067022712792143827229028893234843546
                  2912132995252026234579494772503395301601126321952411
                 3328151994573744268090851168575308916115572939374184
                2912132995252026234579494772503395301601126321952411
               1248056997965154100534069188215740843543339852265319
              2912132995252026234579494772503395301601126321952411
              832037998643436067022712792143827229028893234843546
            3328151994573744268090851168575308916115572939374184
           2496113995930308201068138376431481687086679704530638
          2496113995930308201068138376431481687086679704530638
         1664075997286872134045425584287654458057786469687092
        2080094996608590167556781980359568072572233087108865
       2496113995930308201068138376431481687086679704530638
      1248056997965154100534069188215740843543339852265319
     2912132995252026234579494772503395301601126321952411
    2080094996608590167556781980359568072572233087108865
   2496113995930308201068138376431481687086679704530638
  3328151994573744268090851168575308916115572939374184
  416018999321718033511356396071913614514446617421773
3744170993895462301602207564647222530630019556795957
------------------------------------------------------------------------------------------------------------------------------------
382178917901035334891007733339341799115616690412270899447547440125139257923355276835730279072234734628445341960991091273605448817709

