                                                                                                     61
 *76954582121626273903465174790318903452664737464754091618087128918354621094841216726898797419311247709
 ------------------------------------------------------------------------------------------------------
                                                                                                    549
                                                                                                     0
                                                                                                  427
                                                                                                 427
                                                                                                244
                                                                                               122
                                                                                               61
                                                                                              61
                                                                                            183
                                                                                           549
                                                                                           61
                                                                                         244
                                                                                        427
                                                                                       549
                                                                                      427
                                                                                     488
                                                                                    549
                                                                                   488
                                                                                  366
                                                                                 122
                                                                                427
                                                                               366
                                                                               61
                                                                             122
                                                                             61
                                                                           244
                                                                          488
                                                                         244
                                                                        549
                                                                         0
                                                                       61
                                                                     122
                                                                    366
                                                                   244
                                                                  305
                                                                 183
                                                                488
                                                                61
                                                              549
                                                             488
                                                            122
                                                            61
                                                          427
                                                         488
                                                          0
                                                       488
                                                       61
                                                     366
                                                     61
                                                   549
                                                    0
                                                 244
                                                305
                                               427
                                              244
                                             366
                                            244
                                           427
                                          183
                                         427
                                        244
                                       366
                                      366
                                     122
                                    305
                                   244
                                  183
                                   0
                                549
                               488
                               61
                             183
                              0
                           549
                          427
                         244
                        427
                        61
                      305
                     366
                    244
                   183
                    0
                 549
                183
               427
              122
             366
            122
           366
           61
         122
         61
       122
      488
     305
    244
   305
  549
 366
427
-------------------------------------------------------------------------------------------------------
4694229509419202708111375662209453110612548985349999588703314864019631886785314220340826642577986110249

