                                                            14490869965896985378155609635425964950856435123651466936999442939334419062674030187880
                                                                                    *5704156186420830902577518795586056472181723717807064826695254
                                                            --------------------------------------------------------------------------------------
                                                            57963479863587941512622438541703859803425740494605867747997771757337676250696120751520
                                                           72454349829484926890778048177129824754282175618257334684997214696672095313370150939400
                                                          28981739931793970756311219270851929901712870247302933873998885878668838125348060375760
                                                         72454349829484926890778048177129824754282175618257334684997214696672095313370150939400
                                                       130417829693072868403400486718833684557707916112863202432994986454009771564066271690920
                                                       86945219795381912268933657812555789705138610741908801621996657636006514376044181127280
                                                      86945219795381912268933657812555789705138610741908801621996657636006514376044181127280
                                                     28981739931793970756311219270851929901712870247302933873998885878668838125348060375760
                                                   115926959727175883025244877083407719606851480989211735495995543514675352501392241503040
                                                   57963479863587941512622438541703859803425740494605867747997771757337676250696120751520
                                                  86945219795381912268933657812555789705138610741908801621996657636006514376044181127280
                                                                                                                                      0
                                               101436089761278897647089267447981754655995045865560268558996100575340933438718211315160
                                                                                                                                    0
                                             115926959727175883025244877083407719606851480989211735495995543514675352501392241503040
                                            101436089761278897647089267447981754655995045865560268558996100575340933438718211315160
                                            14490869965896985378155609635425964950856435123651466936999442939334419062674030187880
                                          101436089761278897647089267447981754655995045865560268558996100575340933438718211315160
                                          43472609897690956134466828906277894852569305370954400810998328818003257188022090563640
                                         28981739931793970756311219270851929901712870247302933873998885878668838125348060375760
                                       101436089761278897647089267447981754655995045865560268558996100575340933438718211315160
                                       14490869965896985378155609635425964950856435123651466936999442939334419062674030187880
                                     115926959727175883025244877083407719606851480989211735495995543514675352501392241503040
                                     14490869965896985378155609635425964950856435123651466936999442939334419062674030187880
                                    28981739931793970756311219270851929901712870247302933873998885878668838125348060375760
                                  101436089761278897647089267447981754655995045865560268558996100575340933438718211315160
                                  57963479863587941512622438541703859803425740494605867747997771757337676250696120751520
                                 86945219795381912268933657812555789705138610741908801621996657636006514376044181127280
                                72454349829484926890778048177129824754282175618257334684997214696672095313370150939400
                                                                                                                    0
                              86945219795381912268933657812555789705138610741908801621996657636006514376044181127280
                            115926959727175883025244877083407719606851480989211735495995543514675352501392241503040
                            72454349829484926890778048177129824754282175618257334684997214696672095313370150939400
                           72454349829484926890778048177129824754282175618257334684997214696672095313370150939400
                         130417829693072868403400486718833684557707916112863202432994986454009771564066271690920
                        101436089761278897647089267447981754655995045865560268558996100575340933438718211315160
                       115926959727175883025244877083407719606851480989211735495995543514675352501392241503040
                       14490869965896985378155609635425964950856435123651466936999442939334419062674030187880
                      72454349829484926890778048177129824754282175618257334684997214696672095313370150939400
                    101436089761278897647089267447981754655995045865560268558996100575340933438718211315160
                   101436089761278897647089267447981754655995045865560268558996100575340933438718211315160
                   72454349829484926890778048177129824754282175618257334684997214696672095313370150939400
                  28981739931793970756311219270851929901712870247302933873998885878668838125348060375760
                                                                                                      0
               130417829693072868403400486718833684557707916112863202432994986454009771564066271690920
                                                                                                    0
              43472609897690956134466828906277894852569305370954400810998328818003257188022090563640
            115926959727175883025244877083407719606851480989211735495995543514675352501392241503040
                                                                                                 0
           28981739931793970756311219270851929901712870247302933873998885878668838125348060375760
          57963479863587941512622438541703859803425740494605867747997771757337676250696120751520
         86945219795381912268933657812555789705138610741908801621996657636006514376044181127280
       115926959727175883025244877083407719606851480989211735495995543514675352501392241503040
       14490869965896985378155609635425964950856435123651466936999442939334419062674030187880
      86945219795381912268933657812555789705138610741908801621996657636006514376044181127280
     72454349829484926890778048177129824754282175618257334684997214696672095313370150939400
    14490869965896985378155609635425964950856435123651466936999442939334419062674030187880
   57963479863587941512622438541703859803425740494605867747997771757337676250696120751520
                                                                                       0
101436089761278897647089267447981754655995045865560268558996100575340933438718211315160
72454349829484926890778048177129824754282175618257334684997214696672095313370150939400
--------------------------------------------------------------------------------------------------------------------------------------------------
82658185562591104070439757337985245239465849722734079222031562685346614089852881308708552859999888115177011732382702862443873409260489693124321520

