                                                                               733980314751063075
                 *1929389792500244224549200363439431469448698623155509530676910854090945705678983
                 --------------------------------------------------------------------------------
                                                                              2201940944253189225
                                                                             5871842518008504600
                                                                            6605822832759567675
                                                                           5871842518008504600
                                                                          5137862203257441525
                                                                         4403881888506378450
                                                                        3669901573755315375
                                                                                         0
                                                                      5137862203257441525
                                                                     3669901573755315375
                                                                    2935921259004252300
                                                                   6605822832759567675
                                                                                    0
                                                                 6605822832759567675
                                                                                  0
                                                               2935921259004252300
                                                              3669901573755315375
                                                             5871842518008504600
                                                                              0
                                                            733980314751063075
                                                          6605822832759567675
                                                         4403881888506378450
                                                        5137862203257441525
                                                       4403881888506378450
                                                                        0
                                                     2201940944253189225
                                                    3669901573755315375
                                                   6605822832759567675
                                                                    0
                                                 3669901573755315375
                                                3669901573755315375
                                               3669901573755315375
                                               733980314751063075
                                             2201940944253189225
                                            1467960629502126150
                                           4403881888506378450
                                          5871842518008504600
                                         6605822832759567675
                                        4403881888506378450
                                       5871842518008504600
                                      2935921259004252300
                                     2935921259004252300
                                    6605822832759567675
                                   4403881888506378450
                                  2935921259004252300
                                  733980314751063075
                                2201940944253189225
                               2935921259004252300
                              6605822832759567675
                             2201940944253189225
                            2935921259004252300
                           2201940944253189225
                          4403881888506378450
                         2201940944253189225
                                          0
                                         0
                      1467960629502126150
                     6605822832759567675
                    2935921259004252300
                   3669901573755315375
                  2935921259004252300
                 1467960629502126150
                1467960629502126150
               2935921259004252300
              2935921259004252300
             1467960629502126150
                              0
                             0
          3669901573755315375
         1467960629502126150
        6605822832759567675
       5137862203257441525
      6605822832759567675
     5871842518008504600
    2201940944253189225
   6605822832759567675
  1467960629502126150
 6605822832759567675
 733980314751063075
-------------------------------------------------------------------------------------------------
1416134127176817531440153956747100943683374198010956698811674852537688011185633536905963934852725

