                                                                                        70376586841227802869629767465043071639214436127404476442188793
                                                            *10027310564926101245909321218249251093049432153287877810931866891990305359665983670451545
                                                            ------------------------------------------------------------------------------------------
                                                                                       351882934206139014348148837325215358196072180637022382210943965
                                                                                      281506347364911211478519069860172286556857744509617905768755172
                                                                                     351882934206139014348148837325215358196072180637022382210943965
                                                                                     70376586841227802869629767465043071639214436127404476442188793
                                                                                   351882934206139014348148837325215358196072180637022382210943965
                                                                                  281506347364911211478519069860172286556857744509617905768755172
                                                                                                                                               0
                                                                                492636107888594620087408372255301501474501052891831335095321551
                                                                               422259521047366817217778604790258429835286616764426858653132758
                                                                              211129760523683408608889302395129214917643308382213429326566379
                                                                             563012694729822422957038139720344573113715489019235811537510344
                                                                            633389281571050225826667907185387644752929925146640287979699137
                                                                           351882934206139014348148837325215358196072180637022382210943965
                                                                          422259521047366817217778604790258429835286616764426858653132758
                                                                         422259521047366817217778604790258429835286616764426858653132758
                                                                        633389281571050225826667907185387644752929925146640287979699137
                                                                       351882934206139014348148837325215358196072180637022382210943965
                                                                      211129760523683408608889302395129214917643308382213429326566379
                                                                     351882934206139014348148837325215358196072180637022382210943965
                                                                                                                                  0
                                                                   211129760523683408608889302395129214917643308382213429326566379
                                                                                                                                0
                                                                 633389281571050225826667907185387644752929925146640287979699137
                                                                633389281571050225826667907185387644752929925146640287979699137
                                                                70376586841227802869629767465043071639214436127404476442188793
                                                              633389281571050225826667907185387644752929925146640287979699137
                                                             563012694729822422957038139720344573113715489019235811537510344
                                                            422259521047366817217778604790258429835286616764426858653132758
                                                           422259521047366817217778604790258429835286616764426858653132758
                                                          563012694729822422957038139720344573113715489019235811537510344
                                                          70376586841227802869629767465043071639214436127404476442188793
                                                        211129760523683408608889302395129214917643308382213429326566379
                                                       633389281571050225826667907185387644752929925146640287979699137
                                                                                                                    0
                                                      70376586841227802869629767465043071639214436127404476442188793
                                                    563012694729822422957038139720344573113715489019235811537510344
                                                   492636107888594620087408372255301501474501052891831335095321551
                                                  492636107888594620087408372255301501474501052891831335095321551
                                                 563012694729822422957038139720344573113715489019235811537510344
                                                492636107888594620087408372255301501474501052891831335095321551
                                               563012694729822422957038139720344573113715489019235811537510344
                                              140753173682455605739259534930086143278428872254808952884377586
                                             211129760523683408608889302395129214917643308382213429326566379
                                            351882934206139014348148837325215358196072180637022382210943965
                                            70376586841227802869629767465043071639214436127404476442188793
                                          140753173682455605739259534930086143278428872254808952884377586
                                         211129760523683408608889302395129214917643308382213429326566379
                                        281506347364911211478519069860172286556857744509617905768755172
                                       633389281571050225826667907185387644752929925146640287979699137
                                      281506347364911211478519069860172286556857744509617905768755172
                                                                                                   0
                                    211129760523683408608889302395129214917643308382213429326566379
                                   633389281571050225826667907185387644752929925146640287979699137
                                                                                                0
                                  70376586841227802869629767465043071639214436127404476442188793
                                351882934206139014348148837325215358196072180637022382210943965
                               140753173682455605739259534930086143278428872254808952884377586
                              633389281571050225826667907185387644752929925146640287979699137
                             281506347364911211478519069860172286556857744509617905768755172
                            140753173682455605739259534930086143278428872254808952884377586
                           563012694729822422957038139720344573113715489019235811537510344
                           70376586841227802869629767465043071639214436127404476442188793
                         140753173682455605739259534930086143278428872254808952884377586
                         70376586841227802869629767465043071639214436127404476442188793
                       140753173682455605739259534930086143278428872254808952884377586
                      211129760523683408608889302395129214917643308382213429326566379
                     633389281571050225826667907185387644752929925146640287979699137
                                                                                  0
                   633389281571050225826667907185387644752929925146640287979699137
                  351882934206139014348148837325215358196072180637022382210943965
                 281506347364911211478519069860172286556857744509617905768755172
                140753173682455605739259534930086143278428872254808952884377586
                70376586841227802869629767465043071639214436127404476442188793
                                                                            0
              70376586841227802869629767465043071639214436127404476442188793
            422259521047366817217778604790258429835286616764426858653132758
           140753173682455605739259534930086143278428872254808952884377586
          633389281571050225826667907185387644752929925146640287979699137
         281506347364911211478519069860172286556857744509617905768755172
        422259521047366817217778604790258429835286616764426858653132758
       351882934206139014348148837325215358196072180637022382210943965
                                                                    0
      70376586841227802869629767465043071639214436127404476442188793
    211129760523683408608889302395129214917643308382213429326566379
   492636107888594620087408372255301501474501052891831335095321551
  140753173682455605739259534930086143278428872254808952884377586
                                                               0
                                                              0
70376586841227802869629767465043071639214436127404476442188793
------------------------------------------------------------------------------------------------------------------------------------------------------
705687892756482783201654691319958072817480543581553548240655102672227543949799620337312300315173804343715645252540221421679881754187976510098448535185

