                                                                                  849929445909893716706916262040924827861352231513293894511725718290077103437699918307859
                                                                                      *9314133424401605042632650958717659162404855016520884059145926782608849334836498587
                                                                                 ----------------------------------------------------------------------------------------
                                                                                 5949506121369256016948413834286473795029465620593057261582080028030539724063899428155013
                                                                                6799435567279149733655330096327398622890817852106351156093805746320616827501599346462872
                                                                               4249647229549468583534581310204624139306761157566469472558628591450385517188499591539295
                                                                              6799435567279149733655330096327398622890817852106351156093805746320616827501599346462872
                                                                             7649365013189043450362246358368323450752170083619645050605531464610693930939299264770731
                                                                            3399717783639574866827665048163699311445408926053175578046902873160308413750799673231436
                                                                           5099576675459362300241497572245548967168113389079763367070354309740462620626199509847154
                                                                          2549788337729681150120748786122774483584056694539881683535177154870231310313099754923577
                                                                         6799435567279149733655330096327398622890817852106351156093805746320616827501599346462872
                                                                        3399717783639574866827665048163699311445408926053175578046902873160308413750799673231436
                                                                       2549788337729681150120748786122774483584056694539881683535177154870231310313099754923577
                                                                      2549788337729681150120748786122774483584056694539881683535177154870231310313099754923577
                                                                     7649365013189043450362246358368323450752170083619645050605531464610693930939299264770731
                                                                    3399717783639574866827665048163699311445408926053175578046902873160308413750799673231436
                                                                   6799435567279149733655330096327398622890817852106351156093805746320616827501599346462872
                                                                  6799435567279149733655330096327398622890817852106351156093805746320616827501599346462872
                                                                                                                                                        0
                                                                5099576675459362300241497572245548967168113389079763367070354309740462620626199509847154
                                                               1699858891819787433413832524081849655722704463026587789023451436580154206875399836615718
                                                              6799435567279149733655330096327398622890817852106351156093805746320616827501599346462872
                                                             5949506121369256016948413834286473795029465620593057261582080028030539724063899428155013
                                                            5099576675459362300241497572245548967168113389079763367070354309740462620626199509847154
                                                           1699858891819787433413832524081849655722704463026587789023451436580154206875399836615718
                                                          7649365013189043450362246358368323450752170083619645050605531464610693930939299264770731
                                                         4249647229549468583534581310204624139306761157566469472558628591450385517188499591539295
                                                        3399717783639574866827665048163699311445408926053175578046902873160308413750799673231436
                                                        849929445909893716706916262040924827861352231513293894511725718290077103437699918307859
                                                      7649365013189043450362246358368323450752170083619645050605531464610693930939299264770731
                                                     4249647229549468583534581310204624139306761157566469472558628591450385517188499591539295
                                                                                                                                           0
                                                   3399717783639574866827665048163699311445408926053175578046902873160308413750799673231436
                                                  6799435567279149733655330096327398622890817852106351156093805746320616827501599346462872
                                                 6799435567279149733655330096327398622890817852106351156093805746320616827501599346462872
                                                                                                                                       0
                                               1699858891819787433413832524081849655722704463026587789023451436580154206875399836615718
                                              4249647229549468583534581310204624139306761157566469472558628591450385517188499591539295
                                             5099576675459362300241497572245548967168113389079763367070354309740462620626199509847154
                                             849929445909893716706916262040924827861352231513293894511725718290077103437699918307859
                                                                                                                                  0
                                          4249647229549468583534581310204624139306761157566469472558628591450385517188499591539295
                                         4249647229549468583534581310204624139306761157566469472558628591450385517188499591539295
                                        6799435567279149733655330096327398622890817852106351156093805746320616827501599346462872
                                       3399717783639574866827665048163699311445408926053175578046902873160308413750799673231436
                                                                                                                             0
                                     3399717783639574866827665048163699311445408926053175578046902873160308413750799673231436
                                    1699858891819787433413832524081849655722704463026587789023451436580154206875399836615718
                                   5099576675459362300241497572245548967168113389079763367070354309740462620626199509847154
                                   849929445909893716706916262040924827861352231513293894511725718290077103437699918307859
                                 7649365013189043450362246358368323450752170083619645050605531464610693930939299264770731
                                4249647229549468583534581310204624139306761157566469472558628591450385517188499591539295
                               5099576675459362300241497572245548967168113389079763367070354309740462620626199509847154
                              5949506121369256016948413834286473795029465620593057261582080028030539724063899428155013
                              849929445909893716706916262040924827861352231513293894511725718290077103437699918307859
                            5949506121369256016948413834286473795029465620593057261582080028030539724063899428155013
                           6799435567279149733655330096327398622890817852106351156093805746320616827501599346462872
                          4249647229549468583534581310204624139306761157566469472558628591450385517188499591539295
                         7649365013189043450362246358368323450752170083619645050605531464610693930939299264770731
                                                                                                               0
                       4249647229549468583534581310204624139306761157566469472558628591450385517188499591539295
                      5099576675459362300241497572245548967168113389079763367070354309740462620626199509847154
                     1699858891819787433413832524081849655722704463026587789023451436580154206875399836615718
                    2549788337729681150120748786122774483584056694539881683535177154870231310313099754923577
                   5099576675459362300241497572245548967168113389079763367070354309740462620626199509847154
                  1699858891819787433413832524081849655722704463026587789023451436580154206875399836615718
                 3399717783639574866827665048163699311445408926053175578046902873160308413750799673231436
                                                                                                       0
               4249647229549468583534581310204624139306761157566469472558628591450385517188499591539295
                                                                                                     0
             5099576675459362300241497572245548967168113389079763367070354309740462620626199509847154
             849929445909893716706916262040924827861352231513293894511725718290077103437699918307859
                                                                                                  0
          3399717783639574866827665048163699311445408926053175578046902873160308413750799673231436
         3399717783639574866827665048163699311445408926053175578046902873160308413750799673231436
        1699858891819787433413832524081849655722704463026587789023451436580154206875399836615718
       3399717783639574866827665048163699311445408926053175578046902873160308413750799673231436
      2549788337729681150120748786122774483584056694539881683535177154870231310313099754923577
     2549788337729681150120748786122774483584056694539881683535177154870231310313099754923577
     849929445909893716706916262040924827861352231513293894511725718290077103437699918307859
   3399717783639574866827665048163699311445408926053175578046902873160308413750799673231436
   849929445909893716706916262040924827861352231513293894511725718290077103437699918307859
 2549788337729681150120748786122774483584056694539881683535177154870231310313099754923577
7649365013189043450362246358368323450752170083619645050605531464610693930939299264770731
-------------------------------------------------------------------------------------------------------------------------------------------------------------------------
7916356260532477110426864241355400697970023909099414803102288800302322219630449473372550051971481682151938224872203873172084102925825375597912008080021183310445484495233

