                                      510981400410608271115159235161023011162213273191212727750367579
                                                              *87009721864506519737004518283971782754
                                     ----------------------------------------------------------------
                                     2043925601642433084460636940644092044648853092764850911001470316
                                    2554907002053041355575796175805115055811066365956063638751837895
                                   3576869802874257897806114646127161078135492912338489094252573053
                                  1021962800821216542230318470322046022324426546382425455500735158
                                 4087851203284866168921273881288184089297706185529701822002940632
                                3576869802874257897806114646127161078135492912338489094252573053
                                510981400410608271115159235161023011162213273191212727750367579
                              3576869802874257897806114646127161078135492912338489094252573053
                             4598832603695474440036433116449207100459919458720914549753308211
                            1532944201231824813345477705483069033486639819573638183251102737
                           4087851203284866168921273881288184089297706185529701822002940632
                          1021962800821216542230318470322046022324426546382425455500735158
                         4087851203284866168921273881288184089297706185529701822002940632
                         510981400410608271115159235161023011162213273191212727750367579
                       2554907002053041355575796175805115055811066365956063638751837895
                      2043925601642433084460636940644092044648853092764850911001470316
                                                                                    0
                                                                                   0
                   3576869802874257897806114646127161078135492912338489094252573053
                  1532944201231824813345477705483069033486639819573638183251102737
                 3576869802874257897806114646127161078135492912338489094252573053
                4598832603695474440036433116449207100459919458720914549753308211
                510981400410608271115159235161023011162213273191212727750367579
              2554907002053041355575796175805115055811066365956063638751837895
             3065888402463649626690955410966138066973279639147276366502205474
                                                                           0
           2554907002053041355575796175805115055811066365956063638751837895
          2043925601642433084460636940644092044648853092764850911001470316
         3065888402463649626690955410966138066973279639147276366502205474
        4087851203284866168921273881288184089297706185529701822002940632
        510981400410608271115159235161023011162213273191212727750367579
      1021962800821216542230318470322046022324426546382425455500735158
     3576869802874257897806114646127161078135492912338489094252573053
    4598832603695474440036433116449207100459919458720914549753308211
                                                                  0
                                                                 0
 3576869802874257897806114646127161078135492912338489094252573053
4087851203284866168921273881288184089297706185529701822002940632
-----------------------------------------------------------------------------------------------------
44460349527663063229338091917998210964339663466815288607118215307843438611342695910249051287432932566

