                                                                                                     65676072317567460569107871949615282990231998735781702490684546175364498587450939100359417872589026565
                                                                                                    *32406016317411905074799690865518769460091732932430910980966417394230239413606950042030037688417931964
                                                                                                    ------------------------------------------------------------------------------------------------------
                                                                                                    262704289270269842276431487798461131960927994943126809962738184701457994349803756401437671490356106260
                                                                                                   394056433905404763414647231697691697941391992414690214944107277052186991524705634602156507235534159390
                                                                                                  591084650858107145121970847546537546912087988622035322416160915578280487287058451903234760853301239085
                                                                                                  65676072317567460569107871949615282990231998735781702490684546175364498587450939100359417872589026565
                                                                                                197028216952702381707323615848845848970695996207345107472053638526093495762352817301078253617767079695
                                                                                               591084650858107145121970847546537546912087988622035322416160915578280487287058451903234760853301239085
                                                                                              459732506222972223983755103647306980931623991150471917434791823227551490112156573702515925108123185955
                                                                                              65676072317567460569107871949615282990231998735781702490684546175364498587450939100359417872589026565
                                                                                            262704289270269842276431487798461131960927994943126809962738184701457994349803756401437671490356106260
                                                                                           525408578540539684552862975596922263921855989886253619925476369402915988699607512802875342980712212520
                                                                                          525408578540539684552862975596922263921855989886253619925476369402915988699607512802875342980712212520
                                                                                         394056433905404763414647231697691697941391992414690214944107277052186991524705634602156507235534159390
                                                                                        459732506222972223983755103647306980931623991150471917434791823227551490112156573702515925108123185955
                                                                                       197028216952702381707323615848845848970695996207345107472053638526093495762352817301078253617767079695
                                                                                                                                                                                           0
                                                                                                                                                                                          0
                                                                                    197028216952702381707323615848845848970695996207345107472053638526093495762352817301078253617767079695
                                                                                                                                                                                        0
                                                                                  131352144635134921138215743899230565980463997471563404981369092350728997174901878200718835745178053130
                                                                                 262704289270269842276431487798461131960927994943126809962738184701457994349803756401437671490356106260
                                                                                                                                                                                     0
                                                                                                                                                                                    0
                                                                              328380361587837302845539359748076414951159993678908512453422730876822492937254695501797089362945132825
                                                                             591084650858107145121970847546537546912087988622035322416160915578280487287058451903234760853301239085
                                                                            394056433905404763414647231697691697941391992414690214944107277052186991524705634602156507235534159390
                                                                                                                                                                                0
                                                                          394056433905404763414647231697691697941391992414690214944107277052186991524705634602156507235534159390
                                                                         197028216952702381707323615848845848970695996207345107472053638526093495762352817301078253617767079695
                                                                         65676072317567460569107871949615282990231998735781702490684546175364498587450939100359417872589026565
                                                                       262704289270269842276431487798461131960927994943126809962738184701457994349803756401437671490356106260
                                                                      591084650858107145121970847546537546912087988622035322416160915578280487287058451903234760853301239085
                                                                     197028216952702381707323615848845848970695996207345107472053638526093495762352817301078253617767079695
                                                                    131352144635134921138215743899230565980463997471563404981369092350728997174901878200718835745178053130
                                                                                                                                                                        0
                                                                  197028216952702381707323615848845848970695996207345107472053638526093495762352817301078253617767079695
                                                                 131352144635134921138215743899230565980463997471563404981369092350728997174901878200718835745178053130
                                                                262704289270269842276431487798461131960927994943126809962738184701457994349803756401437671490356106260
                                                               591084650858107145121970847546537546912087988622035322416160915578280487287058451903234760853301239085
                                                              197028216952702381707323615848845848970695996207345107472053638526093495762352817301078253617767079695
                                                             459732506222972223983755103647306980931623991150471917434791823227551490112156573702515925108123185955
                                                             65676072317567460569107871949615282990231998735781702490684546175364498587450939100359417872589026565
                                                           262704289270269842276431487798461131960927994943126809962738184701457994349803756401437671490356106260
                                                          394056433905404763414647231697691697941391992414690214944107277052186991524705634602156507235534159390
                                                         394056433905404763414647231697691697941391992414690214944107277052186991524705634602156507235534159390
                                                        591084650858107145121970847546537546912087988622035322416160915578280487287058451903234760853301239085
                                                                                                                                                            0
                                                      525408578540539684552862975596922263921855989886253619925476369402915988699607512802875342980712212520
                                                     591084650858107145121970847546537546912087988622035322416160915578280487287058451903234760853301239085
                                                                                                                                                         0
                                                    65676072317567460569107871949615282990231998735781702490684546175364498587450939100359417872589026565
                                                  591084650858107145121970847546537546912087988622035322416160915578280487287058451903234760853301239085
                                                                                                                                                      0
                                                197028216952702381707323615848845848970695996207345107472053638526093495762352817301078253617767079695
                                               262704289270269842276431487798461131960927994943126809962738184701457994349803756401437671490356106260
                                              131352144635134921138215743899230565980463997471563404981369092350728997174901878200718835745178053130
                                             197028216952702381707323615848845848970695996207345107472053638526093495762352817301078253617767079695
                                            591084650858107145121970847546537546912087988622035322416160915578280487287058451903234760853301239085
                                           131352144635134921138215743899230565980463997471563404981369092350728997174901878200718835745178053130
                                          197028216952702381707323615848845848970695996207345107472053638526093495762352817301078253617767079695
                                         459732506222972223983755103647306980931623991150471917434791823227551490112156573702515925108123185955
                                         65676072317567460569107871949615282990231998735781702490684546175364498587450939100359417872589026565
                                       591084650858107145121970847546537546912087988622035322416160915578280487287058451903234760853301239085
                                                                                                                                           0
                                                                                                                                          0
                                    394056433905404763414647231697691697941391992414690214944107277052186991524705634602156507235534159390
                                   262704289270269842276431487798461131960927994943126809962738184701457994349803756401437671490356106260
                                  591084650858107145121970847546537546912087988622035322416160915578280487287058451903234760853301239085
                                 394056433905404763414647231697691697941391992414690214944107277052186991524705634602156507235534159390
                                459732506222972223983755103647306980931623991150471917434791823227551490112156573702515925108123185955
                               525408578540539684552862975596922263921855989886253619925476369402915988699607512802875342980712212520
                               65676072317567460569107871949615282990231998735781702490684546175364498587450939100359417872589026565
                             328380361587837302845539359748076414951159993678908512453422730876822492937254695501797089362945132825
                            328380361587837302845539359748076414951159993678908512453422730876822492937254695501797089362945132825
                           394056433905404763414647231697691697941391992414690214944107277052186991524705634602156507235534159390
                          525408578540539684552862975596922263921855989886253619925476369402915988699607512802875342980712212520
                                                                                                                              0
                        591084650858107145121970847546537546912087988622035322416160915578280487287058451903234760853301239085
                       394056433905404763414647231697691697941391992414690214944107277052186991524705634602156507235534159390
                      591084650858107145121970847546537546912087988622035322416160915578280487287058451903234760853301239085
                     591084650858107145121970847546537546912087988622035322416160915578280487287058451903234760853301239085
                    459732506222972223983755103647306980931623991150471917434791823227551490112156573702515925108123185955
                   262704289270269842276431487798461131960927994943126809962738184701457994349803756401437671490356106260
                  459732506222972223983755103647306980931623991150471917434791823227551490112156573702515925108123185955
                                                                                                                      0
                328380361587837302845539359748076414951159993678908512453422730876822492937254695501797089362945132825
                                                                                                                    0
              591084650858107145121970847546537546912087988622035322416160915578280487287058451903234760853301239085
              65676072317567460569107871949615282990231998735781702490684546175364498587450939100359417872589026565
             65676072317567460569107871949615282990231998735781702490684546175364498587450939100359417872589026565
           262704289270269842276431487798461131960927994943126809962738184701457994349803756401437671490356106260
          459732506222972223983755103647306980931623991150471917434791823227551490112156573702515925108123185955
          65676072317567460569107871949615282990231998735781702490684546175364498587450939100359417872589026565
        197028216952702381707323615848845848970695996207345107472053638526093495762352817301078253617767079695
       394056433905404763414647231697691697941391992414690214944107277052186991524705634602156507235534159390
       65676072317567460569107871949615282990231998735781702490684546175364498587450939100359417872589026565
                                                                                                          0
    394056433905404763414647231697691697941391992414690214944107277052186991524705634602156507235534159390
                                                                                                        0
  262704289270269842276431487798461131960927994943126809962738184701457994349803756401437671490356106260
 131352144635134921138215743899230565980463997471563404981369092350728997174901878200718835745178053130
197028216952702381707323615848845848970695996207345107472053638526093495762352817301078253617767079695
----------------------------------------------------------------------------------------------------------------------------------------------------------------------------------------------------------
2128299871186615440431281335993598740378912855193827179878505511695744005374335154240772283573083086788147618779819404395453143287278775902279468707515159588218334103962660281141923279571015357158623660

