                                                                        18207357131937829364461603050020850686390493275111658728023025011179809858175696852634547840451578
                                                                                                 *559434342911597861325110156313279113658849009886928439555186503425781565
                                                                        --------------------------------------------------------------------------------------------------
                                                                        91036785659689146822308015250104253431952466375558293640115125055899049290878484263172739202257890
                                                                      109244142791626976186769618300125104118342959650669952368138150067078859149054181115807287042709468
                                                                      91036785659689146822308015250104253431952466375558293640115125055899049290878484263172739202257890
                                                                     18207357131937829364461603050020850686390493275111658728023025011179809858175696852634547840451578
                                                                   145658857055502634915692824400166805491123946200893269824184200089438478865405574821076382723612624
                                                                  127451499923564805551231221350145954804733452925781611096161175078258669007229877968441834883161046
                                                                  91036785659689146822308015250104253431952466375558293640115125055899049290878484263172739202257890
                                                                 36414714263875658728923206100041701372780986550223317456046050022359619716351393705269095680903156
                                                                72829428527751317457846412200083402745561973100446634912092100044719239432702787410538191361806312
                                                               54622071395813488093384809150062552059171479825334976184069075033539429574527090557903643521354734
                                                                                                                                                               0
                                                             91036785659689146822308015250104253431952466375558293640115125055899049290878484263172739202257890
                                                           109244142791626976186769618300125104118342959650669952368138150067078859149054181115807287042709468
                                                          145658857055502634915692824400166805491123946200893269824184200089438478865405574821076382723612624
                                                          18207357131937829364461603050020850686390493275111658728023025011179809858175696852634547840451578
                                                         91036785659689146822308015250104253431952466375558293640115125055899049290878484263172739202257890
                                                        91036785659689146822308015250104253431952466375558293640115125055899049290878484263172739202257890
                                                       91036785659689146822308015250104253431952466375558293640115125055899049290878484263172739202257890
                                                     163866214187440464280154427450187656177514439476004928552207225100618288723581271673710930564064202
                                                     54622071395813488093384809150062552059171479825334976184069075033539429574527090557903643521354734
                                                    72829428527751317457846412200083402745561973100446634912092100044719239432702787410538191361806312
                                                  145658857055502634915692824400166805491123946200893269824184200089438478865405574821076382723612624
                                                  36414714263875658728923206100041701372780986550223317456046050022359619716351393705269095680903156
                                                163866214187440464280154427450187656177514439476004928552207225100618288723581271673710930564064202
                                               109244142791626976186769618300125104118342959650669952368138150067078859149054181115807287042709468
                                              145658857055502634915692824400166805491123946200893269824184200089438478865405574821076382723612624
                                             145658857055502634915692824400166805491123946200893269824184200089438478865405574821076382723612624
                                            163866214187440464280154427450187656177514439476004928552207225100618288723581271673710930564064202
                                                                                                                                             0
                                                                                                                                            0
                                         163866214187440464280154427450187656177514439476004928552207225100618288723581271673710930564064202
                                         72829428527751317457846412200083402745561973100446634912092100044719239432702787410538191361806312
                                       145658857055502634915692824400166805491123946200893269824184200089438478865405574821076382723612624
                                      145658857055502634915692824400166805491123946200893269824184200089438478865405574821076382723612624
                                      91036785659689146822308015250104253431952466375558293640115125055899049290878484263172739202257890
                                    109244142791626976186769618300125104118342959650669952368138150067078859149054181115807287042709468
                                    54622071395813488093384809150062552059171479825334976184069075033539429574527090557903643521354734
                                   18207357131937829364461603050020850686390493275111658728023025011179809858175696852634547840451578
                                  18207357131937829364461603050020850686390493275111658728023025011179809858175696852634547840451578
                                163866214187440464280154427450187656177514439476004928552207225100618288723581271673710930564064202
                               127451499923564805551231221350145954804733452925781611096161175078258669007229877968441834883161046
                               36414714263875658728923206100041701372780986550223317456046050022359619716351393705269095680903156
                              54622071395813488093384809150062552059171479825334976184069075033539429574527090557903643521354734
                             18207357131937829364461603050020850686390493275111658728023025011179809858175696852634547840451578
                            54622071395813488093384809150062552059171479825334976184069075033539429574527090557903643521354734
                          109244142791626976186769618300125104118342959650669952368138150067078859149054181115807287042709468
                          91036785659689146822308015250104253431952466375558293640115125055899049290878484263172739202257890
                         18207357131937829364461603050020850686390493275111658728023025011179809858175696852634547840451578
                                                                                                                         0
                       18207357131937829364461603050020850686390493275111658728023025011179809858175696852634547840451578
                      18207357131937829364461603050020850686390493275111658728023025011179809858175696852634547840451578
                     91036785659689146822308015250104253431952466375558293640115125055899049290878484263172739202257890
                    36414714263875658728923206100041701372780986550223317456046050022359619716351393705269095680903156
                   54622071395813488093384809150062552059171479825334976184069075033539429574527090557903643521354734
                  18207357131937829364461603050020850686390493275111658728023025011179809858175696852634547840451578
                109244142791626976186769618300125104118342959650669952368138150067078859149054181115807287042709468
               145658857055502634915692824400166805491123946200893269824184200089438478865405574821076382723612624
              127451499923564805551231221350145954804733452925781611096161175078258669007229877968441834883161046
             163866214187440464280154427450187656177514439476004928552207225100618288723581271673710930564064202
             91036785659689146822308015250104253431952466375558293640115125055899049290878484263172739202257890
            18207357131937829364461603050020850686390493275111658728023025011179809858175696852634547840451578
           18207357131937829364461603050020850686390493275111658728023025011179809858175696852634547840451578
         163866214187440464280154427450187656177514439476004928552207225100618288723581271673710930564064202
         36414714263875658728923206100041701372780986550223317456046050022359619716351393705269095680903156
        72829428527751317457846412200083402745561973100446634912092100044719239432702787410538191361806312
       54622071395813488093384809150062552059171479825334976184069075033539429574527090557903643521354734
      72829428527751317457846412200083402745561973100446634912092100044719239432702787410538191361806312
     54622071395813488093384809150062552059171479825334976184069075033539429574527090557903643521354734
    72829428527751317457846412200083402745561973100446634912092100044719239432702787410538191361806312
  163866214187440464280154427450187656177514439476004928552207225100618288723581271673710930564064202
  91036785659689146822308015250104253431952466375558293640115125055899049290878484263172739202257890
 91036785659689146822308015250104253431952466375558293640115125055899049290878484263172739202257890
--------------------------------------------------------------------------------------------------------------------------------------------------------------------------
10185820873262434577272871843395799438396296448612654529180779644765983807054951340174595457705590468277314693054280182112184441039071864407498334033567683226577187559570

