                                                                                      148911870825786607565941742636330222419
                                     *592070731497981165428061184335375582656706404510153069288621259818074744394856972279297
                                     ----------------------------------------------------------------------------------------
                                                                                     1042383095780506252961592198454311556933
                                                                                    1340206837432079468093475683726972001771
                                                                                    297823741651573215131883485272660444838
                                                                                  1340206837432079468093475683726972001771
                                                                                 1042383095780506252961592198454311556933
                                                                                 297823741651573215131883485272660444838
                                                                                297823741651573215131883485272660444838
                                                                              1042383095780506252961592198454311556933
                                                                             1340206837432079468093475683726972001771
                                                                             893471224954719645395650455817981334514
                                                                            744559354128933037829708713181651112095
                                                                          1191294966606292860527533941090641779352
                                                                          595647483303146430263766970545320889676
                                                                        1340206837432079468093475683726972001771
                                                                        446735612477359822697825227908990667257
                                                                       595647483303146430263766970545320889676
                                                                      595647483303146430263766970545320889676
                                                                    1042383095780506252961592198454311556933
                                                                    595647483303146430263766970545320889676
                                                                  1042383095780506252961592198454311556933
                                                                                                        0
                                                                1191294966606292860527533941090641779352
                                                                148911870825786607565941742636330222419
                                                              1191294966606292860527533941090641779352
                                                             1340206837432079468093475683726972001771
                                                             744559354128933037829708713181651112095
                                                            297823741651573215131883485272660444838
                                                           148911870825786607565941742636330222419
                                                          297823741651573215131883485272660444838
                                                         893471224954719645395650455817981334514
                                                       1191294966606292860527533941090641779352
                                                      1191294966606292860527533941090641779352
                                                      297823741651573215131883485272660444838
                                                    1340206837432079468093475683726972001771
                                                    893471224954719645395650455817981334514
                                                                                         0
                                                  446735612477359822697825227908990667257
                                                 744559354128933037829708713181651112095
                                                148911870825786607565941742636330222419
                                                                                     0
                                              148911870825786607565941742636330222419
                                             744559354128933037829708713181651112095
                                            595647483303146430263766970545320889676
                                                                                 0
                                          595647483303146430263766970545320889676
                                         893471224954719645395650455817981334514
                                                                              0
                                      1042383095780506252961592198454311556933
                                      893471224954719645395650455817981334514
                                     744559354128933037829708713181651112095
                                    893471224954719645395650455817981334514
                                   297823741651573215131883485272660444838
                                 1191294966606292860527533941090641779352
                                 744559354128933037829708713181651112095
                                744559354128933037829708713181651112095
                              1042383095780506252961592198454311556933
                              446735612477359822697825227908990667257
                             744559354128933037829708713181651112095
                            446735612477359822697825227908990667257
                           446735612477359822697825227908990667257
                          595647483303146430263766970545320889676
                        1191294966606292860527533941090641779352
                        148911870825786607565941742636330222419
                       148911870825786607565941742636330222419
                      893471224954719645395650455817981334514
                                                           0
                   1191294966606292860527533941090641779352
                   297823741651573215131883485272660444838
                  595647483303146430263766970545320889676
                 744559354128933037829708713181651112095
                893471224954719645395650455817981334514
               148911870825786607565941742636330222419
              148911870825786607565941742636330222419
            1191294966606292860527533941090641779352
           1340206837432079468093475683726972001771
          1042383095780506252961592198454311556933
         1340206837432079468093475683726972001771
         595647483303146430263766970545320889676
        148911870825786607565941742636330222419
       446735612477359822697825227908990667257
     1042383095780506252961592198454311556933
                                           0
   1042383095780506252961592198454311556933
                                         0
  297823741651573215131883485272660444838
1340206837432079468093475683726972001771
744559354128933037829708713181651112095
-----------------------------------------------------------------------------------------------------------------------------
88166360288556357371475376930474063673898577600969531354688475412628213864620054454709194239121306285015965445551977398959443

