                                                                      42541460275292546570802980387681935
                                  *2811097389835415218209686368203485694323216858389209177804634072531074
                                  -----------------------------------------------------------------------
                                                                     170165841101170186283211921550727740
                                                                    297790221927047825995620862713773545
                                                                                                      0
                                                                   42541460275292546570802980387681935
                                                                 127624380825877639712408941163045805
                                                                212707301376462732854014901938409675
                                                                85082920550585093141605960775363870
                                                              297790221927047825995620862713773545
                                                                                                0
                                                            170165841101170186283211921550727740
                                                           127624380825877639712408941163045805
                                                          255248761651755279424817882326091610
                                                         170165841101170186283211921550727740
                                                                                           0
                                                       340331682202340372566423843101455480
                                                      297790221927047825995620862713773545
                                                     297790221927047825995620862713773545
                                                     42541460275292546570802980387681935
                                                   382873142477632919137226823489137415
                                                                                     0
                                                  85082920550585093141605960775363870
                                                382873142477632919137226823489137415
                                               340331682202340372566423843101455480
                                              127624380825877639712408941163045805
                                             340331682202340372566423843101455480
                                            212707301376462732854014901938409675
                                           340331682202340372566423843101455480
                                          255248761651755279424817882326091610
                                          42541460275292546570802980387681935
                                         85082920550585093141605960775363870
                                       127624380825877639712408941163045805
                                       85082920550585093141605960775363870
                                     127624380825877639712408941163045805
                                    170165841101170186283211921550727740
                                   382873142477632919137226823489137415
                                  255248761651755279424817882326091610
                                 212707301376462732854014901938409675
                                340331682202340372566423843101455480
                               170165841101170186283211921550727740
                              127624380825877639712408941163045805
                                                                0
                             85082920550585093141605960775363870
                           340331682202340372566423843101455480
                          255248761651755279424817882326091610
                         127624380825877639712408941163045805
                        255248761651755279424817882326091610
                       340331682202340372566423843101455480
                      255248761651755279424817882326091610
                     382873142477632919137226823489137415
                                                       0
                    85082920550585093141605960775363870
                  340331682202340372566423843101455480
                  42541460275292546570802980387681935
                 85082920550585093141605960775363870
               212707301376462732854014901938409675
               42541460275292546570802980387681935
             170165841101170186283211921550727740
            212707301376462732854014901938409675
           127624380825877639712408941163045805
          340331682202340372566423843101455480
         382873142477632919137226823489137415
        340331682202340372566423843101455480
       127624380825877639712408941163045805
      297790221927047825995620862713773545
     382873142477632919137226823489137415
                                       0
    42541460275292546570802980387681935
   42541460275292546570802980387681935
 340331682202340372566423843101455480
 85082920550585093141605960775363870
---------------------------------------------------------------------------------------------------------
119588187939661882195187388911652372346136727077211650200606655370464013372652609155736771006297115948190

