                                           6152931675432449055494943629017732026194747982997437831204115988280809283072261014708
                                                                                    *8282307285476385668740012026725554784513161
                                           -------------------------------------------------------------------------------------
                                           6152931675432449055494943629017732026194747982997437831204115988280809283072261014708
                                         36917590052594694332969661774106392157168487897984626987224695929684855698433566088248
                                         6152931675432449055494943629017732026194747982997437831204115988280809283072261014708
                                       18458795026297347166484830887053196078584243948992313493612347964842427849216783044124
                                       6152931675432449055494943629017732026194747982997437831204115988280809283072261014708
                                     30764658377162245277474718145088660130973739914987189156020579941404046415361305073540
                                    24611726701729796221979774516070928104778991931989751324816463953123237132289044058832
                                   49223453403459592443959549032141856209557983863979502649632927906246474264578088117664
                                  43070521728027143388464605403124124183363235880982064818428811917965664981505827102956
                                 24611726701729796221979774516070928104778991931989751324816463953123237132289044058832
                                30764658377162245277474718145088660130973739914987189156020579941404046415361305073540
                               30764658377162245277474718145088660130973739914987189156020579941404046415361305073540
                              30764658377162245277474718145088660130973739914987189156020579941404046415361305073540
                             12305863350864898110989887258035464052389495965994875662408231976561618566144522029416
                            43070521728027143388464605403124124183363235880982064818428811917965664981505827102956
                           36917590052594694332969661774106392157168487897984626987224695929684855698433566088248
                          12305863350864898110989887258035464052389495965994875662408231976561618566144522029416
                                                                                                              0
                        12305863350864898110989887258035464052389495965994875662408231976561618566144522029416
                        6152931675432449055494943629017732026194747982997437831204115988280809283072261014708
                                                                                                           0
                                                                                                          0
                    24611726701729796221979774516070928104778991931989751324816463953123237132289044058832
                   43070521728027143388464605403124124183363235880982064818428811917965664981505827102956
                  49223453403459592443959549032141856209557983863979502649632927906246474264578088117664
                 36917590052594694332969661774106392157168487897984626987224695929684855698433566088248
                36917590052594694332969661774106392157168487897984626987224695929684855698433566088248
               30764658377162245277474718145088660130973739914987189156020579941404046415361305073540
              49223453403459592443959549032141856209557983863979502649632927906246474264578088117664
             18458795026297347166484830887053196078584243948992313493612347964842427849216783044124
            36917590052594694332969661774106392157168487897984626987224695929684855698433566088248
           43070521728027143388464605403124124183363235880982064818428811917965664981505827102956
          24611726701729796221979774516070928104778991931989751324816463953123237132289044058832
         30764658377162245277474718145088660130973739914987189156020579941404046415361305073540
        49223453403459592443959549032141856209557983863979502649632927906246474264578088117664
       12305863350864898110989887258035464052389495965994875662408231976561618566144522029416
      43070521728027143388464605403124124183363235880982064818428811917965664981505827102956
                                                                                          0
    18458795026297347166484830887053196078584243948992313493612347964842427849216783044124
   12305863350864898110989887258035464052389495965994875662408231976561618566144522029416
  49223453403459592443959549032141856209557983863979502649632927906246474264578088117664
 12305863350864898110989887258035464052389495965994875662408231976561618566144522029416
49223453403459592443959549032141856209557983863979502649632927906246474264578088117664
--------------------------------------------------------------------------------------------------------------------------------
50960470842472596808629630770896457213653721423674947095928775220733094011622316725336893668714504258225740447836728297640571988

