                                                                          2384910841316869
               *51905723656928741680789203371966057629084787551620798629956152868630639107
               ---------------------------------------------------------------------------
                                                                         16694375889218083
                                                                                        0
                                                                        2384910841316869
                                                                      21464197571851821
                                                                      7154732523950607
                                                                    14309465047901214
                                                                                   0
                                                                   7154732523950607
                                                                 14309465047901214
                                                                19079286730534952
                                                               14309465047901214
                                                              19079286730534952
                                                              4769821682633738
                                                            11924554206584345
                                                            2384910841316869
                                                          14309465047901214
                                                         11924554206584345
                                                        21464197571851821
                                                       21464197571851821
                                                       4769821682633738
                                                     14309465047901214
                                                    19079286730534952
                                                   21464197571851821
                                                  16694375889218083
                                                                 0
                                                 4769821682633738
                                               14309465047901214
                                               2384910841316869
                                             11924554206584345
                                            11924554206584345
                                           16694375889218083
                                          19079286730534952
                                         16694375889218083
                                         9539643365267476
                                       19079286730534952
                                                      0
                                     21464197571851821
                                     4769821682633738
                                   14309465047901214
                                  16694375889218083
                                 11924554206584345
                                                0
                               14309465047901214
                              14309465047901214
                             21464197571851821
                             2384910841316869
                           16694375889218083
                           7154732523950607
                          7154732523950607
                                        0
                        4769821682633738
                      21464197571851821
                     19079286730534952
                    16694375889218083
                                   0
                  19079286730534952
                 14309465047901214
                 2384910841316869
                9539643365267476
              16694375889218083
             19079286730534952
             4769821682633738
           21464197571851821
          14309465047901214
         11924554206584345
        14309465047901214
        7154732523950607
       4769821682633738
     16694375889218083
    11924554206584345
                   0
  21464197571851821
  2384910841316869
11924554206584345
------------------------------------------------------------------------------------------
123790523075806835548450086005205600406906579454912757320354907172126036234372980970195983

