       595170509226970784157864073777726244
                                   *3051287
      -------------------------------------
      4166193564588795489105048516444083708
     4761364073815766273262912590221809952
    1190341018453941568315728147555452488
    595170509226970784157864073777726244
  2975852546134853920789320368888631220
                                     0
1785511527680912352473592221333178732
-------------------------------------------
1816036037587636003080696596085016977876028

