                                  8932711070974481293532201793030824196293
                                       *4807399583015326019140074170474755
                                 -----------------------------------------
                                 44663555354872406467661008965154120981465
                                44663555354872406467661008965154120981465
                               62528977496821369054725412551215769374051
                              35730844283897925174128807172123296785172
                             62528977496821369054725412551215769374051
                            35730844283897925174128807172123296785172
                                                                   0
                          62528977496821369054725412551215769374051
                          8932711070974481293532201793030824196293
                        35730844283897925174128807172123296785172
                       62528977496821369054725412551215769374051
                                                              0
                                                             0
                    35730844283897925174128807172123296785172
                    8932711070974481293532201793030824196293
                  80394399638770331641789816137277417766637
                  8932711070974481293532201793030824196293
                                                        0
               53596266425846887761193210758184945177758
              17865422141948962587064403586061648392586
             26798133212923443880596605379092472588879
            44663555354872406467661008965154120981465
            8932711070974481293532201793030824196293
                                                  0
         26798133212923443880596605379092472588879
        71461688567795850348257614344246593570344
       44663555354872406467661008965154120981465
      80394399638770331641789816137277417766637
     80394399638770331641789816137277417766637
    26798133212923443880596605379092472588879
   62528977496821369054725412551215769374051
                                          0
 71461688567795850348257614344246593570344
35730844283897925174128807172123296785172
--------------------------------------------------------------------------
42943111477799107675014514839065466452069642225979231193529007993121083215

