                                                                                                     79
 *95940904501419962674495319267956440541901053040207657188014800555500600815110131906625437918963524594
 ------------------------------------------------------------------------------------------------------
                                                                                                    316
                                                                                                   711
                                                                                                  395
                                                                                                 316
                                                                                                158
                                                                                               395
                                                                                              237
                                                                                             474
                                                                                            711
                                                                                           632
                                                                                           79
                                                                                         711
                                                                                        553
                                                                                       237
                                                                                      316
                                                                                     395
                                                                                    158
                                                                                   474
                                                                                  474
                                                                                   0
                                                                                711
                                                                                79
                                                                              237
                                                                              79
                                                                              0
                                                                            79
                                                                           79
                                                                         395
                                                                         79
                                                                       632
                                                                        0
                                                                       0
                                                                    474
                                                                     0
                                                                    0
                                                                 395
                                                                395
                                                               395
                                                              395
                                                               0
                                                              0
                                                           632
                                                          316
                                                          79
                                                          0
                                                       632
                                                      632
                                                      79
                                                    553
                                                   395
                                                  474
                                                 553
                                                  0
                                               158
                                                0
                                             316
                                              0
                                           237
                                          395
                                           0
                                         79
                                         0
                                      711
                                      79
                                    316
                                   395
                                    0
                                 316
                                316
                               474
                              395
                             711
                            553
                           474
                          158
                         711
                         79
                       237
                      395
                     711
                    316
                   316
                  553
                 474
                158
               474
              711
             711
             79
           316
           79
           0
        395
       316
        0
     711
      0
   316
  711
 395
711
-------------------------------------------------------------------------------------------------------
7579331455612177051285130222168558802810183190176404917853169243884547464393700420623409595598118442926

