                                                           94560492894755107690604535371930396436625101612381352805332536
                                                             *56520987248254388292720874299565117215930856394113496573093
                                                          ---------------------------------------------------------------
                                                          283681478684265323071813606115791189309875304837144058415997608
                                                         851044436052795969215440818347373567929625914511432175247992824
                                                                                                                      0
                                                       283681478684265323071813606115791189309875304837144058415997608
                                                      661923450263285753834231747603512775056375711286669469637327752
                                                     472802464473775538453022676859651982183125508061906764026662680
                                                    567362957368530646143627212231582378619750609674288116831995216
                                                   851044436052795969215440818347373567929625914511432175247992824
                                                  378241971579020430762418141487721585746500406449525411221330144
                                                 283681478684265323071813606115791189309875304837144058415997608
                                                 94560492894755107690604535371930396436625101612381352805332536
                                                94560492894755107690604535371930396436625101612381352805332536
                                              378241971579020430762418141487721585746500406449525411221330144
                                             851044436052795969215440818347373567929625914511432175247992824
                                            283681478684265323071813606115791189309875304837144058415997608
                                           567362957368530646143627212231582378619750609674288116831995216
                                          472802464473775538453022676859651982183125508061906764026662680
                                         756483943158040861524836282975443171493000812899050822442660288
                                                                                                      0
                                       283681478684265323071813606115791189309875304837144058415997608
                                      851044436052795969215440818347373567929625914511432175247992824
                                     472802464473775538453022676859651982183125508061906764026662680
                                     94560492894755107690604535371930396436625101612381352805332536
                                   189120985789510215381209070743860792873250203224762705610665072
                                  661923450263285753834231747603512775056375711286669469637327752
                                  94560492894755107690604535371930396436625101612381352805332536
                                 94560492894755107690604535371930396436625101612381352805332536
                               472802464473775538453022676859651982183125508061906764026662680
                              567362957368530646143627212231582378619750609674288116831995216
                             472802464473775538453022676859651982183125508061906764026662680
                            851044436052795969215440818347373567929625914511432175247992824
                           851044436052795969215440818347373567929625914511432175247992824
                          189120985789510215381209070743860792873250203224762705610665072
                         378241971579020430762418141487721585746500406449525411221330144
                        661923450263285753834231747603512775056375711286669469637327752
                       756483943158040861524836282975443171493000812899050822442660288
                                                                                    0
                     189120985789510215381209070743860792873250203224762705610665072
                    661923450263285753834231747603512775056375711286669469637327752
                   189120985789510215381209070743860792873250203224762705610665072
                  851044436052795969215440818347373567929625914511432175247992824
                 189120985789510215381209070743860792873250203224762705610665072
                756483943158040861524836282975443171493000812899050822442660288
               756483943158040861524836282975443171493000812899050822442660288
              283681478684265323071813606115791189309875304837144058415997608
             378241971579020430762418141487721585746500406449525411221330144
            472802464473775538453022676859651982183125508061906764026662680
           189120985789510215381209070743860792873250203224762705610665072
          756483943158040861524836282975443171493000812899050822442660288
         378241971579020430762418141487721585746500406449525411221330144
        189120985789510215381209070743860792873250203224762705610665072
       661923450263285753834231747603512775056375711286669469637327752
      756483943158040861524836282975443171493000812899050822442660288
     851044436052795969215440818347373567929625914511432175247992824
                                                                  0
   189120985789510215381209070743860792873250203224762705610665072
  472802464473775538453022676859651982183125508061906764026662680
 567362957368530646143627212231582378619750609674288116831995216
472802464473775538453022676859651982183125508061906764026662680
-------------------------------------------------------------------------------------------------------------------------
5344652413093103130209866789853570657853658554011713825121985430619741920895750140762637003305809060794295828772295053848

