                                                                                            66237190553330302856285239138613247057112445576
                                              *76239191483860002473044179634401025944182479579716121639592933145749258406354335957111071375
                                              ---------------------------------------------------------------------------------------------
                                                                                           331185952766651514281426195693066235285562227880
                                                                                          463660333873312119993996673970292729399787119032
                                                                                         198711571659990908568855717415839741171337336728
                                                                                         66237190553330302856285239138613247057112445576
                                                                                       463660333873312119993996673970292729399787119032
                                                                                                                                     0
                                                                                      66237190553330302856285239138613247057112445576
                                                                                     66237190553330302856285239138613247057112445576
                                                                                    66237190553330302856285239138613247057112445576
                                                                                  463660333873312119993996673970292729399787119032
                                                                                 331185952766651514281426195693066235285562227880
                                                                                596134714979972725706567152247519223514012010184
                                                                               331185952766651514281426195693066235285562227880
                                                                              198711571659990908568855717415839741171337336728
                                                                             198711571659990908568855717415839741171337336728
                                                                            264948762213321211425140956554452988228449782304
                                                                           331185952766651514281426195693066235285562227880
                                                                          198711571659990908568855717415839741171337336728
                                                                         397423143319981817137711434831679482342674673456
                                                                                                                       0
                                                                       264948762213321211425140956554452988228449782304
                                                                      529897524426642422850281913108905976456899564608
                                                                     331185952766651514281426195693066235285562227880
                                                                    132474381106660605712570478277226494114224891152
                                                                   596134714979972725706567152247519223514012010184
                                                                  264948762213321211425140956554452988228449782304
                                                                 463660333873312119993996673970292729399787119032
                                                                331185952766651514281426195693066235285562227880
                                                               264948762213321211425140956554452988228449782304
                                                               66237190553330302856285239138613247057112445576
                                                             198711571659990908568855717415839741171337336728
                                                            198711571659990908568855717415839741171337336728
                                                           596134714979972725706567152247519223514012010184
                                                          132474381106660605712570478277226494114224891152
                                                         596134714979972725706567152247519223514012010184
                                                        331185952766651514281426195693066235285562227880
                                                       596134714979972725706567152247519223514012010184
                                                      198711571659990908568855717415839741171337336728
                                                     397423143319981817137711434831679482342674673456
                                                     66237190553330302856285239138613247057112445576
                                                   132474381106660605712570478277226494114224891152
                                                   66237190553330302856285239138613247057112445576
                                                 397423143319981817137711434831679482342674673456
                                                 66237190553330302856285239138613247057112445576
                                               463660333873312119993996673970292729399787119032
                                              596134714979972725706567152247519223514012010184
                                             463660333873312119993996673970292729399787119032
                                            331185952766651514281426195693066235285562227880
                                           596134714979972725706567152247519223514012010184
                                          463660333873312119993996673970292729399787119032
                                         264948762213321211425140956554452988228449782304
                                        132474381106660605712570478277226494114224891152
                                       529897524426642422850281913108905976456899564608
                                       66237190553330302856285239138613247057112445576
                                     264948762213321211425140956554452988228449782304
                                    264948762213321211425140956554452988228449782304
                                   596134714979972725706567152247519223514012010184
                                  331185952766651514281426195693066235285562227880
                                 132474381106660605712570478277226494114224891152
                                                                               0
                                66237190553330302856285239138613247057112445576
                                                                             0
                             264948762213321211425140956554452988228449782304
                            264948762213321211425140956554452988228449782304
                           198711571659990908568855717415839741171337336728
                          397423143319981817137711434831679482342674673456
                         596134714979972725706567152247519223514012010184
                        463660333873312119993996673970292729399787119032
                        66237190553330302856285239138613247057112445576
                      264948762213321211425140956554452988228449782304
                     264948762213321211425140956554452988228449782304
                                                                   0
                   198711571659990908568855717415839741171337336728
                  463660333873312119993996673970292729399787119032
                 264948762213321211425140956554452988228449782304
                132474381106660605712570478277226494114224891152
                                                              0
                                                             0
                                                            0
            397423143319981817137711434831679482342674673456
           529897524426642422850281913108905976456899564608
          198711571659990908568855717415839741171337336728
         529897524426642422850281913108905976456899564608
        264948762213321211425140956554452988228449782304
        66237190553330302856285239138613247057112445576
      596134714979972725706567152247519223514012010184
      66237190553330302856285239138613247057112445576
    596134714979972725706567152247519223514012010184
   198711571659990908568855717415839741171337336728
  132474381106660605712570478277226494114224891152
 397423143319981817137711434831679482342674673456
463660333873312119993996673970292729399787119032
-------------------------------------------------------------------------------------------------------------------------------------------
5049869853948271830490074810459822812863129695795999373738038705734493372987275987318215460742322341821083687907224472859630559091738987000

