                                                                                                    9999999999999999999999999999999999999999999999999999999999999999999999999999999999999999999999999999
                                                                                                   *9999999999999999999999999999999999999999999999999999999999999999999999999999999999999999999999999999
                                                                                                   -----------------------------------------------------------------------------------------------------
                                                                                                   89999999999999999999999999999999999999999999999999999999999999999999999999999999999999999999999999991
                                                                                                  89999999999999999999999999999999999999999999999999999999999999999999999999999999999999999999999999991
                                                                                                 89999999999999999999999999999999999999999999999999999999999999999999999999999999999999999999999999991
                                                                                                89999999999999999999999999999999999999999999999999999999999999999999999999999999999999999999999999991
                                                                                               89999999999999999999999999999999999999999999999999999999999999999999999999999999999999999999999999991
                                                                                              89999999999999999999999999999999999999999999999999999999999999999999999999999999999999999999999999991
                                                                                             89999999999999999999999999999999999999999999999999999999999999999999999999999999999999999999999999991
                                                                                            89999999999999999999999999999999999999999999999999999999999999999999999999999999999999999999999999991
                                                                                           89999999999999999999999999999999999999999999999999999999999999999999999999999999999999999999999999991
                                                                                          89999999999999999999999999999999999999999999999999999999999999999999999999999999999999999999999999991
                                                                                         89999999999999999999999999999999999999999999999999999999999999999999999999999999999999999999999999991
                                                                                        89999999999999999999999999999999999999999999999999999999999999999999999999999999999999999999999999991
                                                                                       89999999999999999999999999999999999999999999999999999999999999999999999999999999999999999999999999991
                                                                                      89999999999999999999999999999999999999999999999999999999999999999999999999999999999999999999999999991
                                                                                     89999999999999999999999999999999999999999999999999999999999999999999999999999999999999999999999999991
                                                                                    89999999999999999999999999999999999999999999999999999999999999999999999999999999999999999999999999991
                                                                                   89999999999999999999999999999999999999999999999999999999999999999999999999999999999999999999999999991
                                                                                  89999999999999999999999999999999999999999999999999999999999999999999999999999999999999999999999999991
                                                                                 89999999999999999999999999999999999999999999999999999999999999999999999999999999999999999999999999991
                                                                                89999999999999999999999999999999999999999999999999999999999999999999999999999999999999999999999999991
                                                                               89999999999999999999999999999999999999999999999999999999999999999999999999999999999999999999999999991
                                                                              89999999999999999999999999999999999999999999999999999999999999999999999999999999999999999999999999991
                                                                             89999999999999999999999999999999999999999999999999999999999999999999999999999999999999999999999999991
                                                                            89999999999999999999999999999999999999999999999999999999999999999999999999999999999999999999999999991
                                                                           89999999999999999999999999999999999999999999999999999999999999999999999999999999999999999999999999991
                                                                          89999999999999999999999999999999999999999999999999999999999999999999999999999999999999999999999999991
                                                                         89999999999999999999999999999999999999999999999999999999999999999999999999999999999999999999999999991
                                                                        89999999999999999999999999999999999999999999999999999999999999999999999999999999999999999999999999991
                                                                       89999999999999999999999999999999999999999999999999999999999999999999999999999999999999999999999999991
                                                                      89999999999999999999999999999999999999999999999999999999999999999999999999999999999999999999999999991
                                                                     89999999999999999999999999999999999999999999999999999999999999999999999999999999999999999999999999991
                                                                    89999999999999999999999999999999999999999999999999999999999999999999999999999999999999999999999999991
                                                                   89999999999999999999999999999999999999999999999999999999999999999999999999999999999999999999999999991
                                                                  89999999999999999999999999999999999999999999999999999999999999999999999999999999999999999999999999991
                                                                 89999999999999999999999999999999999999999999999999999999999999999999999999999999999999999999999999991
                                                                89999999999999999999999999999999999999999999999999999999999999999999999999999999999999999999999999991
                                                               89999999999999999999999999999999999999999999999999999999999999999999999999999999999999999999999999991
                                                              89999999999999999999999999999999999999999999999999999999999999999999999999999999999999999999999999991
                                                             89999999999999999999999999999999999999999999999999999999999999999999999999999999999999999999999999991
                                                            89999999999999999999999999999999999999999999999999999999999999999999999999999999999999999999999999991
                                                           89999999999999999999999999999999999999999999999999999999999999999999999999999999999999999999999999991
                                                          89999999999999999999999999999999999999999999999999999999999999999999999999999999999999999999999999991
                                                         89999999999999999999999999999999999999999999999999999999999999999999999999999999999999999999999999991
                                                        89999999999999999999999999999999999999999999999999999999999999999999999999999999999999999999999999991
                                                       89999999999999999999999999999999999999999999999999999999999999999999999999999999999999999999999999991
                                                      89999999999999999999999999999999999999999999999999999999999999999999999999999999999999999999999999991
                                                     89999999999999999999999999999999999999999999999999999999999999999999999999999999999999999999999999991
                                                    89999999999999999999999999999999999999999999999999999999999999999999999999999999999999999999999999991
                                                   89999999999999999999999999999999999999999999999999999999999999999999999999999999999999999999999999991
                                                  89999999999999999999999999999999999999999999999999999999999999999999999999999999999999999999999999991
                                                 89999999999999999999999999999999999999999999999999999999999999999999999999999999999999999999999999991
                                                89999999999999999999999999999999999999999999999999999999999999999999999999999999999999999999999999991
                                               89999999999999999999999999999999999999999999999999999999999999999999999999999999999999999999999999991
                                              89999999999999999999999999999999999999999999999999999999999999999999999999999999999999999999999999991
                                             89999999999999999999999999999999999999999999999999999999999999999999999999999999999999999999999999991
                                            89999999999999999999999999999999999999999999999999999999999999999999999999999999999999999999999999991
                                           89999999999999999999999999999999999999999999999999999999999999999999999999999999999999999999999999991
                                          89999999999999999999999999999999999999999999999999999999999999999999999999999999999999999999999999991
                                         89999999999999999999999999999999999999999999999999999999999999999999999999999999999999999999999999991
                                        89999999999999999999999999999999999999999999999999999999999999999999999999999999999999999999999999991
                                       89999999999999999999999999999999999999999999999999999999999999999999999999999999999999999999999999991
                                      89999999999999999999999999999999999999999999999999999999999999999999999999999999999999999999999999991
                                     89999999999999999999999999999999999999999999999999999999999999999999999999999999999999999999999999991
                                    89999999999999999999999999999999999999999999999999999999999999999999999999999999999999999999999999991
                                   89999999999999999999999999999999999999999999999999999999999999999999999999999999999999999999999999991
                                  89999999999999999999999999999999999999999999999999999999999999999999999999999999999999999999999999991
                                 89999999999999999999999999999999999999999999999999999999999999999999999999999999999999999999999999991
                                89999999999999999999999999999999999999999999999999999999999999999999999999999999999999999999999999991
                               89999999999999999999999999999999999999999999999999999999999999999999999999999999999999999999999999991
                              89999999999999999999999999999999999999999999999999999999999999999999999999999999999999999999999999991
                             89999999999999999999999999999999999999999999999999999999999999999999999999999999999999999999999999991
                            89999999999999999999999999999999999999999999999999999999999999999999999999999999999999999999999999991
                           89999999999999999999999999999999999999999999999999999999999999999999999999999999999999999999999999991
                          89999999999999999999999999999999999999999999999999999999999999999999999999999999999999999999999999991
                         89999999999999999999999999999999999999999999999999999999999999999999999999999999999999999999999999991
                        89999999999999999999999999999999999999999999999999999999999999999999999999999999999999999999999999991
                       89999999999999999999999999999999999999999999999999999999999999999999999999999999999999999999999999991
                      89999999999999999999999999999999999999999999999999999999999999999999999999999999999999999999999999991
                     89999999999999999999999999999999999999999999999999999999999999999999999999999999999999999999999999991
                    89999999999999999999999999999999999999999999999999999999999999999999999999999999999999999999999999991
                   89999999999999999999999999999999999999999999999999999999999999999999999999999999999999999999999999991
                  89999999999999999999999999999999999999999999999999999999999999999999999999999999999999999999999999991
                 89999999999999999999999999999999999999999999999999999999999999999999999999999999999999999999999999991
                89999999999999999999999999999999999999999999999999999999999999999999999999999999999999999999999999991
               89999999999999999999999999999999999999999999999999999999999999999999999999999999999999999999999999991
              89999999999999999999999999999999999999999999999999999999999999999999999999999999999999999999999999991
             89999999999999999999999999999999999999999999999999999999999999999999999999999999999999999999999999991
            89999999999999999999999999999999999999999999999999999999999999999999999999999999999999999999999999991
           89999999999999999999999999999999999999999999999999999999999999999999999999999999999999999999999999991
          89999999999999999999999999999999999999999999999999999999999999999999999999999999999999999999999999991
         89999999999999999999999999999999999999999999999999999999999999999999999999999999999999999999999999991
        89999999999999999999999999999999999999999999999999999999999999999999999999999999999999999999999999991
       89999999999999999999999999999999999999999999999999999999999999999999999999999999999999999999999999991
      89999999999999999999999999999999999999999999999999999999999999999999999999999999999999999999999999991
     89999999999999999999999999999999999999999999999999999999999999999999999999999999999999999999999999991
    89999999999999999999999999999999999999999999999999999999999999999999999999999999999999999999999999991
   89999999999999999999999999999999999999999999999999999999999999999999999999999999999999999999999999991
  89999999999999999999999999999999999999999999999999999999999999999999999999999999999999999999999999991
 89999999999999999999999999999999999999999999999999999999999999999999999999999999999999999999999999991
89999999999999999999999999999999999999999999999999999999999999999999999999999999999999999999999999991
--------------------------------------------------------------------------------------------------------------------------------------------------------------------------------------------------------
99999999999999999999999999999999999999999999999999999999999999999999999999999999999999999999999999980000000000000000000000000000000000000000000000000000000000000000000000000000000000000000000000000001

