                                                                      86420029903687480435709756263941584686687956694748218294810204463
                                                                *8324901857552201420614525830203036536712568888930901364958979282836517
                                                                -----------------------------------------------------------------------
                                                                     604940209325812363049968293847591092806815696863237528063671431241
                                                                     86420029903687480435709756263941584686687956694748218294810204463
                                                                   432100149518437402178548781319707923433439783473741091474051022315
                                                                  518520179422124882614258537583649508120127740168489309768861226778
                                                                 259260089711062441307129268791824754060063870084244654884430613389
                                                                691360239229499843485678050111532677493503653557985746358481635704
                                                               172840059807374960871419512527883169373375913389496436589620408926
                                                              691360239229499843485678050111532677493503653557985746358481635704
                                                             172840059807374960871419512527883169373375913389496436589620408926
                                                            777780269133187323921387806375474262180191610252733964653291840167
                                                           604940209325812363049968293847591092806815696863237528063671431241
                                                          777780269133187323921387806375474262180191610252733964653291840167
                                                         691360239229499843485678050111532677493503653557985746358481635704
                                                        432100149518437402178548781319707923433439783473741091474051022315
                                                       777780269133187323921387806375474262180191610252733964653291840167
                                                      345680119614749921742839025055766338746751826778992873179240817852
                                                     518520179422124882614258537583649508120127740168489309768861226778
                                                    259260089711062441307129268791824754060063870084244654884430613389
                                                    86420029903687480435709756263941584686687956694748218294810204463
                                                                                                                   0
                                                 777780269133187323921387806375474262180191610252733964653291840167
                                                                                                                 0
                                               259260089711062441307129268791824754060063870084244654884430613389
                                              777780269133187323921387806375474262180191610252733964653291840167
                                             691360239229499843485678050111532677493503653557985746358481635704
                                            691360239229499843485678050111532677493503653557985746358481635704
                                           691360239229499843485678050111532677493503653557985746358481635704
                                          691360239229499843485678050111532677493503653557985746358481635704
                                         518520179422124882614258537583649508120127740168489309768861226778
                                        432100149518437402178548781319707923433439783473741091474051022315
                                       172840059807374960871419512527883169373375913389496436589620408926
                                       86420029903687480435709756263941584686687956694748218294810204463
                                     604940209325812363049968293847591092806815696863237528063671431241
                                    518520179422124882614258537583649508120127740168489309768861226778
                                   259260089711062441307129268791824754060063870084244654884430613389
                                  432100149518437402178548781319707923433439783473741091474051022315
                                 518520179422124882614258537583649508120127740168489309768861226778
                                259260089711062441307129268791824754060063870084244654884430613389
                                                                                                0
                              259260089711062441307129268791824754060063870084244654884430613389
                                                                                              0
                            172840059807374960871419512527883169373375913389496436589620408926
                                                                                            0
                          259260089711062441307129268791824754060063870084244654884430613389
                         691360239229499843485678050111532677493503653557985746358481635704
                        432100149518437402178548781319707923433439783473741091474051022315
                       172840059807374960871419512527883169373375913389496436589620408926
                      432100149518437402178548781319707923433439783473741091474051022315
                     345680119614749921742839025055766338746751826778992873179240817852
                     86420029903687480435709756263941584686687956694748218294810204463
                   518520179422124882614258537583649508120127740168489309768861226778
                                                                                   0
                 172840059807374960871419512527883169373375913389496436589620408926
                345680119614749921742839025055766338746751826778992873179240817852
                86420029903687480435709756263941584686687956694748218294810204463
                                                                               0
             172840059807374960871419512527883169373375913389496436589620408926
            172840059807374960871419512527883169373375913389496436589620408926
           432100149518437402178548781319707923433439783473741091474051022315
          432100149518437402178548781319707923433439783473741091474051022315
         604940209325812363049968293847591092806815696863237528063671431241
        432100149518437402178548781319707923433439783473741091474051022315
       691360239229499843485678050111532677493503653557985746358481635704
       86420029903687480435709756263941584686687956694748218294810204463
                                                                      0
    777780269133187323921387806375474262180191610252733964653291840167
   345680119614749921742839025055766338746751826778992873179240817852
  172840059807374960871419512527883169373375913389496436589620408926
 259260089711062441307129268791824754060063870084244654884430613389
691360239229499843485678050111532677493503653557985746358481635704
---------------------------------------------------------------------------------------------------------------------------------------
719438267474924700309257349590260619164138415679960909258716463860244524061748810885001416414873306046992009621282637057520683372775371

