                                                                                                     48566755688879945355264427827711677242801798782228844396079850917742023193961294088418116101193977270
                                                                                                    *68987609650435527788790729402107906767732876328007876859899010810597260548280080768453433444425584301
                                                                                                    ------------------------------------------------------------------------------------------------------
                                                                                                     48566755688879945355264427827711677242801798782228844396079850917742023193961294088418116101193977270
                                                                                                                                                                                                        0
                                                                                                  145700267066639836065793283483135031728405396346686533188239552753226069581883882265254348303581931810
                                                                                                 194267022755519781421057711310846708971207195128915377584319403670968092775845176353672464404775909080
                                                                                                388534045511039562842115422621693417942414390257830755168638807341936185551690352707344928809551818160
                                                                                               242833778444399726776322139138558386214008993911144221980399254588710115969806470442090580505969886350
                                                                                              242833778444399726776322139138558386214008993911144221980399254588710115969806470442090580505969886350
                                                                                              97133511377759890710528855655423354485603597564457688792159701835484046387922588176836232202387954540
                                                                                            194267022755519781421057711310846708971207195128915377584319403670968092775845176353672464404775909080
                                                                                           194267022755519781421057711310846708971207195128915377584319403670968092775845176353672464404775909080
                                                                                          194267022755519781421057711310846708971207195128915377584319403670968092775845176353672464404775909080
                                                                                         194267022755519781421057711310846708971207195128915377584319403670968092775845176353672464404775909080
                                                                                        145700267066639836065793283483135031728405396346686533188239552753226069581883882265254348303581931810
                                                                                       145700267066639836065793283483135031728405396346686533188239552753226069581883882265254348303581931810
                                                                                      194267022755519781421057711310846708971207195128915377584319403670968092775845176353672464404775909080
                                                                                     145700267066639836065793283483135031728405396346686533188239552753226069581883882265254348303581931810
                                                                                    242833778444399726776322139138558386214008993911144221980399254588710115969806470442090580505969886350
                                                                                   194267022755519781421057711310846708971207195128915377584319403670968092775845176353672464404775909080
                                                                                  388534045511039562842115422621693417942414390257830755168638807341936185551690352707344928809551818160
                                                                                 291400534133279672131586566966270063456810792693373066376479105506452139163767764530508696607163863620
                                                                                339967289822159617486850994793981740699612591475601910772558956424194162357729058618926812708357840890
                                                                                                                                                                                    0
                                                                              388534045511039562842115422621693417942414390257830755168638807341936185551690352707344928809551818160
                                                                                                                                                                                  0
                                                                                                                                                                                 0
                                                                           388534045511039562842115422621693417942414390257830755168638807341936185551690352707344928809551818160
                                                                           97133511377759890710528855655423354485603597564457688792159701835484046387922588176836232202387954540
                                                                         388534045511039562842115422621693417942414390257830755168638807341936185551690352707344928809551818160
                                                                        194267022755519781421057711310846708971207195128915377584319403670968092775845176353672464404775909080
                                                                       242833778444399726776322139138558386214008993911144221980399254588710115969806470442090580505969886350
                                                                                                                                                                           0
                                                                     291400534133279672131586566966270063456810792693373066376479105506452139163767764530508696607163863620
                                                                     97133511377759890710528855655423354485603597564457688792159701835484046387922588176836232202387954540
                                                                   339967289822159617486850994793981740699612591475601910772558956424194162357729058618926812708357840890
                                                                  437100801199919508197379850449405095185216189040059599564718658259678208745651646795763044910745795430
                                                                 242833778444399726776322139138558386214008993911144221980399254588710115969806470442090580505969886350
                                                                                                                                                                     0
                                                                48566755688879945355264427827711677242801798782228844396079850917742023193961294088418116101193977270
                                                              388534045511039562842115422621693417942414390257830755168638807341936185551690352707344928809551818160
                                                                                                                                                                  0
                                                             48566755688879945355264427827711677242801798782228844396079850917742023193961294088418116101193977270
                                                                                                                                                                0
                                                          437100801199919508197379850449405095185216189040059599564718658259678208745651646795763044910745795430
                                                         437100801199919508197379850449405095185216189040059599564718658259678208745651646795763044910745795430
                                                        388534045511039562842115422621693417942414390257830755168638807341936185551690352707344928809551818160
                                                       437100801199919508197379850449405095185216189040059599564718658259678208745651646795763044910745795430
                                                      242833778444399726776322139138558386214008993911144221980399254588710115969806470442090580505969886350
                                                     388534045511039562842115422621693417942414390257830755168638807341936185551690352707344928809551818160
                                                    291400534133279672131586566966270063456810792693373066376479105506452139163767764530508696607163863620
                                                   339967289822159617486850994793981740699612591475601910772558956424194162357729058618926812708357840890
                                                  388534045511039562842115422621693417942414390257830755168638807341936185551690352707344928809551818160
                                                 339967289822159617486850994793981740699612591475601910772558956424194162357729058618926812708357840890
                                                                                                                                                     0
                                                                                                                                                    0
                                              388534045511039562842115422621693417942414390257830755168638807341936185551690352707344928809551818160
                                              97133511377759890710528855655423354485603597564457688792159701835484046387922588176836232202387954540
                                            145700267066639836065793283483135031728405396346686533188239552753226069581883882265254348303581931810
                                           291400534133279672131586566966270063456810792693373066376479105506452139163767764530508696607163863620
                                          339967289822159617486850994793981740699612591475601910772558956424194162357729058618926812708357840890
                                         388534045511039562842115422621693417942414390257830755168638807341936185551690352707344928809551818160
                                         97133511377759890710528855655423354485603597564457688792159701835484046387922588176836232202387954540
                                       145700267066639836065793283483135031728405396346686533188239552753226069581883882265254348303581931810
                                      339967289822159617486850994793981740699612591475601910772558956424194162357729058618926812708357840890
                                     339967289822159617486850994793981740699612591475601910772558956424194162357729058618926812708357840890
                                    291400534133279672131586566966270063456810792693373066376479105506452139163767764530508696607163863620
                                   339967289822159617486850994793981740699612591475601910772558956424194162357729058618926812708357840890
                                  291400534133279672131586566966270063456810792693373066376479105506452139163767764530508696607163863620
                                                                                                                                      0
                                437100801199919508197379850449405095185216189040059599564718658259678208745651646795763044910745795430
                               339967289822159617486850994793981740699612591475601910772558956424194162357729058618926812708357840890
                                                                                                                                   0
                              48566755688879945355264427827711677242801798782228844396079850917742023193961294088418116101193977270
                             97133511377759890710528855655423354485603597564457688792159701835484046387922588176836232202387954540
                                                                                                                                0
                          194267022755519781421057711310846708971207195128915377584319403670968092775845176353672464404775909080
                         437100801199919508197379850449405095185216189040059599564718658259678208745651646795763044910745795430
                         97133511377759890710528855655423354485603597564457688792159701835484046387922588176836232202387954540
                       339967289822159617486850994793981740699612591475601910772558956424194162357729058618926812708357840890
                                                                                                                           0
                     437100801199919508197379850449405095185216189040059599564718658259678208745651646795763044910745795430
                    339967289822159617486850994793981740699612591475601910772558956424194162357729058618926812708357840890
                   388534045511039562842115422621693417942414390257830755168638807341936185551690352707344928809551818160
                  388534045511039562842115422621693417942414390257830755168638807341936185551690352707344928809551818160
                 339967289822159617486850994793981740699612591475601910772558956424194162357729058618926812708357840890
                339967289822159617486850994793981740699612591475601910772558956424194162357729058618926812708357840890
                97133511377759890710528855655423354485603597564457688792159701835484046387922588176836232202387954540
              242833778444399726776322139138558386214008993911144221980399254588710115969806470442090580505969886350
             242833778444399726776322139138558386214008993911144221980399254588710115969806470442090580505969886350
            145700267066639836065793283483135031728405396346686533188239552753226069581883882265254348303581931810
           194267022755519781421057711310846708971207195128915377584319403670968092775845176353672464404775909080
                                                                                                               0
         242833778444399726776322139138558386214008993911144221980399254588710115969806470442090580505969886350
        291400534133279672131586566966270063456810792693373066376479105506452139163767764530508696607163863620
       437100801199919508197379850449405095185216189040059599564718658259678208745651646795763044910745795430
                                                                                                           0
     291400534133279672131586566966270063456810792693373066376479105506452139163767764530508696607163863620
    339967289822159617486850994793981740699612591475601910772558956424194162357729058618926812708357840890
   388534045511039562842115422621693417942414390257830755168638807341936185551690352707344928809551818160
  437100801199919508197379850449405095185216189040059599564718658259678208745651646795763044910745795430
 388534045511039562842115422621693417942414390257830755168638807341936185551690352707344928809551818160
291400534133279672131586566966270063456810792693373066376479105506452139163767764530508696607163863620
----------------------------------------------------------------------------------------------------------------------------------------------------------------------------------------------------------
3350504383452518687596230379995098651646307915492600143240120485840840715596317557257228945722219763569844941670530377222938384852863723964757605770471427862286229901851390492187237122257301961862838270

