                                                                              418161177926162444464677
                       *860342183990118800426771117574361405614013025815858525746404941181753154567048
                       -------------------------------------------------------------------------------
                                                                             3345289423409299555717416
                                                                            1672644711704649777858708
                                                                                                   0
                                                                          2927128245483137111252739
                                                                         2508967067556974666788062
                                                                        2090805889630812222323385
                                                                       1672644711704649777858708
                                                                      2090805889630812222323385
                                                                      418161177926162444464677
                                                                    1254483533778487333394031
                                                                   2090805889630812222323385
                                                                  2927128245483137111252739
                                                                  418161177926162444464677
                                                                3345289423409299555717416
                                                                418161177926162444464677
                                                               418161177926162444464677
                                                             1672644711704649777858708
                                                            3763450601335462000182093
                                                           1672644711704649777858708
                                                                                  0
                                                         1672644711704649777858708
                                                        2508967067556974666788062
                                                       1672644711704649777858708
                                                      2927128245483137111252739
                                                     2090805889630812222323385
                                                     836322355852324888929354
                                                   2090805889630812222323385
                                                  3345289423409299555717416
                                                 2090805889630812222323385
                                                3345289423409299555717416
                                               2090805889630812222323385
                                               418161177926162444464677
                                             3345289423409299555717416
                                            2090805889630812222323385
                                            836322355852324888929354
                                                                  0
                                         1254483533778487333394031
                                         418161177926162444464677
                                                               0
                                      1672644711704649777858708
                                      418161177926162444464677
                                    2508967067556974666788062
                                   2090805889630812222323385
                                                          0
                                 1672644711704649777858708
                                 418161177926162444464677
                               2508967067556974666788062
                              1254483533778487333394031
                             1672644711704649777858708
                            2927128245483137111252739
                           2090805889630812222323385
                          2927128245483137111252739
                          418161177926162444464677
                         418161177926162444464677
                        418161177926162444464677
                      2927128245483137111252739
                     2927128245483137111252739
                    2508967067556974666788062
                    836322355852324888929354
                  1672644711704649777858708
                                         0
                                        0
               3345289423409299555717416
              3345289423409299555717416
              418161177926162444464677
             418161177926162444464677
                                   0
          3763450601335462000182093
         3763450601335462000182093
        1254483533778487333394031
       3345289423409299555717416
       418161177926162444464677
      836322355852324888929354
    1672644711704649777858708
   1254483533778487333394031
                          0
 2508967067556974666788062
3345289423409299555717416
------------------------------------------------------------------------------------------------------
359761701076875254156654037918083365502122728332341945905554850683740686744050675787536448150064163496

