                                                                             6315385701254745839
                  *37619938210163326184197744103506267250181198530259769444954204830666774994747
                  ------------------------------------------------------------------------------
                                                                            44207699908783220873
                                                                           25261542805018983356
                                                                          44207699908783220873
                                                                         25261542805018983356
                                                                        56838471311292712551
                                                                       56838471311292712551
                                                                      25261542805018983356
                                                                     44207699908783220873
                                                                    44207699908783220873
                                                                   37892314207528475034
                                                                  37892314207528475034
                                                                 37892314207528475034
                                                                                   0
                                                               18946157103764237517
                                                              50523085610037966712
                                                             25261542805018983356
                                                                               0
                                                           12630771402509491678
                                                          25261542805018983356
                                                         31576928506273729195
                                                        56838471311292712551
                                                       25261542805018983356
                                                      25261542805018983356
                                                     25261542805018983356
                                                    56838471311292712551
                                                   37892314207528475034
                                                  44207699908783220873
                                                 56838471311292712551
                                                31576928506273729195
                                               12630771402509491678
                                                                 0
                                             18946157103764237517
                                            31576928506273729195
                                           50523085610037966712
                                          56838471311292712551
                                          6315385701254745839
                                         6315385701254745839
                                       50523085610037966712
                                       6315385701254745839
                                                        0
                                    31576928506273729195
                                   12630771402509491678
                                  44207699908783220873
                                 37892314207528475034
                                12630771402509491678
                               37892314207528475034
                                                 0
                             31576928506273729195
                            18946157103764237517
                                              0
                           6315385701254745839
                         25261542805018983356
                        25261542805018983356
                       44207699908783220873
                      44207699908783220873
                     56838471311292712551
                     6315385701254745839
                   25261542805018983356
                  50523085610037966712
                  6315385701254745839
                37892314207528475034
               12630771402509491678
              18946157103764237517
             18946157103764237517
            37892314207528475034
            6315385701254745839
                             0
          6315385701254745839
        12630771402509491678
       50523085610037966712
      18946157103764237517
     56838471311292712551
    56838471311292712551
    6315385701254745839
  37892314207528475034
 44207699908783220873
18946157103764237517
------------------------------------------------------------------------------------------------
237584419854552525780757540123564667019233937749450396089837083642619500323775614438108045107733

