          11365872014499276060776583814714841428639189106812890549820201785828791719620202491555438468537
                                                                                             *21099016112
          -----------------------------------------------------------------------------------------------
          22731744028998552121553167629429682857278378213625781099640403571657583439240404983110876937074
         11365872014499276060776583814714841428639189106812890549820201785828791719620202491555438468537
        11365872014499276060776583814714841428639189106812890549820201785828791719620202491555438468537
       68195232086995656364659502888289048571835134640877343298921210714972750317721214949332630811222
      11365872014499276060776583814714841428639189106812890549820201785828791719620202491555438468537
                                                                                                   0
   102292848130493484546989254332433572857752701961316014948381816072459125476581822423998946216833
  102292848130493484546989254332433572857752701961316014948381816072459125476581822423998946216833
                                                                                                0
 11365872014499276060776583814714841428639189106812890549820201785828791719620202491555438468537
22731744028998552121553167629429682857278378213625781099640403571657583439240404983110876937074
---------------------------------------------------------------------------------------------------------
239808716760850123218661033138986861988383349199260066679948976182292849765758838890030740188886768068144

