                                                                   56267350451945640369375260626091628453499
                                        *6931582942328588105206825289788372530725067815736256949477345282436
                                        --------------------------------------------------------------------
                                                                  337604102711673842216251563756549770720994
                                                                 168802051355836921108125781878274885360497
                                                                225069401807782561477501042504366513813996
                                                               112534700903891280738750521252183256906998
                                                              450138803615565122955002085008733027627992
                                                             112534700903891280738750521252183256906998
                                                            281336752259728201846876303130458142267495
                                                           225069401807782561477501042504366513813996
                                                          168802051355836921108125781878274885360497
                                                         393871453163619482585626824382641399174493
                                                        393871453163619482585626824382641399174493
                                                       225069401807782561477501042504366513813996
                                                      506406154067510763324377345634824656081491
                                                     225069401807782561477501042504366513813996
                                                    506406154067510763324377345634824656081491
                                                   337604102711673842216251563756549770720994
                                                  281336752259728201846876303130458142267495
                                                 112534700903891280738750521252183256906998
                                                337604102711673842216251563756549770720994
                                               168802051355836921108125781878274885360497
                                              393871453163619482585626824382641399174493
                                             281336752259728201846876303130458142267495
                                             56267350451945640369375260626091628453499
                                           450138803615565122955002085008733027627992
                                          393871453163619482585626824382641399174493
                                         337604102711673842216251563756549770720994
                                                                                 0
                                       281336752259728201846876303130458142267495
                                      112534700903891280738750521252183256906998
                                     393871453163619482585626824382641399174493
                                                                             0
                                   168802051355836921108125781878274885360497
                                  281336752259728201846876303130458142267495
                                 112534700903891280738750521252183256906998
                                393871453163619482585626824382641399174493
                               168802051355836921108125781878274885360497
                              450138803615565122955002085008733027627992
                             450138803615565122955002085008733027627992
                            393871453163619482585626824382641399174493
                           506406154067510763324377345634824656081491
                          450138803615565122955002085008733027627992
                         112534700903891280738750521252183256906998
                        281336752259728201846876303130458142267495
                       112534700903891280738750521252183256906998
                      450138803615565122955002085008733027627992
                     337604102711673842216251563756549770720994
                                                             0
                   112534700903891280738750521252183256906998
                  281336752259728201846876303130458142267495
                                                          0
                 56267350451945640369375260626091628453499
               450138803615565122955002085008733027627992
              450138803615565122955002085008733027627992
             281336752259728201846876303130458142267495
            450138803615565122955002085008733027627992
           112534700903891280738750521252183256906998
          168802051355836921108125781878274885360497
         112534700903891280738750521252183256906998
        225069401807782561477501042504366513813996
       506406154067510763324377345634824656081491
      112534700903891280738750521252183256906998
     450138803615565122955002085008733027627992
    281336752259728201846876303130458142267495
    56267350451945640369375260626091628453499
  168802051355836921108125781878274885360497
 506406154067510763324377345634824656081491
337604102711673842216251563756549770720994
------------------------------------------------------------------------------------------------------------
390021806602731173565641358347453059994964848202332263524292730594748629387524718342732580689501654047443564

