                                                                                                     45228068078377444835194821567851374280188026760254864257413298336754873676352378855381022341284950348
                                                                                                    *71534068846490200424947796390777831247021771791844238017647715508633446613792976300201076748299162406
                                                                                                    ------------------------------------------------------------------------------------------------------
                                                                                                    271368408470264669011168929407108245681128160561529185544479790020529242058114273132286134047709702088
                                                                                                                                                                                                        0
                                                                                                  180912272313509779340779286271405497120752107041019457029653193347019494705409515421524089365139801392
                                                                                                  90456136156754889670389643135702748560376053520509728514826596673509747352704757710762044682569900696
                                                                                                271368408470264669011168929407108245681128160561529185544479790020529242058114273132286134047709702088
                                                                                                45228068078377444835194821567851374280188026760254864257413298336754873676352378855381022341284950348
                                                                                              407052612705397003516753394110662368521692240842293778316719685030793863087171409698429201071564553132
                                                                                             407052612705397003516753394110662368521692240842293778316719685030793863087171409698429201071564553132
                                                                                             90456136156754889670389643135702748560376053520509728514826596673509747352704757710762044682569900696
                                                                                           361824544627019558681558572542810994241504214082038914059306386694038989410819030843048178730279602784
                                                                                          180912272313509779340779286271405497120752107041019457029653193347019494705409515421524089365139801392
                                                                                         316596476548642113846363750974959619961316187321784049801893088357284115734466651987667156388994652436
                                                                                        271368408470264669011168929407108245681128160561529185544479790020529242058114273132286134047709702088
                                                                                       316596476548642113846363750974959619961316187321784049801893088357284115734466651987667156388994652436
                                                                                                                                                                                           0
                                                                                      45228068078377444835194821567851374280188026760254864257413298336754873676352378855381022341284950348
                                                                                                                                                                                         0
                                                                                    90456136156754889670389643135702748560376053520509728514826596673509747352704757710762044682569900696
                                                                                                                                                                                       0
                                                                                                                                                                                      0
                                                                                135684204235132334505584464703554122840564080280764592772239895010264621029057136566143067023854851044
                                                                               271368408470264669011168929407108245681128160561529185544479790020529242058114273132286134047709702088
                                                                              316596476548642113846363750974959619961316187321784049801893088357284115734466651987667156388994652436
                                                                             407052612705397003516753394110662368521692240842293778316719685030793863087171409698429201071564553132
                                                                             90456136156754889670389643135702748560376053520509728514826596673509747352704757710762044682569900696
                                                                           407052612705397003516753394110662368521692240842293778316719685030793863087171409698429201071564553132
                                                                          316596476548642113846363750974959619961316187321784049801893088357284115734466651987667156388994652436
                                                                         135684204235132334505584464703554122840564080280764592772239895010264621029057136566143067023854851044
                                                                         45228068078377444835194821567851374280188026760254864257413298336754873676352378855381022341284950348
                                                                       271368408470264669011168929407108245681128160561529185544479790020529242058114273132286134047709702088
                                                                      271368408470264669011168929407108245681128160561529185544479790020529242058114273132286134047709702088
                                                                     180912272313509779340779286271405497120752107041019457029653193347019494705409515421524089365139801392
                                                                    180912272313509779340779286271405497120752107041019457029653193347019494705409515421524089365139801392
                                                                   135684204235132334505584464703554122840564080280764592772239895010264621029057136566143067023854851044
                                                                  135684204235132334505584464703554122840564080280764592772239895010264621029057136566143067023854851044
                                                                 271368408470264669011168929407108245681128160561529185544479790020529242058114273132286134047709702088
                                                                361824544627019558681558572542810994241504214082038914059306386694038989410819030843048178730279602784
                                                                                                                                                                    0
                                                              226140340391887224175974107839256871400940133801274321287066491683774368381761894276905111706424751740
                                                             226140340391887224175974107839256871400940133801274321287066491683774368381761894276905111706424751740
                                                             45228068078377444835194821567851374280188026760254864257413298336754873676352378855381022341284950348
                                                           316596476548642113846363750974959619961316187321784049801893088357284115734466651987667156388994652436
                                                          316596476548642113846363750974959619961316187321784049801893088357284115734466651987667156388994652436
                                                         180912272313509779340779286271405497120752107041019457029653193347019494705409515421524089365139801392
                                                        271368408470264669011168929407108245681128160561529185544479790020529242058114273132286134047709702088
                                                       316596476548642113846363750974959619961316187321784049801893088357284115734466651987667156388994652436
                                                       45228068078377444835194821567851374280188026760254864257413298336754873676352378855381022341284950348
                                                                                                                                                          0
                                                    361824544627019558681558572542810994241504214082038914059306386694038989410819030843048178730279602784
                                                   135684204235132334505584464703554122840564080280764592772239895010264621029057136566143067023854851044
                                                   90456136156754889670389643135702748560376053520509728514826596673509747352704757710762044682569900696
                                                 180912272313509779340779286271405497120752107041019457029653193347019494705409515421524089365139801392
                                                180912272313509779340779286271405497120752107041019457029653193347019494705409515421524089365139801392
                                               361824544627019558681558572542810994241504214082038914059306386694038989410819030843048178730279602784
                                               45228068078377444835194821567851374280188026760254864257413298336754873676352378855381022341284950348
                                             407052612705397003516753394110662368521692240842293778316719685030793863087171409698429201071564553132
                                            316596476548642113846363750974959619961316187321784049801893088357284115734466651987667156388994652436
                                            45228068078377444835194821567851374280188026760254864257413298336754873676352378855381022341284950348
                                          316596476548642113846363750974959619961316187321784049801893088357284115734466651987667156388994652436
                                         316596476548642113846363750974959619961316187321784049801893088357284115734466651987667156388994652436
                                         45228068078377444835194821567851374280188026760254864257413298336754873676352378855381022341284950348
                                        90456136156754889670389643135702748560376053520509728514826596673509747352704757710762044682569900696
                                                                                                                                           0
                                     316596476548642113846363750974959619961316187321784049801893088357284115734466651987667156388994652436
                                    180912272313509779340779286271405497120752107041019457029653193347019494705409515421524089365139801392
                                    90456136156754889670389643135702748560376053520509728514826596673509747352704757710762044682569900696
                                   45228068078377444835194821567851374280188026760254864257413298336754873676352378855381022341284950348
                                 135684204235132334505584464703554122840564080280764592772239895010264621029057136566143067023854851044
                                361824544627019558681558572542810994241504214082038914059306386694038989410819030843048178730279602784
                               316596476548642113846363750974959619961316187321784049801893088357284115734466651987667156388994652436
                              316596476548642113846363750974959619961316187321784049801893088357284115734466651987667156388994652436
                             316596476548642113846363750974959619961316187321784049801893088357284115734466651987667156388994652436
                                                                                                                                 0
                           407052612705397003516753394110662368521692240842293778316719685030793863087171409698429201071564553132
                          135684204235132334505584464703554122840564080280764592772239895010264621029057136566143067023854851044
                         271368408470264669011168929407108245681128160561529185544479790020529242058114273132286134047709702088
                        407052612705397003516753394110662368521692240842293778316719685030793863087171409698429201071564553132
                       316596476548642113846363750974959619961316187321784049801893088357284115734466651987667156388994652436
                      316596476548642113846363750974959619961316187321784049801893088357284115734466651987667156388994652436
                     180912272313509779340779286271405497120752107041019457029653193347019494705409515421524089365139801392
                    407052612705397003516753394110662368521692240842293778316719685030793863087171409698429201071564553132
                   180912272313509779340779286271405497120752107041019457029653193347019494705409515421524089365139801392
                   90456136156754889670389643135702748560376053520509728514826596673509747352704757710762044682569900696
                 180912272313509779340779286271405497120752107041019457029653193347019494705409515421524089365139801392
                                                                                                                     0
                                                                                                                    0
               90456136156754889670389643135702748560376053520509728514826596673509747352704757710762044682569900696
                                                                                                                  0
            407052612705397003516753394110662368521692240842293778316719685030793863087171409698429201071564553132
           180912272313509779340779286271405497120752107041019457029653193347019494705409515421524089365139801392
          271368408470264669011168929407108245681128160561529185544479790020529242058114273132286134047709702088
         180912272313509779340779286271405497120752107041019457029653193347019494705409515421524089365139801392
        361824544627019558681558572542810994241504214082038914059306386694038989410819030843048178730279602784
       361824544627019558681558572542810994241504214082038914059306386694038989410819030843048178730279602784
      271368408470264669011168929407108245681128160561529185544479790020529242058114273132286134047709702088
                                                                                                          0
    180912272313509779340779286271405497120752107041019457029653193347019494705409515421524089365139801392
   135684204235132334505584464703554122840564080280764592772239895010264621029057136566143067023854851044
  226140340391887224175974107839256871400940133801274321287066491683774368381761894276905111706424751740
  45228068078377444835194821567851374280188026760254864257413298336754873676352378855381022341284950348
316596476548642113846363750974959619961316187321784049801893088357284115734466651987667156388994652436
----------------------------------------------------------------------------------------------------------------------------------------------------------------------------------------------------------
3235347735712397881005981978234155163575860803099349091845744406580565923329473982581274192494843421638934416877999443953419583186131068306039352002318587749723283919770869732140989047675867181698217288

