                                                        27118056386108261777988772888680391196824445371449248115394152191201884338965019
                                                                              *133844484800019140339773569060064459898378379394427494750
                                                                              ----------------------------------------------------------
                                                                                                                                       0
                                                      135590281930541308889943864443401955984122226857246240576970760956009421694825095
                                                     189826394702757832445921410220762738377771117600144736807759065338413190372755133
                                                    108472225544433047111955091554721564787297781485796992461576608764807537355860076
                                                   244062507474974356001898955998123520771420008343043233038547369720816959050685171
                                                  108472225544433047111955091554721564787297781485796992461576608764807537355860076
                                                 189826394702757832445921410220762738377771117600144736807759065338413190372755133
                                                 54236112772216523555977545777360782393648890742898496230788304382403768677930038
                                               108472225544433047111955091554721564787297781485796992461576608764807537355860076
                                              108472225544433047111955091554721564787297781485796992461576608764807537355860076
                                             244062507474974356001898955998123520771420008343043233038547369720816959050685171
                                             81354169158324785333966318666041173590473336114347744346182456573605653016895057
                                           244062507474974356001898955998123520771420008343043233038547369720816959050685171
                                          189826394702757832445921410220762738377771117600144736807759065338413190372755133
                                          81354169158324785333966318666041173590473336114347744346182456573605653016895057
                                        216944451088866094223910183109443129574595562971593984923153217529615074711720152
                                       189826394702757832445921410220762738377771117600144736807759065338413190372755133
                                       81354169158324785333966318666041173590473336114347744346182456573605653016895057
                                     216944451088866094223910183109443129574595562971593984923153217529615074711720152
                                    244062507474974356001898955998123520771420008343043233038547369720816959050685171
                                   216944451088866094223910183109443129574595562971593984923153217529615074711720152
                                  244062507474974356001898955998123520771420008343043233038547369720816959050685171
                                 135590281930541308889943864443401955984122226857246240576970760956009421694825095
                                108472225544433047111955091554721564787297781485796992461576608764807537355860076
                               108472225544433047111955091554721564787297781485796992461576608764807537355860076
                              162708338316649570667932637332082347180946672228695488692364913147211306033790114
                                                                                                             0
                                                                                                            0
                           162708338316649570667932637332082347180946672228695488692364913147211306033790114
                                                                                                          0
                         244062507474974356001898955998123520771420008343043233038547369720816959050685171
                        162708338316649570667932637332082347180946672228695488692364913147211306033790114
                       135590281930541308889943864443401955984122226857246240576970760956009421694825095
                       81354169158324785333966318666041173590473336114347744346182456573605653016895057
                     189826394702757832445921410220762738377771117600144736807759065338413190372755133
                    189826394702757832445921410220762738377771117600144736807759065338413190372755133
                   244062507474974356001898955998123520771420008343043233038547369720816959050685171
                   81354169158324785333966318666041173590473336114347744346182456573605653016895057
                  81354169158324785333966318666041173590473336114347744346182456573605653016895057
                                                                                                0
               108472225544433047111955091554721564787297781485796992461576608764807537355860076
               27118056386108261777988772888680391196824445371449248115394152191201884338965019
             244062507474974356001898955998123520771420008343043233038547369720816959050685171
             27118056386108261777988772888680391196824445371449248115394152191201884338965019
                                                                                           0
                                                                                          0
                                                                                         0
        216944451088866094223910183109443129574595562971593984923153217529615074711720152
       108472225544433047111955091554721564787297781485796992461576608764807537355860076
      216944451088866094223910183109443129574595562971593984923153217529615074711720152
     108472225544433047111955091554721564787297781485796992461576608764807537355860076
    108472225544433047111955091554721564787297781485796992461576608764807537355860076
   108472225544433047111955091554721564787297781485796992461576608764807537355860076
  216944451088866094223910183109443129574595562971593984923153217529615074711720152
  81354169158324785333966318666041173590473336114347744346182456573605653016895057
 81354169158324785333966318666041173590473336114347744346182456573605653016895057
27118056386108261777988772888680391196824445371449248115394152191201884338965019
----------------------------------------------------------------------------------------------------------------------------------------
3629602285776529223511668203880142951733407043396171809609521042322730186553991716675261501062779516920638757920583538221433252056150250

