                                          1779110984369768932741995793142110131130577443
                                            *3365017012715858068100231808242578180981152
                                          ----------------------------------------------
                                          3558221968739537865483991586284220262261154886
                                         8895554921848844663709978965710550655652887215
                                        1779110984369768932741995793142110131130577443
                                       1779110984369768932741995793142110131130577443
                                     14232887874958151461935966345136881049044619544
                                    16011998859327920394677962138278991180175196987
                                                                                 0
                                  14232887874958151461935966345136881049044619544
                                  1779110984369768932741995793142110131130577443
                                14232887874958151461935966345136881049044619544
                               12453776890588382529193970551994770917914042101
                               8895554921848844663709978965710550655652887215
                              3558221968739537865483991586284220262261154886
                             7116443937479075730967983172568440524522309772
                            3558221968739537865483991586284220262261154886
                          14232887874958151461935966345136881049044619544
                                                                       0
                        14232887874958151461935966345136881049044619544
                        1779110984369768932741995793142110131130577443
                       5337332953109306798225987379426330393391732329
                      3558221968739537865483991586284220262261154886
                                                                  0
                                                                 0
                   1779110984369768932741995793142110131130577443
                 14232887874958151461935966345136881049044619544
                10674665906218613596451974758852660786783464658
                                                             0
              14232887874958151461935966345136881049044619544
              8895554921848844663709978965710550655652887215
            14232887874958151461935966345136881049044619544
            8895554921848844663709978965710550655652887215
           1779110984369768932741995793142110131130577443
         12453776890588382529193970551994770917914042101
         3558221968739537865483991586284220262261154886
        1779110984369768932741995793142110131130577443
                                                    0
     12453776890588382529193970551994770917914042101
     1779110984369768932741995793142110131130577443
                                                 0
   8895554921848844663709978965710550655652887215
 10674665906218613596451974758852660786783464658
 5337332953109306798225987379426330393391732329
5337332953109306798225987379426330393391732329
----------------------------------------------------------------------------------------
5986738729913929509392744147582355762797748428129313116414439198598091401851022059354336

