               999999999999999
              *999999999999999
              ----------------
              8999999999999991
             8999999999999991
            8999999999999991
           8999999999999991
          8999999999999991
         8999999999999991
        8999999999999991
       8999999999999991
      8999999999999991
     8999999999999991
    8999999999999991
   8999999999999991
  8999999999999991
 8999999999999991
8999999999999991
------------------------------
999999999999998000000000000001

