                                        4128255
      *5746367149413125966810804022378752498103
      -----------------------------------------
                                       12384765
                                             0
                                      4128255
                                    33026040
                                   37154295
                                  16513020
                                  8256510
                                20641275
                               28897785
                              33026040
                             28897785
                            12384765
                            8256510
                           8256510
                                0
                        16513020
                              0
                      33026040
                            0
                     4128255
                   33026040
                  24769530
                 24769530
                37154295
               20641275
               8256510
              4128255
            12384765
            4128255
          16513020
         37154295
        16513020
        4128255
      28897785
     24769530
    12384765
   24769530
  16513020
 28897785
20641275
-----------------------------------------------
23722468916400484338116535759405196894056200265

