                                                                                                    38403658893938790739774746752935775141931224094067944418094388866471664797197503208740649188964601768
                                                                                                   *23785650693781188679459005112794163639708077285053099009610980397660531438167762072972833922062738892
                                                                                                   ------------------------------------------------------------------------------------------------------
                                                                                                    76807317787877581479549493505871550283862448188135888836188777732943329594395006417481298377929203536
                                                                                                  345632930045449116657972720776421976277381016846611499762849499798244983174777528878665842700681415912
                                                                                                 307229271151510325918197974023486201135449792752543555344755110931773318377580025669925193511716814144
                                                                                                307229271151510325918197974023486201135449792752543555344755110931773318377580025669925193511716814144
                                                                                               115210976681816372219324240258807325425793672282203833254283166599414994391592509626221947566893805304
                                                                                              268825612257571535178423227270550425993518568658475610926660722065301653580382522461184544322752212376
                                                                                              76807317787877581479549493505871550283862448188135888836188777732943329594395006417481298377929203536
                                                                                            230421953363632744438648480517614650851587344564407666508566333198829988783185019252443895133787610608
                                                                                                                                                                                                0
                                                                                           76807317787877581479549493505871550283862448188135888836188777732943329594395006417481298377929203536
                                                                                          76807317787877581479549493505871550283862448188135888836188777732943329594395006417481298377929203536
                                                                                        345632930045449116657972720776421976277381016846611499762849499798244983174777528878665842700681415912
                                                                                       115210976681816372219324240258807325425793672282203833254283166599414994391592509626221947566893805304
                                                                                      115210976681816372219324240258807325425793672282203833254283166599414994391592509626221947566893805304
                                                                                     307229271151510325918197974023486201135449792752543555344755110931773318377580025669925193511716814144
                                                                                     76807317787877581479549493505871550283862448188135888836188777732943329594395006417481298377929203536
                                                                                   268825612257571535178423227270550425993518568658475610926660722065301653580382522461184544322752212376
                                                                                  345632930045449116657972720776421976277381016846611499762849499798244983174777528878665842700681415912
                                                                                  76807317787877581479549493505871550283862448188135888836188777732943329594395006417481298377929203536
                                                                                268825612257571535178423227270550425993518568658475610926660722065301653580382522461184544322752212376
                                                                                                                                                                                    0
                                                                               76807317787877581479549493505871550283862448188135888836188777732943329594395006417481298377929203536
                                                                             230421953363632744438648480517614650851587344564407666508566333198829988783185019252443895133787610608
                                                                            268825612257571535178423227270550425993518568658475610926660722065301653580382522461184544322752212376
                                                                           268825612257571535178423227270550425993518568658475610926660722065301653580382522461184544322752212376
                                                                          230421953363632744438648480517614650851587344564407666508566333198829988783185019252443895133787610608
                                                                          38403658893938790739774746752935775141931224094067944418094388866471664797197503208740649188964601768
                                                                        307229271151510325918197974023486201135449792752543555344755110931773318377580025669925193511716814144
                                                                       115210976681816372219324240258807325425793672282203833254283166599414994391592509626221947566893805304
                                                                      153614635575755162959098987011743100567724896376271777672377555465886659188790012834962596755858407072
                                                                      38403658893938790739774746752935775141931224094067944418094388866471664797197503208740649188964601768
                                                                    115210976681816372219324240258807325425793672282203833254283166599414994391592509626221947566893805304
                                                                   192018294469693953698873733764678875709656120470339722090471944332358323985987516043703245944823008840
                                                                                                                                                                       0
                                                                 230421953363632744438648480517614650851587344564407666508566333198829988783185019252443895133787610608
                                                                230421953363632744438648480517614650851587344564407666508566333198829988783185019252443895133787610608
                                                               268825612257571535178423227270550425993518568658475610926660722065301653580382522461184544322752212376
                                                              345632930045449116657972720776421976277381016846611499762849499798244983174777528878665842700681415912
                                                             115210976681816372219324240258807325425793672282203833254283166599414994391592509626221947566893805304
                                                                                                                                                                 0
                                                           307229271151510325918197974023486201135449792752543555344755110931773318377580025669925193511716814144
                                                          345632930045449116657972720776421976277381016846611499762849499798244983174777528878665842700681415912
                                                                                                                                                              0
                                                         38403658893938790739774746752935775141931224094067944418094388866471664797197503208740649188964601768
                                                       230421953363632744438648480517614650851587344564407666508566333198829988783185019252443895133787610608
                                                      345632930045449116657972720776421976277381016846611499762849499798244983174777528878665842700681415912
                                                                                                                                                          0
                                                                                                                                                         0
                                                   345632930045449116657972720776421976277381016846611499762849499798244983174777528878665842700681415912
                                                  345632930045449116657972720776421976277381016846611499762849499798244983174777528878665842700681415912
                                                                                                                                                      0
                                                115210976681816372219324240258807325425793672282203833254283166599414994391592509626221947566893805304
                                               192018294469693953698873733764678875709656120470339722090471944332358323985987516043703245944823008840
                                                                                                                                                   0
                                             192018294469693953698873733764678875709656120470339722090471944332358323985987516043703245944823008840
                                            307229271151510325918197974023486201135449792752543555344755110931773318377580025669925193511716814144
                                            76807317787877581479549493505871550283862448188135888836188777732943329594395006417481298377929203536
                                          268825612257571535178423227270550425993518568658475610926660722065301653580382522461184544322752212376
                                         268825612257571535178423227270550425993518568658475610926660722065301653580382522461184544322752212376
                                                                                                                                             0
                                       307229271151510325918197974023486201135449792752543555344755110931773318377580025669925193511716814144
                                                                                                                                           0
                                     268825612257571535178423227270550425993518568658475610926660722065301653580382522461184544322752212376
                                    345632930045449116657972720776421976277381016846611499762849499798244983174777528878665842700681415912
                                   115210976681816372219324240258807325425793672282203833254283166599414994391592509626221947566893805304
                                  230421953363632744438648480517614650851587344564407666508566333198829988783185019252443895133787610608
                                 115210976681816372219324240258807325425793672282203833254283166599414994391592509626221947566893805304
                                230421953363632744438648480517614650851587344564407666508566333198829988783185019252443895133787610608
                                38403658893938790739774746752935775141931224094067944418094388866471664797197503208740649188964601768
                              153614635575755162959098987011743100567724896376271777672377555465886659188790012834962596755858407072
                             345632930045449116657972720776421976277381016846611499762849499798244983174777528878665842700681415912
                            268825612257571535178423227270550425993518568658475610926660722065301653580382522461184544322752212376
                            76807317787877581479549493505871550283862448188135888836188777732943329594395006417481298377929203536
                           38403658893938790739774746752935775141931224094067944418094388866471664797197503208740649188964601768
                          38403658893938790739774746752935775141931224094067944418094388866471664797197503208740649188964601768
                        192018294469693953698873733764678875709656120470339722090471944332358323985987516043703245944823008840
                                                                                                                            0
                                                                                                                           0
                     345632930045449116657972720776421976277381016846611499762849499798244983174777528878665842700681415912
                    192018294469693953698873733764678875709656120470339722090471944332358323985987516043703245944823008840
                   153614635575755162959098987011743100567724896376271777672377555465886659188790012834962596755858407072
                  345632930045449116657972720776421976277381016846611499762849499798244983174777528878665842700681415912
                 268825612257571535178423227270550425993518568658475610926660722065301653580382522461184544322752212376
                230421953363632744438648480517614650851587344564407666508566333198829988783185019252443895133787610608
               307229271151510325918197974023486201135449792752543555344755110931773318377580025669925193511716814144
              307229271151510325918197974023486201135449792752543555344755110931773318377580025669925193511716814144
              38403658893938790739774746752935775141931224094067944418094388866471664797197503208740649188964601768
             38403658893938790739774746752935775141931224094067944418094388866471664797197503208740649188964601768
           307229271151510325918197974023486201135449792752543555344755110931773318377580025669925193511716814144
          268825612257571535178423227270550425993518568658475610926660722065301653580382522461184544322752212376
         115210976681816372219324240258807325425793672282203833254283166599414994391592509626221947566893805304
        345632930045449116657972720776421976277381016846611499762849499798244983174777528878665842700681415912
       230421953363632744438648480517614650851587344564407666508566333198829988783185019252443895133787610608
                                                                                                           0
     192018294469693953698873733764678875709656120470339722090471944332358323985987516043703245944823008840
    230421953363632744438648480517614650851587344564407666508566333198829988783185019252443895133787610608
   192018294469693953698873733764678875709656120470339722090471944332358323985987516043703245944823008840
  307229271151510325918197974023486201135449792752543555344755110931773318377580025669925193511716814144
 268825612257571535178423227270550425993518568658475610926660722065301653580382522461184544322752212376
115210976681816372219324240258807325425793672282203833254283166599414994391592509626221947566893805304
76807317787877581479549493505871550283862448188135888836188777732943329594395006417481298377929203536
---------------------------------------------------------------------------------------------------------------------------------------------------------------------------------------------------------
913456015814351315036855308595049347252626805397359204671582970918976288039423533841989260319441019090226083544387273256931211921142315285985611354289747103951393705418529999063928998607911838145561056

