                    567807077232433262360434832649305085893517750187414457940105035634
                                                                 *31367534146910165734
                   -------------------------------------------------------------------
                   2271228308929733049441739330597220343574071000749657831760420142536
                  1703421231697299787081304497947915257680553250562243373820315106902
                 3974649540627032836523043828545135601254624251311901205580735249438
                2839035386162166311802174163246525429467588750937072289700525178170
               3406842463394599574162608995895830515361106501124486747640630213804
               567807077232433262360434832649305085893517750187414457940105035634
                                                                               0
             567807077232433262360434832649305085893517750187414457940105035634
           5110263695091899361243913493843745773041659751686730121460945320706
          3406842463394599574162608995895830515361106501124486747640630213804
         2271228308929733049441739330597220343574071000749657831760420142536
         567807077232433262360434832649305085893517750187414457940105035634
       2271228308929733049441739330597220343574071000749657831760420142536
      1703421231697299787081304497947915257680553250562243373820315106902
     2839035386162166311802174163246525429467588750937072289700525178170
    3974649540627032836523043828545135601254624251311901205580735249438
   3406842463394599574162608995895830515361106501124486747640630213804
  1703421231697299787081304497947915257680553250562243373820315106902
  567807077232433262360434832649305085893517750187414457940105035634
1703421231697299787081304497947915257680553250562243373820315106902
--------------------------------------------------------------------------------------
17810707883945608080976768481377172666953802877153027537831682245749309586358915765356

