                                                                                                 242116671706763103431152313718633844501681358769013
                                                 *33847084261590935052875462153285670378895955949554741297503932599527417002507453938167918211561423
                                                 ---------------------------------------------------------------------------------------------------
                                                                                                 726350015120289310293456941155901533505044076307039
                                                                                                484233343413526206862304627437267689003362717538026
                                                                                               968466686827052413724609254874535378006725435076052
                                                                                              242116671706763103431152313718633844501681358769013
                                                                                            1452700030240578620586913882311803067010088152614078
                                                                                           1210583358533815517155761568593169222508406793845065
                                                                                           242116671706763103431152313718633844501681358769013
                                                                                          242116671706763103431152313718633844501681358769013
                                                                                         484233343413526206862304627437267689003362717538026
                                                                                       1936933373654104827449218509749070756013450870152104
                                                                                       242116671706763103431152313718633844501681358769013
                                                                                     2179050045360867930880370823467704600515132228921117
                                                                                    1694816701947341724018066196030436911511769511383091
                                                                                   1452700030240578620586913882311803067010088152614078
                                                                                   242116671706763103431152313718633844501681358769013
                                                                                 1936933373654104827449218509749070756013450870152104
                                                                                 726350015120289310293456941155901533505044076307039
                                                                               2179050045360867930880370823467704600515132228921117
                                                                               726350015120289310293456941155901533505044076307039
                                                                             1210583358533815517155761568593169222508406793845065
                                                                             968466686827052413724609254874535378006725435076052
                                                                           1694816701947341724018066196030436911511769511383091
                                                                                                                             0
                                                                         1210583358533815517155761568593169222508406793845065
                                                                         484233343413526206862304627437267689003362717538026
                                                                                                                          0
                                                                                                                         0
                                                                     1694816701947341724018066196030436911511769511383091
                                                                     242116671706763103431152313718633844501681358769013
                                                                    968466686827052413724609254874535378006725435076052
                                                                  1694816701947341724018066196030436911511769511383091
                                                                  484233343413526206862304627437267689003362717538026
                                                                1210583358533815517155761568593169222508406793845065
                                                               2179050045360867930880370823467704600515132228921117
                                                              2179050045360867930880370823467704600515132228921117
                                                             1210583358533815517155761568593169222508406793845065
                                                             484233343413526206862304627437267689003362717538026
                                                            726350015120289310293456941155901533505044076307039
                                                          2179050045360867930880370823467704600515132228921117
                                                          726350015120289310293456941155901533505044076307039
                                                                                                           0
                                                       1210583358533815517155761568593169222508406793845065
                                                      1694816701947341724018066196030436911511769511383091
                                                     2179050045360867930880370823467704600515132228921117
                                                     484233343413526206862304627437267689003362717538026
                                                    242116671706763103431152313718633844501681358769013
                                                   968466686827052413724609254874535378006725435076052
                                                 1694816701947341724018066196030436911511769511383091
                                                 968466686827052413724609254874535378006725435076052
                                               1210583358533815517155761568593169222508406793845065
                                              1210583358533815517155761568593169222508406793845065
                                             2179050045360867930880370823467704600515132228921117
                                             968466686827052413724609254874535378006725435076052
                                           2179050045360867930880370823467704600515132228921117
                                          1210583358533815517155761568593169222508406793845065
                                         1210583358533815517155761568593169222508406793845065
                                        2179050045360867930880370823467704600515132228921117
                                       1210583358533815517155761568593169222508406793845065
                                      2179050045360867930880370823467704600515132228921117
                                     1936933373654104827449218509749070756013450870152104
                                    1936933373654104827449218509749070756013450870152104
                                   1694816701947341724018066196030436911511769511383091
                                   726350015120289310293456941155901533505044076307039
                                                                                    0
                                1694816701947341724018066196030436911511769511383091
                               1452700030240578620586913882311803067010088152614078
                              1210583358533815517155761568593169222508406793845065
                             1936933373654104827449218509749070756013450870152104
                             484233343413526206862304627437267689003362717538026
                            726350015120289310293456941155901533505044076307039
                          1210583358533815517155761568593169222508406793845065
                          242116671706763103431152313718633844501681358769013
                         484233343413526206862304627437267689003362717538026
                       1452700030240578620586913882311803067010088152614078
                       968466686827052413724609254874535378006725435076052
                     1210583358533815517155761568593169222508406793845065
                    1694816701947341724018066196030436911511769511383091
                   1936933373654104827449218509749070756013450870152104
                   484233343413526206862304627437267689003362717538026
                 1210583358533815517155761568593169222508406793845065
                                                                   0
               1210583358533815517155761568593169222508406793845065
               726350015120289310293456941155901533505044076307039
             2179050045360867930880370823467704600515132228921117
                                                               0
           2179050045360867930880370823467704600515132228921117
          1210583358533815517155761568593169222508406793845065
          242116671706763103431152313718633844501681358769013
        1452700030240578620586913882311803067010088152614078
        484233343413526206862304627437267689003362717538026
       968466686827052413724609254874535378006725435076052
     1936933373654104827449218509749070756013450870152104
                                                       0
   1694816701947341724018066196030436911511769511383091
   968466686827052413724609254874535378006725435076052
 1936933373654104827449218509749070756013450870152104
 726350015120289310293456941155901533505044076307039
726350015120289310293456941155901533505044076307039
----------------------------------------------------------------------------------------------------------------------------------------------------
8194943388394760673597137540796237924116318795952058737460462922446532321748963424962048241119964474409917416334255678045183568361403278679918585499

