                                                                                                     46871711413067689509969008331415193274416713581532538438372523042460911583942006259193930183487733725
                                                                                                    *98427848800301331632577445783932775560351491524798055899368761038585610759812392197776713599693551113
                                                                                                    ------------------------------------------------------------------------------------------------------
                                                                                                    140615134239203068529907024994245579823250140744597615315117569127382734751826018777581790550463201175
                                                                                                    46871711413067689509969008331415193274416713581532538438372523042460911583942006259193930183487733725
                                                                                                   46871711413067689509969008331415193274416713581532538438372523042460911583942006259193930183487733725
                                                                                                  46871711413067689509969008331415193274416713581532538438372523042460911583942006259193930183487733725
                                                                                                234358557065338447549845041657075966372083567907662692191862615212304557919710031295969650917438668625
                                                                                               234358557065338447549845041657075966372083567907662692191862615212304557919710031295969650917438668625
                                                                                              140615134239203068529907024994245579823250140744597615315117569127382734751826018777581790550463201175
                                                                                             421845402717609205589721074982736739469750422233792845945352707382148204255478056332745371651389603525
                                                                                            281230268478406137059814049988491159646500281489195230630235138254765469503652037555163581100926402350
                                                                                           421845402717609205589721074982736739469750422233792845945352707382148204255478056332745371651389603525
                                                                                          421845402717609205589721074982736739469750422233792845945352707382148204255478056332745371651389603525
                                                                                         234358557065338447549845041657075966372083567907662692191862615212304557919710031295969650917438668625
                                                                                        140615134239203068529907024994245579823250140744597615315117569127382734751826018777581790550463201175
                                                                                        46871711413067689509969008331415193274416713581532538438372523042460911583942006259193930183487733725
                                                                                      328101979891473826569783058319906352920916995070727769068607661297226381087594043814357511284414136075
                                                                                     281230268478406137059814049988491159646500281489195230630235138254765469503652037555163581100926402350
                                                                                    328101979891473826569783058319906352920916995070727769068607661297226381087594043814357511284414136075
                                                                                   328101979891473826569783058319906352920916995070727769068607661297226381087594043814357511284414136075
                                                                                  328101979891473826569783058319906352920916995070727769068607661297226381087594043814357511284414136075
                                                                                 421845402717609205589721074982736739469750422233792845945352707382148204255478056332745371651389603525
                                                                                 46871711413067689509969008331415193274416713581532538438372523042460911583942006259193930183487733725
                                                                                93743422826135379019938016662830386548833427163065076876745046084921823167884012518387860366975467450
                                                                              421845402717609205589721074982736739469750422233792845945352707382148204255478056332745371651389603525
                                                                             140615134239203068529907024994245579823250140744597615315117569127382734751826018777581790550463201175
                                                                             93743422826135379019938016662830386548833427163065076876745046084921823167884012518387860366975467450
                                                                            46871711413067689509969008331415193274416713581532538438372523042460911583942006259193930183487733725
                                                                          374973691304541516079752066651321546195333708652260307506980184339687292671536050073551441467901869800
                                                                         421845402717609205589721074982736739469750422233792845945352707382148204255478056332745371651389603525
                                                                        234358557065338447549845041657075966372083567907662692191862615212304557919710031295969650917438668625
                                                                       328101979891473826569783058319906352920916995070727769068607661297226381087594043814357511284414136075
                                                                                                                                                                           0
                                                                      46871711413067689509969008331415193274416713581532538438372523042460911583942006259193930183487733725
                                                                    281230268478406137059814049988491159646500281489195230630235138254765469503652037555163581100926402350
                                                                   234358557065338447549845041657075966372083567907662692191862615212304557919710031295969650917438668625
                                                                  374973691304541516079752066651321546195333708652260307506980184339687292671536050073551441467901869800
                                                                 234358557065338447549845041657075966372083567907662692191862615212304557919710031295969650917438668625
                                                                374973691304541516079752066651321546195333708652260307506980184339687292671536050073551441467901869800
                                                               140615134239203068529907024994245579823250140744597615315117569127382734751826018777581790550463201175
                                                                                                                                                                   0
                                                              46871711413067689509969008331415193274416713581532538438372523042460911583942006259193930183487733725
                                                            281230268478406137059814049988491159646500281489195230630235138254765469503652037555163581100926402350
                                                           328101979891473826569783058319906352920916995070727769068607661297226381087594043814357511284414136075
                                                          374973691304541516079752066651321546195333708652260307506980184339687292671536050073551441467901869800
                                                         281230268478406137059814049988491159646500281489195230630235138254765469503652037555163581100926402350
                                                        140615134239203068529907024994245579823250140744597615315117569127382734751826018777581790550463201175
                                                       421845402717609205589721074982736739469750422233792845945352707382148204255478056332745371651389603525
                                                      421845402717609205589721074982736739469750422233792845945352707382148204255478056332745371651389603525
                                                     374973691304541516079752066651321546195333708652260307506980184339687292671536050073551441467901869800
                                                    234358557065338447549845041657075966372083567907662692191862615212304557919710031295969650917438668625
                                                   234358557065338447549845041657075966372083567907662692191862615212304557919710031295969650917438668625
                                                                                                                                                       0
                                                 374973691304541516079752066651321546195333708652260307506980184339687292671536050073551441467901869800
                                                421845402717609205589721074982736739469750422233792845945352707382148204255478056332745371651389603525
                                               328101979891473826569783058319906352920916995070727769068607661297226381087594043814357511284414136075
                                              187486845652270758039876033325660773097666854326130153753490092169843646335768025036775720733950934900
                                              93743422826135379019938016662830386548833427163065076876745046084921823167884012518387860366975467450
                                            234358557065338447549845041657075966372083567907662692191862615212304557919710031295969650917438668625
                                            46871711413067689509969008331415193274416713581532538438372523042460911583942006259193930183487733725
                                          421845402717609205589721074982736739469750422233792845945352707382148204255478056332745371651389603525
                                         187486845652270758039876033325660773097666854326130153753490092169843646335768025036775720733950934900
                                         46871711413067689509969008331415193274416713581532538438372523042460911583942006259193930183487733725
                                       234358557065338447549845041657075966372083567907662692191862615212304557919710031295969650917438668625
                                      140615134239203068529907024994245579823250140744597615315117569127382734751826018777581790550463201175
                                                                                                                                          0
                                    281230268478406137059814049988491159646500281489195230630235138254765469503652037555163581100926402350
                                   234358557065338447549845041657075966372083567907662692191862615212304557919710031295969650917438668625
                                  234358557065338447549845041657075966372083567907662692191862615212304557919710031295969650917438668625
                                 328101979891473826569783058319906352920916995070727769068607661297226381087594043814357511284414136075
                                328101979891473826569783058319906352920916995070727769068607661297226381087594043814357511284414136075
                                93743422826135379019938016662830386548833427163065076876745046084921823167884012518387860366975467450
                              140615134239203068529907024994245579823250140744597615315117569127382734751826018777581790550463201175
                             421845402717609205589721074982736739469750422233792845945352707382148204255478056332745371651389603525
                            140615134239203068529907024994245579823250140744597615315117569127382734751826018777581790550463201175
                           374973691304541516079752066651321546195333708652260307506980184339687292671536050073551441467901869800
                          328101979891473826569783058319906352920916995070727769068607661297226381087594043814357511284414136075
                         234358557065338447549845041657075966372083567907662692191862615212304557919710031295969650917438668625
                        187486845652270758039876033325660773097666854326130153753490092169843646335768025036775720733950934900
                       187486845652270758039876033325660773097666854326130153753490092169843646335768025036775720733950934900
                      328101979891473826569783058319906352920916995070727769068607661297226381087594043814357511284414136075
                     328101979891473826569783058319906352920916995070727769068607661297226381087594043814357511284414136075
                    234358557065338447549845041657075966372083567907662692191862615212304557919710031295969650917438668625
                    93743422826135379019938016662830386548833427163065076876745046084921823167884012518387860366975467450
                  140615134239203068529907024994245579823250140744597615315117569127382734751826018777581790550463201175
                 281230268478406137059814049988491159646500281489195230630235138254765469503652037555163581100926402350
                 46871711413067689509969008331415193274416713581532538438372523042460911583942006259193930183487733725
               140615134239203068529907024994245579823250140744597615315117569127382734751826018777581790550463201175
              140615134239203068529907024994245579823250140744597615315117569127382734751826018777581790550463201175
              46871711413067689509969008331415193274416713581532538438372523042460911583942006259193930183487733725
                                                                                                                 0
           140615134239203068529907024994245579823250140744597615315117569127382734751826018777581790550463201175
                                                                                                               0
                                                                                                              0
        374973691304541516079752066651321546195333708652260307506980184339687292671536050073551441467901869800
       374973691304541516079752066651321546195333708652260307506980184339687292671536050073551441467901869800
      187486845652270758039876033325660773097666854326130153753490092169843646335768025036775720733950934900
     374973691304541516079752066651321546195333708652260307506980184339687292671536050073551441467901869800
    328101979891473826569783058319906352920916995070727769068607661297226381087594043814357511284414136075
    93743422826135379019938016662830386548833427163065076876745046084921823167884012518387860366975467450
  187486845652270758039876033325660773097666854326130153753490092169843646335768025036775720733950934900
 374973691304541516079752066651321546195333708652260307506980184339687292671536050073551441467901869800
421845402717609205589721074982736739469750422233792845945352707382148204255478056332745371651389603525
----------------------------------------------------------------------------------------------------------------------------------------------------------------------------------------------------------
4613481723976784816574374229878172870466034684691675216459067522719900060018768840405972847175219759773863142666539564862517620249199852245926221031539455210039473731611976118692148620500638221821385925

