                          740151164618231277011965590024909014230691
                                         *51563244463019029269360402
                         -------------------------------------------
                         1480302329236462554023931180049818028461382
                                                                  0
                       2960604658472925108047862360099636056922764
                                                                0
                     4440906987709387662071793540149454085384146
                    2220453493854693831035896770074727042692073
                   6661360481564081493107690310224181128076219
                  4440906987709387662071793540149454085384146
                 1480302329236462554023931180049818028461382
                6661360481564081493107690310224181128076219
               1480302329236462554023931180049818028461382
                                                        0
             6661360481564081493107690310224181128076219
             740151164618231277011965590024909014230691
                                                     0
          2220453493854693831035896770074727042692073
         4440906987709387662071793540149454085384146
        2960604658472925108047862360099636056922764
       2960604658472925108047862360099636056922764
      2960604658472925108047862360099636056922764
     1480302329236462554023931180049818028461382
    2220453493854693831035896770074727042692073
   4440906987709387662071793540149454085384146
  3700755823091156385059827950124545071153455
  740151164618231277011965590024909014230691
3700755823091156385059827950124545071153455
--------------------------------------------------------------------
38164595440798099939119589459903631758238460043322410905641648497782

