                                             31733153323999905073866184098871945360693092993590877495904791986422592891190550637
                                                                                  *387878357556108357547657702766504382128873483
                                             -----------------------------------------------------------------------------------
                                             95199459971999715221598552296615836082079278980772632487714375959267778673571651911
                                           253865226591999240590929472790975562885544743948727019967238335891380743129524405096
                                          126932613295999620295464736395487781442772371974363509983619167945690371564762202548
                                          95199459971999715221598552296615836082079278980772632487714375959267778673571651911
                                        222132073267999335517063288692103617524851650955136142471333543904958150238333854459
                                       253865226591999240590929472790975562885544743948727019967238335891380743129524405096
                                      253865226591999240590929472790975562885544743948727019967238335891380743129524405096
                                      63466306647999810147732368197743890721386185987181754991809583972845185782381101274
                                     31733153323999905073866184098871945360693092993590877495904791986422592891190550637
                                    63466306647999810147732368197743890721386185987181754991809583972845185782381101274
                                  253865226591999240590929472790975562885544743948727019967238335891380743129524405096
                                  95199459971999715221598552296615836082079278980772632487714375959267778673571651911
                                126932613295999620295464736395487781442772371974363509983619167945690371564762202548
                                                                                                                  0
                              158665766619999525369330920494359726803465464967954387479523959932112964455952753185
                             190398919943999430443197104593231672164158557961545264975428751918535557347143303822
                            190398919943999430443197104593231672164158557961545264975428751918535557347143303822
                           222132073267999335517063288692103617524851650955136142471333543904958150238333854459
                           63466306647999810147732368197743890721386185987181754991809583972845185782381101274
                                                                                                            0
                        222132073267999335517063288692103617524851650955136142471333543904958150238333854459
                       222132073267999335517063288692103617524851650955136142471333543904958150238333854459
                      158665766619999525369330920494359726803465464967954387479523959932112964455952753185
                     190398919943999430443197104593231672164158557961545264975428751918535557347143303822
                    222132073267999335517063288692103617524851650955136142471333543904958150238333854459
                   126932613295999620295464736395487781442772371974363509983619167945690371564762202548
                  158665766619999525369330920494359726803465464967954387479523959932112964455952753185
                 222132073267999335517063288692103617524851650955136142471333543904958150238333854459
                158665766619999525369330920494359726803465464967954387479523959932112964455952753185
                95199459971999715221598552296615836082079278980772632487714375959267778673571651911
              253865226591999240590929472790975562885544743948727019967238335891380743129524405096
                                                                                                0
             31733153323999905073866184098871945360693092993590877495904791986422592891190550637
           190398919943999430443197104593231672164158557961545264975428751918535557347143303822
          158665766619999525369330920494359726803465464967954387479523959932112964455952753185
         158665766619999525369330920494359726803465464967954387479523959932112964455952753185
        222132073267999335517063288692103617524851650955136142471333543904958150238333854459
       158665766619999525369330920494359726803465464967954387479523959932112964455952753185
       95199459971999715221598552296615836082079278980772632487714375959267778673571651911
     253865226591999240590929472790975562885544743948727019967238335891380743129524405096
    222132073267999335517063288692103617524851650955136142471333543904958150238333854459
   253865226591999240590929472790975562885544743948727019967238335891380743129524405096
  222132073267999335517063288692103617524851650955136142471333543904958150238333854459
 253865226591999240590929472790975562885544743948727019967238335891380743129524405096
 95199459971999715221598552296615836082079278980772632487714375959267778673571651911
--------------------------------------------------------------------------------------------------------------------------------
12308603391389243623024760855872713539567662020767558859663174591275200742220953489440095893653297149554430690032157611278058671

