                                                                                       9657843584238734038190350449337292977225648522025845880925858587875507172025228713301
                                                                                    *494970738516076883186608589829968456439380997676994565414396393248892721820688287734285
                                                                                    ----------------------------------------------------------------------------------------
                                                                                      48289217921193670190951752246686464886128242610129229404629292939377535860126143566505
                                                                                     77262748673909872305522803594698343817805188176206767047406868703004057376201829706408
                                                                                    19315687168477468076380700898674585954451297044051691761851717175751014344050457426602
                                                                                   38631374336954936152761401797349171908902594088103383523703434351502028688100914853204
                                                                                  28973530752716202114571051348011878931676945566077537642777575763626521516075686139903
                                                                                 67604905089671138267332453145361050840579539654180921166481010115128550204176600993107
                                                                                67604905089671138267332453145361050840579539654180921166481010115128550204176600993107
                                                                               77262748673909872305522803594698343817805188176206767047406868703004057376201829706408
                                                                              19315687168477468076380700898674585954451297044051691761851717175751014344050457426602
                                                                             77262748673909872305522803594698343817805188176206767047406868703004057376201829706408
                                                                            77262748673909872305522803594698343817805188176206767047406868703004057376201829706408
                                                                           57947061505432404229142102696023757863353891132155075285555151527253043032151372279806
                                                                                                                                                               0
                                                                         19315687168477468076380700898674585954451297044051691761851717175751014344050457426602
                                                                        77262748673909872305522803594698343817805188176206767047406868703004057376201829706408
                                                                        9657843584238734038190350449337292977225648522025845880925858587875507172025228713301
                                                                      19315687168477468076380700898674585954451297044051691761851717175751014344050457426602
                                                                     67604905089671138267332453145361050840579539654180921166481010115128550204176600993107
                                                                    19315687168477468076380700898674585954451297044051691761851717175751014344050457426602
                                                                   86920592258148606343713154044035636795030836698232612928332727290879564548227058419709
                                                                  77262748673909872305522803594698343817805188176206767047406868703004057376201829706408
                                                                 77262748673909872305522803594698343817805188176206767047406868703004057376201829706408
                                                                38631374336954936152761401797349171908902594088103383523703434351502028688100914853204
                                                               19315687168477468076380700898674585954451297044051691761851717175751014344050457426602
                                                              28973530752716202114571051348011878931676945566077537642777575763626521516075686139903
                                                             86920592258148606343713154044035636795030836698232612928332727290879564548227058419709
                                                            28973530752716202114571051348011878931676945566077537642777575763626521516075686139903
                                                           57947061505432404229142102696023757863353891132155075285555151527253043032151372279806
                                                          86920592258148606343713154044035636795030836698232612928332727290879564548227058419709
                                                         28973530752716202114571051348011878931676945566077537642777575763626521516075686139903
                                                        38631374336954936152761401797349171908902594088103383523703434351502028688100914853204
                                                        9657843584238734038190350449337292977225648522025845880925858587875507172025228713301
                                                      38631374336954936152761401797349171908902594088103383523703434351502028688100914853204
                                                     48289217921193670190951752246686464886128242610129229404629292939377535860126143566505
                                                    57947061505432404229142102696023757863353891132155075285555151527253043032151372279806
                                                   48289217921193670190951752246686464886128242610129229404629292939377535860126143566505
                                                  38631374336954936152761401797349171908902594088103383523703434351502028688100914853204
                                                 86920592258148606343713154044035636795030836698232612928332727290879564548227058419709
                                                86920592258148606343713154044035636795030836698232612928332727290879564548227058419709
                                               57947061505432404229142102696023757863353891132155075285555151527253043032151372279806
                                              67604905089671138267332453145361050840579539654180921166481010115128550204176600993107
                                             57947061505432404229142102696023757863353891132155075285555151527253043032151372279806
                                            67604905089671138267332453145361050840579539654180921166481010115128550204176600993107
                                           86920592258148606343713154044035636795030836698232612928332727290879564548227058419709
                                          86920592258148606343713154044035636795030836698232612928332727290879564548227058419709
                                                                                                                              0
                                        77262748673909872305522803594698343817805188176206767047406868703004057376201829706408
                                       28973530752716202114571051348011878931676945566077537642777575763626521516075686139903
                                      86920592258148606343713154044035636795030836698232612928332727290879564548227058419709
                                     28973530752716202114571051348011878931676945566077537642777575763626521516075686139903
                                    38631374336954936152761401797349171908902594088103383523703434351502028688100914853204
                                   57947061505432404229142102696023757863353891132155075285555151527253043032151372279806
                                  48289217921193670190951752246686464886128242610129229404629292939377535860126143566505
                                 38631374336954936152761401797349171908902594088103383523703434351502028688100914853204
                                77262748673909872305522803594698343817805188176206767047406868703004057376201829706408
                               57947061505432404229142102696023757863353891132155075285555151527253043032151372279806
                              86920592258148606343713154044035636795030836698232612928332727290879564548227058419709
                             86920592258148606343713154044035636795030836698232612928332727290879564548227058419709
                            19315687168477468076380700898674585954451297044051691761851717175751014344050457426602
                           77262748673909872305522803594698343817805188176206767047406868703004057376201829706408
                          86920592258148606343713154044035636795030836698232612928332727290879564548227058419709
                         77262748673909872305522803594698343817805188176206767047406868703004057376201829706408
                        48289217921193670190951752246686464886128242610129229404629292939377535860126143566505
                       77262748673909872305522803594698343817805188176206767047406868703004057376201829706408
                                                                                                           0
                     57947061505432404229142102696023757863353891132155075285555151527253043032151372279806
                    57947061505432404229142102696023757863353891132155075285555151527253043032151372279806
                   77262748673909872305522803594698343817805188176206767047406868703004057376201829706408
                   9657843584238734038190350449337292977225648522025845880925858587875507172025228713301
                 28973530752716202114571051348011878931676945566077537642777575763626521516075686139903
                77262748673909872305522803594698343817805188176206767047406868703004057376201829706408
               77262748673909872305522803594698343817805188176206767047406868703004057376201829706408
              57947061505432404229142102696023757863353891132155075285555151527253043032151372279806
             67604905089671138267332453145361050840579539654180921166481010115128550204176600993107
                                                                                                 0
           57947061505432404229142102696023757863353891132155075285555151527253043032151372279806
           9657843584238734038190350449337292977225648522025845880925858587875507172025228713301
         48289217921193670190951752246686464886128242610129229404629292939377535860126143566505
        77262748673909872305522803594698343817805188176206767047406868703004057376201829706408
       28973530752716202114571051348011878931676945566077537642777575763626521516075686139903
      67604905089671138267332453145361050840579539654180921166481010115128550204176600993107
                                                                                          0
    67604905089671138267332453145361050840579539654180921166481010115128550204176600993107
   86920592258148606343713154044035636795030836698232612928332727290879564548227058419709
  38631374336954936152761401797349171908902594088103383523703434351502028688100914853204
 86920592258148606343713154044035636795030836698232612928332727290879564548227058419709
38631374336954936152761401797349171908902594088103383523703434351502028688100914853204
----------------------------------------------------------------------------------------------------------------------------------------------------------------------------
4780349971363401170326508308735588866587810402109159359621684827438854560159918282107266475015632915411365511443992571200391621952955183320772801857580839333756871133224785

