                                                                                                     59
 *39873557903330901366450183031634522977667001002238983902216379732929796596707921719110331979942144124
 ------------------------------------------------------------------------------------------------------
                                                                                                    236
                                                                                                   118
                                                                                                   59
                                                                                                 236
                                                                                                236
                                                                                                59
                                                                                              118
                                                                                             236
                                                                                            531
                                                                                           531
                                                                                          413
                                                                                         531
                                                                                         59
                                                                                       177
                                                                                      177
                                                                                       0
                                                                                     59
                                                                                    59
                                                                                  531
                                                                                  59
                                                                                413
                                                                                59
                                                                              118
                                                                             531
                                                                            413
                                                                             0
                                                                          413
                                                                         354
                                                                        531
                                                                       295
                                                                      354
                                                                     531
                                                                    413
                                                                   531
                                                                  118
                                                                 531
                                                                118
                                                               177
                                                              413
                                                             531
                                                            413
                                                           177
                                                          354
                                                          59
                                                        118
                                                       118
                                                        0
                                                     531
                                                    177
                                                   472
                                                  531
                                                 472
                                                177
                                               118
                                              118
                                               0
                                              0
                                            59
                                            0
                                           0
                                        413
                                       354
                                      354
                                     413
                                    413
                                   531
                                  118
                                 118
                                295
                               236
                              177
                             354
                             59
                           177
                            0
                         177
                        472
                        59
                        0
                     295
                    236
                   354
                  354
                 177
                 59
                 0
              531
               0
            177
           177
          177
           0
        531
       413
      295
     295
    177
   413
  472
 531
177
-------------------------------------------------------------------------------------------------------
2352539916296523180620560798866436855682353059132100050230766404242857999205767381427509586816586503316

