                                                      44162660012780233374532752927811328594506875998236799965168850093843303091590324093090507492
                                                                                           *592786117417566608008417478217567745457298944515426267
                                                     ---------------------------------------------------------------------------------------------
                                                     309138620089461633621729270494679300161548131987657599756181950656903121641132268651633552444
                                                    264975960076681400247196517566867971567041255989420799791013100563059818549541944558543044952
                                                    88325320025560466749065505855622657189013751996473599930337700187686606183180648186181014984
                                                  264975960076681400247196517566867971567041255989420799791013100563059818549541944558543044952
                                                  88325320025560466749065505855622657189013751996473599930337700187686606183180648186181014984
                                                176650640051120933498131011711245314378027503992947199860675400375373212366361296372362029968
                                               220813300063901166872663764639056642972534379991183999825844250469216515457951620465452537460
                                               44162660012780233374532752927811328594506875998236799965168850093843303091590324093090507492
                                             220813300063901166872663764639056642972534379991183999825844250469216515457951620465452537460
                                            176650640051120933498131011711245314378027503992947199860675400375373212366361296372362029968
                                           176650640051120933498131011711245314378027503992947199860675400375373212366361296372362029968
                                          397463940115022100370794776350301957350561883984131199686519650844589727824312916837814567428
                                         353301280102241866996262023422490628756055007985894399721350800750746424732722592744724059936
                                        397463940115022100370794776350301957350561883984131199686519650844589727824312916837814567428
                                        88325320025560466749065505855622657189013751996473599930337700187686606183180648186181014984
                                      309138620089461633621729270494679300161548131987657599756181950656903121641132268651633552444
                                     220813300063901166872663764639056642972534379991183999825844250469216515457951620465452537460
                                    176650640051120933498131011711245314378027503992947199860675400375373212366361296372362029968
                                   220813300063901166872663764639056642972534379991183999825844250469216515457951620465452537460
                                  176650640051120933498131011711245314378027503992947199860675400375373212366361296372362029968
                                 309138620089461633621729270494679300161548131987657599756181950656903121641132268651633552444
                                309138620089461633621729270494679300161548131987657599756181950656903121641132268651633552444
                               264975960076681400247196517566867971567041255989420799791013100563059818549541944558543044952
                              220813300063901166872663764639056642972534379991183999825844250469216515457951620465452537460
                             309138620089461633621729270494679300161548131987657599756181950656903121641132268651633552444
                             44162660012780233374532752927811328594506875998236799965168850093843303091590324093090507492
                            88325320025560466749065505855622657189013751996473599930337700187686606183180648186181014984
                          353301280102241866996262023422490628756055007985894399721350800750746424732722592744724059936
                         309138620089461633621729270494679300161548131987657599756181950656903121641132268651633552444
                        176650640051120933498131011711245314378027503992947199860675400375373212366361296372362029968
                       309138620089461633621729270494679300161548131987657599756181950656903121641132268651633552444
                       44162660012780233374532752927811328594506875998236799965168850093843303091590324093090507492
                     176650640051120933498131011711245314378027503992947199860675400375373212366361296372362029968
                    353301280102241866996262023422490628756055007985894399721350800750746424732722592744724059936
                                                                                                               0
                                                                                                              0
                 353301280102241866996262023422490628756055007985894399721350800750746424732722592744724059936
                                                                                                            0
               264975960076681400247196517566867971567041255989420799791013100563059818549541944558543044952
              264975960076681400247196517566867971567041255989420799791013100563059818549541944558543044952
             264975960076681400247196517566867971567041255989420799791013100563059818549541944558543044952
            220813300063901166872663764639056642972534379991183999825844250469216515457951620465452537460
           309138620089461633621729270494679300161548131987657599756181950656903121641132268651633552444
           44162660012780233374532752927811328594506875998236799965168850093843303091590324093090507492
         176650640051120933498131011711245314378027503992947199860675400375373212366361296372362029968
        309138620089461633621729270494679300161548131987657599756181950656903121641132268651633552444
        44162660012780233374532752927811328594506875998236799965168850093843303091590324093090507492
       44162660012780233374532752927811328594506875998236799965168850093843303091590324093090507492
     264975960076681400247196517566867971567041255989420799791013100563059818549541944558543044952
    353301280102241866996262023422490628756055007985894399721350800750746424732722592744724059936
   309138620089461633621729270494679300161548131987657599756181950656903121641132268651633552444
   88325320025560466749065505855622657189013751996473599930337700187686606183180648186181014984
 397463940115022100370794776350301957350561883984131199686519650844589727824312916837814567428
220813300063901166872663764639056642972534379991183999825844250469216515457951620465452537460
--------------------------------------------------------------------------------------------------------------------------------------------------
26179011763808017058608694225737121716759843472735076288284495922964557335812879608283712908909931707169875545384060855776052153137489217737092364

