      38013065222770337537625122322215117513045212356009862485627948560212616248473184171319881676
                                                                                           *633654
     ---------------------------------------------------------------------------------------------
     152052260891081350150500489288860470052180849424039449942511794240850464993892736685279526704
    190065326113851687688125611611075587565226061780049312428139742801063081242365920856599408380
   228078391336622025225750733933290705078271274136059174913767691361275697490839105027919290056
  114039195668311012612875366966645352539135637068029587456883845680637848745419552513959645028
 114039195668311012612875366966645352539135637068029587456883845680637848745419552513959645028
228078391336622025225750733933290705078271274136059174913767691361275697490839105027919290056
--------------------------------------------------------------------------------------------------
24087130830669315462066309259960898072611150990235073403468092116972965136310027042893528303524104

