                                                                                                     65
 *69419464698803070809007535394041992939498278586666576320869364453656595423382948595228304330776041601
 ------------------------------------------------------------------------------------------------------
                                                                                                     65
                                                                                                     0
                                                                                                  390
                                                                                                  65
                                                                                                260
                                                                                                 0
                                                                                              390
                                                                                             455
                                                                                            455
                                                                                             0
                                                                                          195
                                                                                         195
                                                                                        260
                                                                                         0
                                                                                      195
                                                                                     520
                                                                                    130
                                                                                   130
                                                                                  325
                                                                                 585
                                                                                325
                                                                               520
                                                                              260
                                                                             585
                                                                            130
                                                                           520
                                                                          195
                                                                         195
                                                                        130
                                                                       260
                                                                      325
                                                                     585
                                                                    325
                                                                   390
                                                                  325
                                                                 390
                                                                195
                                                               325
                                                              260
                                                             260
                                                            390
                                                           195
                                                          585
                                                         390
                                                        520
                                                         0
                                                      130
                                                     195
                                                    390
                                                   455
                                                  325
                                                 390
                                                390
                                               390
                                              390
                                             520
                                            325
                                           520
                                          455
                                         130
                                        520
                                       585
                                      260
                                     585
                                    195
                                   585
                                  130
                                 585
                                585
                                65
                              260
                               0
                            260
                           585
                          195
                         325
                        195
                       325
                      455
                       0
                      0
                   585
                    0
                 520
                  0
               455
                0
             195
              0
           520
          520
         585
        390
       260
      390
     260
    585
    65
  260
 585
390
-------------------------------------------------------------------------------------------------------
4512265205422199602585489800612729541067388108133327460856508689487678702519891658689839781500442704065

