                                                   7599451004714761597305315344814573418529090466626356998423905352694556455
                                                                        *502264800599441832377637093649299426907067012195423
                                                  --------------------------------------------------------------------------
                                                  22798353014144284791915946034443720255587271399879070995271716058083669365
                                                 15198902009429523194610630689629146837058180933252713996847810705389112910
                                                30397804018859046389221261379258293674116361866505427993695621410778225820
                                               37997255023573807986526576724072867092645452333131784992119526763472782275
                                              68395059042432854375747838103331160766761814199637212985815148174251008095
                                              7599451004714761597305315344814573418529090466626356998423905352694556455
                                            15198902009429523194610630689629146837058180933252713996847810705389112910
                                            7599451004714761597305315344814573418529090466626356998423905352694556455
                                                                                                                   0
                                         53196157033003331181137207413702013929703633266384498988967337468861895185
                                        45596706028288569583831892068887440511174542799758141990543432116167338730
                                                                                                                0
                                      53196157033003331181137207413702013929703633266384498988967337468861895185
                                                                                                              0
                                    68395059042432854375747838103331160766761814199637212985815148174251008095
                                   45596706028288569583831892068887440511174542799758141990543432116167338730
                                  15198902009429523194610630689629146837058180933252713996847810705389112910
                                 30397804018859046389221261379258293674116361866505427993695621410778225820
                                68395059042432854375747838103331160766761814199637212985815148174251008095
                               68395059042432854375747838103331160766761814199637212985815148174251008095
                              15198902009429523194610630689629146837058180933252713996847810705389112910
                             68395059042432854375747838103331160766761814199637212985815148174251008095
                            30397804018859046389221261379258293674116361866505427993695621410778225820
                           45596706028288569583831892068887440511174542799758141990543432116167338730
                          22798353014144284791915946034443720255587271399879070995271716058083669365
                         68395059042432854375747838103331160766761814199637212985815148174251008095
                                                                                                 0
                       53196157033003331181137207413702013929703633266384498988967337468861895185
                      22798353014144284791915946034443720255587271399879070995271716058083669365
                     45596706028288569583831892068887440511174542799758141990543432116167338730
                    53196157033003331181137207413702013929703633266384498988967337468861895185
                   53196157033003331181137207413702013929703633266384498988967337468861895185
                  22798353014144284791915946034443720255587271399879070995271716058083669365
                 15198902009429523194610630689629146837058180933252713996847810705389112910
                22798353014144284791915946034443720255587271399879070995271716058083669365
               60795608037718092778442522758516587348232723733010855987391242821556451640
               7599451004714761597305315344814573418529090466626356998423905352694556455
             30397804018859046389221261379258293674116361866505427993695621410778225820
            30397804018859046389221261379258293674116361866505427993695621410778225820
           68395059042432854375747838103331160766761814199637212985815148174251008095
          68395059042432854375747838103331160766761814199637212985815148174251008095
         37997255023573807986526576724072867092645452333131784992119526763472782275
                                                                                 0
                                                                                0
      60795608037718092778442522758516587348232723733010855987391242821556451640
     30397804018859046389221261379258293674116361866505427993695621410778225820
    45596706028288569583831892068887440511174542799758141990543432116167338730
   15198902009429523194610630689629146837058180933252713996847810705389112910
  15198902009429523194610630689629146837058180933252713996847810705389112910
                                                                          0
37997255023573807986526576724072867092645452333131784992119526763472782275
----------------------------------------------------------------------------------------------------------------------------
3816936743548287626048526670682898294740234743996951365150166589816796419950195918268728036038671475898547158041790766105465

