                             63194736348002478978686919701488897270804705952840619200281429209026017
                                                                      *68718346853946058873175175436
                            ------------------------------------------------------------------------
                            379168418088014873872121518208933383624828235717043715201688575254156102
                           189584209044007436936060759104466691812414117858521857600844287627078051
                          252778945392009915914747678805955589083218823811362476801125716836104068
                         315973681740012394893434598507444486354023529764203096001407146045130085
                        442363154436017352850808437910422280895632941669884334401970004463182119
                        63194736348002478978686919701488897270804705952840619200281429209026017
                      315973681740012394893434598507444486354023529764203096001407146045130085
                     442363154436017352850808437910422280895632941669884334401970004463182119
                     63194736348002478978686919701488897270804705952840619200281429209026017
                   189584209044007436936060759104466691812414117858521857600844287627078051
                  442363154436017352850808437910422280895632941669884334401970004463182119
                 505557890784019831829495357611911178166437647622724953602251433672208136
                505557890784019831829495357611911178166437647622724953602251433672208136
               315973681740012394893434598507444486354023529764203096001407146045130085
                                                                                     0
             379168418088014873872121518208933383624828235717043715201688575254156102
            252778945392009915914747678805955589083218823811362476801125716836104068
           568752627132022310808182277313400075437242353575565572802532862881234153
          189584209044007436936060759104466691812414117858521857600844287627078051
         315973681740012394893434598507444486354023529764203096001407146045130085
        505557890784019831829495357611911178166437647622724953602251433672208136
       379168418088014873872121518208933383624828235717043715201688575254156102
      252778945392009915914747678805955589083218823811362476801125716836104068
     189584209044007436936060759104466691812414117858521857600844287627078051
    505557890784019831829495357611911178166437647622724953602251433672208136
    63194736348002478978686919701488897270804705952840619200281429209026017
  442363154436017352850808437910422280895632941669884334401970004463182119
 505557890784019831829495357611911178166437647622724953602251433672208136
379168418088014873872121518208933383624828235717043715201688575254156102
----------------------------------------------------------------------------------------------------
4342637811705706805221242469097522383440447252532211114177643939385796335614314206755093108663318412

