               61376960003706432367750200562048186782883163707034809
                                                    *820987182900588
              ------------------------------------------------------
              491015680029651458942001604496385494263065309656278472
             491015680029651458942001604496385494263065309656278472
            306884800018532161838751002810240933914415818535174045
                                                                0
                                                               0
         552392640033357891309751805058433681045948473363313281
        122753920007412864735500401124096373565766327414069618
       491015680029651458942001604496385494263065309656278472
       61376960003706432367750200562048186782883163707034809
     429638720025945026574251403934337307480182145949243663
    491015680029651458942001604496385494263065309656278472
   552392640033357891309751805058433681045948473363313281
                                                       0
 122753920007412864735500401124096373565766327414069618
491015680029651458942001604496385494263065309656278472
--------------------------------------------------------------------
50389697488445007120690793352578174638862746845506364053409302567692

