                                                   9209823588504199125179403617156076059318278
                                          *797700218269620445053759790518487258389116089023638
                                          ----------------------------------------------------
                                                  73678588708033593001435228937248608474546224
                                                 27629470765512597375538210851468228177954834
                                                55258941531025194751076421702936456355909668
                                               27629470765512597375538210851468228177954834
                                              18419647177008398250358807234312152118636556
                                                                                        0
                                            82888412296537792126614632554404684533864502
                                           73678588708033593001435228937248608474546224
                                                                                     0
                                         55258941531025194751076421702936456355909668
                                         9209823588504199125179403617156076059318278
                                        9209823588504199125179403617156076059318278
                                      82888412296537792126614632554404684533864502
                                     73678588708033593001435228937248608474546224
                                    27629470765512597375538210851468228177954834
                                   73678588708033593001435228937248608474546224
                                  46049117942520995625897018085780380296591390
                                 18419647177008398250358807234312152118636556
                                64468765119529393876255825320092532415227946
                               73678588708033593001435228937248608474546224
                              36839294354016796500717614468624304237273112
                             73678588708033593001435228937248608474546224
                             9209823588504199125179403617156076059318278
                           46049117942520995625897018085780380296591390
                                                                     0
                         82888412296537792126614632554404684533864502
                        64468765119529393876255825320092532415227946
                       82888412296537792126614632554404684533864502
                      46049117942520995625897018085780380296591390
                     64468765119529393876255825320092532415227946
                    27629470765512597375538210851468228177954834
                   46049117942520995625897018085780380296591390
                                                             0
                 46049117942520995625897018085780380296591390
                36839294354016796500717614468624304237273112
               36839294354016796500717614468624304237273112
                                                         0
             18419647177008398250358807234312152118636556
            55258941531025194751076421702936456355909668
           82888412296537792126614632554404684533864502
          55258941531025194751076421702936456355909668
         18419647177008398250358807234312152118636556
        73678588708033593001435228937248608474546224
        9209823588504199125179403617156076059318278
      18419647177008398250358807234312152118636556
                                                0
                                               0
   64468765119529393876255825320092532415227946
  64468765119529393876255825320092532415227946
 82888412296537792126614632554404684533864502
64468765119529393876255825320092532415227946
----------------------------------------------------------------------------------------------
7346678286774498670870136793845080262373783665592064430353317020258215670992519667464907455364

