                                                                      2393293705574578733943042019788817146517165523306791195407375257
                                                               *9716324499912329110216713189346217950390292534545576147556580112907936
                                                               -----------------------------------------------------------------------
                                                                     14359762233447472403658252118732902879102993139840747172444251542
                                                                     7179881116723736201829126059366451439551496569920373586222125771
                                                                   21539643350171208605487378178099354318654489709761120758666377313
                                                                  16753055939022051137601294138521720025620158663147538367851626799
                                                                                                                                 0
                                                                21539643350171208605487378178099354318654489709761120758666377313
                                                                4786587411149157467886084039577634293034331046613582390814750514
                                                               2393293705574578733943042019788817146517165523306791195407375257
                                                              2393293705574578733943042019788817146517165523306791195407375257
                                                                                                                            0
                                                           19146349644596629871544336158310537172137324186454329563259002056
                                                          11966468527872893669715210098944085732585827616533955977036876285
                                                         14359762233447472403658252118732902879102993139840747172444251542
                                                        11966468527872893669715210098944085732585827616533955977036876285
                                                       11966468527872893669715210098944085732585827616533955977036876285
                                                      16753055939022051137601294138521720025620158663147538367851626799
                                                      9573174822298314935772168079155268586068662093227164781629501028
                                                     2393293705574578733943042019788817146517165523306791195407375257
                                                   14359762233447472403658252118732902879102993139840747172444251542
                                                  16753055939022051137601294138521720025620158663147538367851626799
                                                 11966468527872893669715210098944085732585827616533955977036876285
                                                11966468527872893669715210098944085732585827616533955977036876285
                                                9573174822298314935772168079155268586068662093227164781629501028
                                              11966468527872893669715210098944085732585827616533955977036876285
                                              9573174822298314935772168079155268586068662093227164781629501028
                                             7179881116723736201829126059366451439551496569920373586222125771
                                           11966468527872893669715210098944085732585827616533955977036876285
                                           4786587411149157467886084039577634293034331046613582390814750514
                                         21539643350171208605487378178099354318654489709761120758666377313
                                         4786587411149157467886084039577634293034331046613582390814750514
                                                                                                       0
                                      21539643350171208605487378178099354318654489709761120758666377313
                                      7179881116723736201829126059366451439551496569920373586222125771
                                                                                                    0
                                   11966468527872893669715210098944085732585827616533955977036876285
                                  21539643350171208605487378178099354318654489709761120758666377313
                                 16753055939022051137601294138521720025620158663147538367851626799
                                 2393293705574578733943042019788817146517165523306791195407375257
                                4786587411149157467886084039577634293034331046613582390814750514
                              14359762233447472403658252118732902879102993139840747172444251542
                              9573174822298314935772168079155268586068662093227164781629501028
                             7179881116723736201829126059366451439551496569920373586222125771
                           21539643350171208605487378178099354318654489709761120758666377313
                          19146349644596629871544336158310537172137324186454329563259002056
                          2393293705574578733943042019788817146517165523306791195407375257
                         7179881116723736201829126059366451439551496569920373586222125771
                        2393293705574578733943042019788817146517165523306791195407375257
                      16753055939022051137601294138521720025620158663147538367851626799
                     14359762233447472403658252118732902879102993139840747172444251542
                     2393293705574578733943042019788817146517165523306791195407375257
                    4786587411149157467886084039577634293034331046613582390814750514
                                                                                  0
                  2393293705574578733943042019788817146517165523306791195407375257
                 2393293705574578733943042019788817146517165523306791195407375257
               21539643350171208605487378178099354318654489709761120758666377313
               4786587411149157467886084039577634293034331046613582390814750514
              7179881116723736201829126059366451439551496569920373586222125771
             4786587411149157467886084039577634293034331046613582390814750514
            2393293705574578733943042019788817146517165523306791195407375257
          21539643350171208605487378178099354318654489709761120758666377313
         21539643350171208605487378178099354318654489709761120758666377313
        21539643350171208605487378178099354318654489709761120758666377313
        9573174822298314935772168079155268586068662093227164781629501028
       9573174822298314935772168079155268586068662093227164781629501028
      4786587411149157467886084039577634293034331046613582390814750514
     7179881116723736201829126059366451439551496569920373586222125771
   14359762233447472403658252118732902879102993139840747172444251542
   2393293705574578733943042019788817146517165523306791195407375257
 16753055939022051137601294138521720025620158663147538367851626799
21539643350171208605487378178099354318654489709761120758666377313
--------------------------------------------------------------------------------------------------------------------------------------
23254018266960243741109297814401004439732939901488143321742036901581249372806351850265444543025678522292152776566720355960479445339552

