                                3512387216102433721138158050398649988609
                                       *32056384505886467071957457233236
                               -----------------------------------------
                               21074323296614602326828948302391899931654
                              10537161648307301163414474151195949965827
                              7024774432204867442276316100797299977218
                            10537161648307301163414474151195949965827
                           10537161648307301163414474151195949965827
                           7024774432204867442276316100797299977218
                         24586710512717036047967106352790549920263
                        17561936080512168605690790251993249943045
                       14049548864409734884552632201594599954436
                      24586710512717036047967106352790549920263
                     17561936080512168605690790251993249943045
                    31611484944921903490243422453587849897481
                    3512387216102433721138158050398649988609
                  24586710512717036047967106352790549920263
                                                         0
                24586710512717036047967106352790549920263
               21074323296614602326828948302391899931654
              14049548864409734884552632201594599954436
             21074323296614602326828948302391899931654
            28099097728819469769105264403189199908872
           28099097728819469769105264403189199908872
          17561936080512168605690790251993249943045
                                                 0
        17561936080512168605690790251993249943045
       14049548864409734884552632201594599954436
      28099097728819469769105264403189199908872
     10537161648307301163414474151195949965827
    21074323296614602326828948302391899931654
   17561936080512168605690790251993249943045
                                          0
  7024774432204867442276316100797299977218
10537161648307301163414474151195949965827
------------------------------------------------------------------------
112594435132939758442121869693772198939242944517141374859162136056208724

