                                                                                         68563257363630787420454644893578434750586850828570626180569817751236295
                                                                      *97095371187358254852020632005954664202411156072567860834134630107637879095693859636720133
                                                                      ------------------------------------------------------------------------------------------
                                                                                        205689772090892362261363934680735304251760552485711878541709453253708885
                                                                                       205689772090892362261363934680735304251760552485711878541709453253708885
                                                                                       68563257363630787420454644893578434750586850828570626180569817751236295
                                                                                                                                                            0
                                                                                    137126514727261574840909289787156869501173701657141252361139635502472590
                                                                                   479942801545415511943182514255049043254107955799994383263988724258654065
                                                                                  411379544181784724522727869361470608503521104971423757083418906507417770
                                                                                 205689772090892362261363934680735304251760552485711878541709453253708885
                                                                                411379544181784724522727869361470608503521104971423757083418906507417770
                                                                               617069316272677086784091804042205912755281657457135635625128359761126655
                                                                              342816286818153937102273224467892173752934254142853130902849088756181475
                                                                             548506058909046299363637159148627478004694806628565009444558542009890360
                                                                            205689772090892362261363934680735304251760552485711878541709453253708885
                                                                           617069316272677086784091804042205912755281657457135635625128359761126655
                                                                          411379544181784724522727869361470608503521104971423757083418906507417770
                                                                         342816286818153937102273224467892173752934254142853130902849088756181475
                                                                        617069316272677086784091804042205912755281657457135635625128359761126655
                                                                                                                                              0
                                                                      617069316272677086784091804042205912755281657457135635625128359761126655
                                                                     479942801545415511943182514255049043254107955799994383263988724258654065
                                                                    548506058909046299363637159148627478004694806628565009444558542009890360
                                                                   479942801545415511943182514255049043254107955799994383263988724258654065
                                                                  205689772090892362261363934680735304251760552485711878541709453253708885
                                                                 411379544181784724522727869361470608503521104971423757083418906507417770
                                                                479942801545415511943182514255049043254107955799994383263988724258654065
                                                                                                                                      0
                                                               68563257363630787420454644893578434750586850828570626180569817751236295
                                                                                                                                    0
                                                            205689772090892362261363934680735304251760552485711878541709453253708885
                                                           411379544181784724522727869361470608503521104971423757083418906507417770
                                                          274253029454523149681818579574313739002347403314282504722279271004945180
                                                         205689772090892362261363934680735304251760552485711878541709453253708885
                                                         68563257363630787420454644893578434750586850828570626180569817751236295
                                                       274253029454523149681818579574313739002347403314282504722279271004945180
                                                      205689772090892362261363934680735304251760552485711878541709453253708885
                                                     548506058909046299363637159148627478004694806628565009444558542009890360
                                                                                                                           0
                                                   411379544181784724522727869361470608503521104971423757083418906507417770
                                                  548506058909046299363637159148627478004694806628565009444558542009890360
                                                 479942801545415511943182514255049043254107955799994383263988724258654065
                                                411379544181784724522727869361470608503521104971423757083418906507417770
                                               342816286818153937102273224467892173752934254142853130902849088756181475
                                              137126514727261574840909289787156869501173701657141252361139635502472590
                                             479942801545415511943182514255049043254107955799994383263988724258654065
                                                                                                                   0
                                           411379544181784724522727869361470608503521104971423757083418906507417770
                                          342816286818153937102273224467892173752934254142853130902849088756181475
                                          68563257363630787420454644893578434750586850828570626180569817751236295
                                         68563257363630787420454644893578434750586850828570626180569817751236295
                                        68563257363630787420454644893578434750586850828570626180569817751236295
                                      274253029454523149681818579574313739002347403314282504722279271004945180
                                     137126514727261574840909289787156869501173701657141252361139635502472590
                                                                                                           0
                                   137126514727261574840909289787156869501173701657141252361139635502472590
                                  274253029454523149681818579574313739002347403314282504722279271004945180
                                 411379544181784724522727869361470608503521104971423757083418906507417770
                                411379544181784724522727869361470608503521104971423757083418906507417770
                               274253029454523149681818579574313739002347403314282504722279271004945180
                              342816286818153937102273224467892173752934254142853130902849088756181475
                             617069316272677086784091804042205912755281657457135635625128359761126655
                            342816286818153937102273224467892173752934254142853130902849088756181475
                                                                                                  0
                                                                                                 0
                         137126514727261574840909289787156869501173701657141252361139635502472590
                        205689772090892362261363934680735304251760552485711878541709453253708885
                       411379544181784724522727869361470608503521104971423757083418906507417770
                                                                                             0
                     137126514727261574840909289787156869501173701657141252361139635502472590
                                                                                           0
                   137126514727261574840909289787156869501173701657141252361139635502472590
                  342816286818153937102273224467892173752934254142853130902849088756181475
                 548506058909046299363637159148627478004694806628565009444558542009890360
                274253029454523149681818579574313739002347403314282504722279271004945180
               342816286818153937102273224467892173752934254142853130902849088756181475
              137126514727261574840909289787156869501173701657141252361139635502472590
             548506058909046299363637159148627478004694806628565009444558542009890360
            342816286818153937102273224467892173752934254142853130902849088756181475
           205689772090892362261363934680735304251760552485711878541709453253708885
          479942801545415511943182514255049043254107955799994383263988724258654065
         548506058909046299363637159148627478004694806628565009444558542009890360
         68563257363630787420454644893578434750586850828570626180569817751236295
        68563257363630787420454644893578434750586850828570626180569817751236295
      479942801545415511943182514255049043254107955799994383263988724258654065
     205689772090892362261363934680735304251760552485711878541709453253708885
    342816286818153937102273224467892173752934254142853130902849088756181475
   617069316272677086784091804042205912755281657457135635625128359761126655
                                                                         0
 479942801545415511943182514255049043254107955799994383263988724258654065
617069316272677086784091804042205912755281657457135635625128359761126655
----------------------------------------------------------------------------------------------------------------------------------------------------------------
6657174923536105458230994037704428280015725711624614008313929744954028314774178472462912107768939840886652638949293296120777327439280402746504463765339666827235

