                                                                 8565381690098106791005515876503
                              *46099806716798856767822070845879578569140720505282964172156744692
                              ------------------------------------------------------------------
                                                                17130763380196213582011031753006
                                                               77088435210882961119049642888527
                                                              51392290140588640746033095259018
                                                             34261526760392427164022063506012
                                                            34261526760392427164022063506012
                                                           59957671830686747537038611135521
                                                          51392290140588640746033095259018
                                                         42826908450490533955027579382515
                                                         8565381690098106791005515876503
                                                       17130763380196213582011031753006
                                                      59957671830686747537038611135521
                                                      8565381690098106791005515876503
                                                    34261526760392427164022063506012
                                                   51392290140588640746033095259018
                                                  77088435210882961119049642888527
                                                 17130763380196213582011031753006
                                                68523053520784854328044127012024
                                               17130763380196213582011031753006
                                              42826908450490533955027579382515
                                                                            0
                                            42826908450490533955027579382515
                                                                          0
                                          17130763380196213582011031753006
                                         59957671830686747537038611135521
                                                                       0
                                       34261526760392427164022063506012
                                       8565381690098106791005515876503
                                     77088435210882961119049642888527
                                    51392290140588640746033095259018
                                   42826908450490533955027579382515
                                  68523053520784854328044127012024
                                 59957671830686747537038611135521
                                42826908450490533955027579382515
                               77088435210882961119049642888527
                              59957671830686747537038611135521
                             68523053520784854328044127012024
                            42826908450490533955027579382515
                           34261526760392427164022063506012
                          68523053520784854328044127012024
                                                        0
                        59957671830686747537038611135521
                                                      0
                      17130763380196213582011031753006
                     17130763380196213582011031753006
                    68523053520784854328044127012024
                   59957671830686747537038611135521
                  51392290140588640746033095259018
                 59957671830686747537038611135521
                51392290140588640746033095259018
               42826908450490533955027579382515
              68523053520784854328044127012024
             68523053520784854328044127012024
            77088435210882961119049642888527
           59957671830686747537038611135521
          51392290140588640746033095259018
          8565381690098106791005515876503
        59957671830686747537038611135521
       51392290140588640746033095259018
                                     0
     68523053520784854328044127012024
    77088435210882961119049642888527
   77088435210882961119049642888527
                                 0
 51392290140588640746033095259018
34261526760392427164022063506012
------------------------------------------------------------------------------------------------
394862440369130647274995409271801442040121119762272605807115664617895339840181793606879572772076

