                        73986521824525944196969424917504902655838280884294880832334
                                                          *195485741325154132662040
                                                          -------------------------
                                                                                  0
                      295946087298103776787877699670019610623353123537179523329336
                                                                                0
                    147973043649051888393938849835009805311676561768589761664668
                   443919130947155665181816549505029415935029685305769284994004
                  443919130947155665181816549505029415935029685305769284994004
                 147973043649051888393938849835009805311676561768589761664668
                221959565473577832590908274752514707967514842652884642497002
                73986521824525944196969424917504902655838280884294880832334
              295946087298103776787877699670019610623353123537179523329336
             369932609122629720984847124587524513279191404421474404161670
             73986521824525944196969424917504902655838280884294880832334
           369932609122629720984847124587524513279191404421474404161670
          147973043649051888393938849835009805311676561768589761664668
         221959565473577832590908274752514707967514842652884642497002
         73986521824525944196969424917504902655838280884294880832334
       295946087298103776787877699670019610623353123537179523329336
      517905652771681609378785974422534318590867966190064165826338
     369932609122629720984847124587524513279191404421474404161670
    591892174596207553575755399340039221246706247074359046658672
   295946087298103776787877699670019610623353123537179523329336
  369932609122629720984847124587524513279191404421474404161670
 665878696420733497772724824257544123902544527958653927491006
 73986521824525944196969424917504902655838280884294880832334
-----------------------------------------------------------------------------------
14463310066937149507604044589897496252561530616021056749591778635213582210326401360

