                                    86128360238355429915477315
                         *619897519346469395847838386028680569
                         -------------------------------------
                                   775155242145198869239295835
                                  516770161430132579492863890
                                 430641801191777149577386575
                                                          0
                               689026881906843439323818520
                              516770161430132579492863890
                             689026881906843439323818520
                            172256720476710859830954630
                                                     0
                          516770161430132579492863890
                         689026881906843439323818520
                        258385080715066289746431945
                       689026881906843439323818520
                      258385080715066289746431945
                     689026881906843439323818520
                    602898521668488009408341205
                   344513440953421719661909260
                  689026881906843439323818520
                 430641801191777149577386575
                775155242145198869239295835
               258385080715066289746431945
              775155242145198869239295835
             516770161430132579492863890
            344513440953421719661909260
           516770161430132579492863890
          344513440953421719661909260
         258385080715066289746431945
        775155242145198869239295835
        86128360238355429915477315
      430641801191777149577386575
     602898521668488009408341205
    775155242145198869239295835
   689026881906843439323818520
  775155242145198869239295835
  86128360238355429915477315
516770161430132579492863890
--------------------------------------------------------------
53390756857135620581930758802845864836821837523429101300792235

