               888888888888888
              *888888888888888
              ----------------
              7111111111111104
             7111111111111104
            7111111111111104
           7111111111111104
          7111111111111104
         7111111111111104
        7111111111111104
       7111111111111104
      7111111111111104
     7111111111111104
    7111111111111104
   7111111111111104
  7111111111111104
 7111111111111104
7111111111111104
------------------------------
790123456790121876543209876544

