                              61874065125649303919471012555941029
                                  *535048502532934871983249733845
                             ------------------------------------
                             309370325628246519597355062779705145
                            247496260502597215677884050223764116
                           494992521005194431355768100447528232
                          185622195376947911758413037667823087
                         185622195376947911758413037667823087
                        433118455879545127436297087891587203
                       556866586130843735275239113003469261
                      247496260502597215677884050223764116
                     123748130251298607838942025111882058
                    185622195376947911758413037667823087
                   494992521005194431355768100447528232
                  556866586130843735275239113003469261
                  61874065125649303919471012555941029
                433118455879545127436297087891587203
               494992521005194431355768100447528232
              247496260502597215677884050223764116
             185622195376947911758413037667823087
            556866586130843735275239113003469261
           123748130251298607838942025111882058
          185622195376947911758413037667823087
         309370325628246519597355062779705145
        123748130251298607838942025111882058
                                          0
      309370325628246519597355062779705145
     494992521005194431355768100447528232
    247496260502597215677884050223764116
                                      0
  309370325628246519597355062779705145
 185622195376947911758413037667823087
309370325628246519597355062779705145
-----------------------------------------------------------------
33105625891103948816276862542745391793157758982543928937765426505

