                                     4409847805403360717740438109597848832612162499471145288109069843636997113463310435054864
                                                                                       *8707650296194318771182617671546417183
                                    -----------------------------------------------------------------------------------------
                                    13229543416210082153221314328793546497836487498413435864327209530910991340389931305164592
                                   35278782443226885741923504876782790660897299995769162304872558749095976907706483480438912
                                   4409847805403360717740438109597848832612162499471145288109069843636997113463310435054864
                                 30868934637823525024183066767184941828285137496298017016763488905458979794243173045384048
                                 4409847805403360717740438109597848832612162499471145288109069843636997113463310435054864
                               17639391221613442870961752438391395330448649997884581152436279374547988453853241740219456
                              26459086832420164306442628657587092995672974996826871728654419061821982680779862610329184
                             17639391221613442870961752438391395330448649997884581152436279374547988453853241740219456
                            22049239027016803588702190547989244163060812497355726440545349218184985567316552175274320
                            4409847805403360717740438109597848832612162499471145288109069843636997113463310435054864
                          30868934637823525024183066767184941828285137496298017016763488905458979794243173045384048
                         26459086832420164306442628657587092995672974996826871728654419061821982680779862610329184
                        30868934637823525024183066767184941828285137496298017016763488905458979794243173045384048
                        4409847805403360717740438109597848832612162499471145288109069843636997113463310435054864
                      26459086832420164306442628657587092995672974996826871728654419061821982680779862610329184
                      8819695610806721435480876219195697665224324998942290576218139687273994226926620870109728
                    35278782443226885741923504876782790660897299995769162304872558749095976907706483480438912
                    4409847805403360717740438109597848832612162499471145288109069843636997113463310435054864
                   4409847805403360717740438109597848832612162499471145288109069843636997113463310435054864
                 30868934637823525024183066767184941828285137496298017016763488905458979794243173045384048
                30868934637823525024183066767184941828285137496298017016763488905458979794243173045384048
               35278782443226885741923504876782790660897299995769162304872558749095976907706483480438912
               4409847805403360717740438109597848832612162499471145288109069843636997113463310435054864
             13229543416210082153221314328793546497836487498413435864327209530910991340389931305164592
            17639391221613442870961752438391395330448649997884581152436279374547988453853241740219456
           39688630248630246459663942986380639493509462495240307592981628592732974021169793915493776
           4409847805403360717740438109597848832612162499471145288109069843636997113463310435054864
         26459086832420164306442628657587092995672974996826871728654419061821982680779862610329184
        39688630248630246459663942986380639493509462495240307592981628592732974021169793915493776
        8819695610806721435480876219195697665224324998942290576218139687273994226926620870109728
                                                                                              0
     22049239027016803588702190547989244163060812497355726440545349218184985567316552175274320
    26459086832420164306442628657587092995672974996826871728654419061821982680779862610329184
   30868934637823525024183066767184941828285137496298017016763488905458979794243173045384048
                                                                                          0
 30868934637823525024183066767184941828285137496298017016763488905458979794243173045384048
35278782443226885741923504876782790660897299995769162304872558749095976907706483480438912
-----------------------------------------------------------------------------------------------------------------------------
38399412548892440559875642708247228223851052263331988465465472190480902646285008671097717246175851422969613482678927237328112

