             2306871453850282170321722041130260958093379498705747920224348475560469707746527001893916450297853
                                                                                                *8908705552079
            --------------------------------------------------------------------------------------------------
            20761843084652539532895498370172348622840415488351731282019136280044227369718743017045248052680677
           16148100176951975192252054287911826706653656490940235441570439328923287954225689013257415152084971
                                                                                                           0
          4613742907700564340643444082260521916186758997411495840448696951120939415493054003787832900595706
        11534357269251410851608610205651304790466897493528739601121742377802348538732635009469582251489265
       11534357269251410851608610205651304790466897493528739601121742377802348538732635009469582251489265
      11534357269251410851608610205651304790466897493528739601121742377802348538732635009469582251489265
                                                                                                      0
    16148100176951975192252054287911826706653656490940235441570439328923287954225689013257415152084971
   18454971630802257362573776329042087664747035989645983361794787804483757661972216015151331602382824
                                                                                                   0
 20761843084652539532895498370172348622840415488351731282019136280044227369718743017045248052680677
18454971630802257362573776329042087664747035989645983361794787804483757661972216015151331602382824
--------------------------------------------------------------------------------------------------------------
20551238528848563392365907065473344193824619890252250291612860435506016326698579617402223628942234474353386387

