                                                                                                     84392113870865925002831758981989428730027004607117300476365564406379371182643364094141888334784321369
                                                                                                    *58774217858899317191539473796491269790586365397116269217587226353322470017646358984906764587222565802
                                                                                                    ------------------------------------------------------------------------------------------------------
                                                                                                    168784227741731850005663517963978857460054009214234600952731128812758742365286728188283776669568642738
                                                                                                                                                                                                        0
                                                                                                  675136910966927400022654071855915429840216036856938403810924515251034969461146912753135106678274570952
                                                                                                 421960569354329625014158794909947143650135023035586502381827822031896855913216820470709441673921606845
                                                                                                506352683225195550016990553891936572380162027642703802858193386438276227095860184564851330008705928214
                                                                                               421960569354329625014158794909947143650135023035586502381827822031896855913216820470709441673921606845
                                                                                              168784227741731850005663517963978857460054009214234600952731128812758742365286728188283776669568642738
                                                                                             168784227741731850005663517963978857460054009214234600952731128812758742365286728188283776669568642738
                                                                                            168784227741731850005663517963978857460054009214234600952731128812758742365286728188283776669568642738
                                                                                           590744797096061475019822312873926001110189032249821103334558950844655598278503548658993218343490249583
                                                                                          675136910966927400022654071855915429840216036856938403810924515251034969461146912753135106678274570952
                                                                                         421960569354329625014158794909947143650135023035586502381827822031896855913216820470709441673921606845
                                                                                        337568455483463700011327035927957714920108018428469201905462257625517484730573456376567553339137285476
                                                                                       506352683225195550016990553891936572380162027642703802858193386438276227095860184564851330008705928214
                                                                                      590744797096061475019822312873926001110189032249821103334558950844655598278503548658993218343490249583
                                                                                     506352683225195550016990553891936572380162027642703802858193386438276227095860184564851330008705928214
                                                                                                                                                                                         0
                                                                                   759529024837793325025485830837904858570243041464055704287290079657414340643790276847276995013058892321
                                                                                  337568455483463700011327035927957714920108018428469201905462257625517484730573456376567553339137285476
                                                                                 675136910966927400022654071855915429840216036856938403810924515251034969461146912753135106678274570952
                                                                                759529024837793325025485830837904858570243041464055704287290079657414340643790276847276995013058892321
                                                                               675136910966927400022654071855915429840216036856938403810924515251034969461146912753135106678274570952
                                                                              421960569354329625014158794909947143650135023035586502381827822031896855913216820470709441673921606845
                                                                             253176341612597775008495276945968286190081013821351901429096693219138113547930092282425665004352964107
                                                                            506352683225195550016990553891936572380162027642703802858193386438276227095860184564851330008705928214
                                                                           337568455483463700011327035927957714920108018428469201905462257625517484730573456376567553339137285476
                                                                          506352683225195550016990553891936572380162027642703802858193386438276227095860184564851330008705928214
                                                                         590744797096061475019822312873926001110189032249821103334558950844655598278503548658993218343490249583
                                                                         84392113870865925002831758981989428730027004607117300476365564406379371182643364094141888334784321369
                                                                                                                                                                            0
                                                                                                                                                                           0
                                                                     590744797096061475019822312873926001110189032249821103334558950844655598278503548658993218343490249583
                                                                    337568455483463700011327035927957714920108018428469201905462257625517484730573456376567553339137285476
                                                                   168784227741731850005663517963978857460054009214234600952731128812758742365286728188283776669568642738
                                                                  168784227741731850005663517963978857460054009214234600952731128812758742365286728188283776669568642738
                                                                 253176341612597775008495276945968286190081013821351901429096693219138113547930092282425665004352964107
                                                                253176341612597775008495276945968286190081013821351901429096693219138113547930092282425665004352964107
                                                               421960569354329625014158794909947143650135023035586502381827822031896855913216820470709441673921606845
                                                              253176341612597775008495276945968286190081013821351901429096693219138113547930092282425665004352964107
                                                             506352683225195550016990553891936572380162027642703802858193386438276227095860184564851330008705928214
                                                            168784227741731850005663517963978857460054009214234600952731128812758742365286728188283776669568642738
                                                           168784227741731850005663517963978857460054009214234600952731128812758742365286728188283776669568642738
                                                          590744797096061475019822312873926001110189032249821103334558950844655598278503548658993218343490249583
                                                         675136910966927400022654071855915429840216036856938403810924515251034969461146912753135106678274570952
                                                        421960569354329625014158794909947143650135023035586502381827822031896855913216820470709441673921606845
                                                       590744797096061475019822312873926001110189032249821103334558950844655598278503548658993218343490249583
                                                       84392113870865925002831758981989428730027004607117300476365564406379371182643364094141888334784321369
                                                     168784227741731850005663517963978857460054009214234600952731128812758742365286728188283776669568642738
                                                    759529024837793325025485830837904858570243041464055704287290079657414340643790276847276995013058892321
                                                   506352683225195550016990553891936572380162027642703802858193386438276227095860184564851330008705928214
                                                  168784227741731850005663517963978857460054009214234600952731128812758742365286728188283776669568642738
                                                 506352683225195550016990553891936572380162027642703802858193386438276227095860184564851330008705928214
                                                 84392113870865925002831758981989428730027004607117300476365564406379371182643364094141888334784321369
                                                84392113870865925002831758981989428730027004607117300476365564406379371182643364094141888334784321369
                                              590744797096061475019822312873926001110189032249821103334558950844655598278503548658993218343490249583
                                             759529024837793325025485830837904858570243041464055704287290079657414340643790276847276995013058892321
                                            253176341612597775008495276945968286190081013821351901429096693219138113547930092282425665004352964107
                                           421960569354329625014158794909947143650135023035586502381827822031896855913216820470709441673921606845
                                          506352683225195550016990553891936572380162027642703802858193386438276227095860184564851330008705928214
                                         253176341612597775008495276945968286190081013821351901429096693219138113547930092282425665004352964107
                                        506352683225195550016990553891936572380162027642703802858193386438276227095860184564851330008705928214
                                       675136910966927400022654071855915429840216036856938403810924515251034969461146912753135106678274570952
                                      421960569354329625014158794909947143650135023035586502381827822031896855913216820470709441673921606845
                                                                                                                                          0
                                    759529024837793325025485830837904858570243041464055704287290079657414340643790276847276995013058892321
                                   590744797096061475019822312873926001110189032249821103334558950844655598278503548658993218343490249583
                                  759529024837793325025485830837904858570243041464055704287290079657414340643790276847276995013058892321
                                 506352683225195550016990553891936572380162027642703802858193386438276227095860184564851330008705928214
                                168784227741731850005663517963978857460054009214234600952731128812758742365286728188283776669568642738
                                84392113870865925002831758981989428730027004607117300476365564406379371182643364094141888334784321369
                              759529024837793325025485830837904858570243041464055704287290079657414340643790276847276995013058892321
                             337568455483463700011327035927957714920108018428469201905462257625517484730573456376567553339137285476
                            506352683225195550016990553891936572380162027642703802858193386438276227095860184564851330008705928214
                           759529024837793325025485830837904858570243041464055704287290079657414340643790276847276995013058892321
                          590744797096061475019822312873926001110189032249821103334558950844655598278503548658993218343490249583
                         253176341612597775008495276945968286190081013821351901429096693219138113547930092282425665004352964107
                        590744797096061475019822312873926001110189032249821103334558950844655598278503548658993218343490249583
                       337568455483463700011327035927957714920108018428469201905462257625517484730573456376567553339137285476
                      759529024837793325025485830837904858570243041464055704287290079657414340643790276847276995013058892321
                     253176341612597775008495276945968286190081013821351901429096693219138113547930092282425665004352964107
                    421960569354329625014158794909947143650135023035586502381827822031896855913216820470709441673921606845
                    84392113870865925002831758981989428730027004607117300476365564406379371182643364094141888334784321369
                  759529024837793325025485830837904858570243041464055704287290079657414340643790276847276995013058892321
                  84392113870865925002831758981989428730027004607117300476365564406379371182643364094141888334784321369
                590744797096061475019822312873926001110189032249821103334558950844655598278503548658993218343490249583
                84392113870865925002831758981989428730027004607117300476365564406379371182643364094141888334784321369
              253176341612597775008495276945968286190081013821351901429096693219138113547930092282425665004352964107
             759529024837793325025485830837904858570243041464055704287290079657414340643790276847276995013058892321
            759529024837793325025485830837904858570243041464055704287290079657414340643790276847276995013058892321
           675136910966927400022654071855915429840216036856938403810924515251034969461146912753135106678274570952
          675136910966927400022654071855915429840216036856938403810924515251034969461146912753135106678274570952
         421960569354329625014158794909947143650135023035586502381827822031896855913216820470709441673921606845
        675136910966927400022654071855915429840216036856938403810924515251034969461146912753135106678274570952
       590744797096061475019822312873926001110189032249821103334558950844655598278503548658993218343490249583
       84392113870865925002831758981989428730027004607117300476365564406379371182643364094141888334784321369
     168784227741731850005663517963978857460054009214234600952731128812758742365286728188283776669568642738
    337568455483463700011327035927957714920108018428469201905462257625517484730573456376567553339137285476
   590744797096061475019822312873926001110189032249821103334558950844655598278503548658993218343490249583
  590744797096061475019822312873926001110189032249821103334558950844655598278503548658993218343490249583
 675136910966927400022654071855915429840216036856938403810924515251034969461146912753135106678274570952
421960569354329625014158794909947143650135023035586502381827822031896855913216820470709441673921606845
----------------------------------------------------------------------------------------------------------------------------------------------------------------------------------------------------------
4960080486219312834059549683803797897441653152864104048983800703503216795276918154737366544683876140349672915605073491637304840962791602204207695512935780297097260630743446397077844875262276585517222938

