                                       1856618330807354358468321247625601362106287023458394237462124794931151879
                                                                        *681937867290936159628012137225283386163
                                       -------------------------------------------------------------------------
                                       5569854992422063075404963742876804086318861070375182712386374384793455637
                                     11139709984844126150809927485753608172637722140750365424772748769586911274
                                     1856618330807354358468321247625601362106287023458394237462124794931151879
                                   11139709984844126150809927485753608172637722140750365424772748769586911274
                                  14852946646458834867746569981004810896850296187667153899696998359449215032
                                  5569854992422063075404963742876804086318861070375182712386374384793455637
                                 5569854992422063075404963742876804086318861070375182712386374384793455637
                               14852946646458834867746569981004810896850296187667153899696998359449215032
                               3713236661614708716936642495251202724212574046916788474924249589862303758
                              9283091654036771792341606238128006810531435117291971187310623974655759395
                             3713236661614708716936642495251202724212574046916788474924249589862303758
                            3713236661614708716936642495251202724212574046916788474924249589862303758
                          12996328315651480509278248733379209534744009164208759662234873564518063153
                          5569854992422063075404963742876804086318861070375182712386374384793455637
                         1856618330807354358468321247625601362106287023458394237462124794931151879
                        3713236661614708716936642495251202724212574046916788474924249589862303758
                       1856618330807354358468321247625601362106287023458394237462124794931151879
                                                                                              0
                    14852946646458834867746569981004810896850296187667153899696998359449215032
                    3713236661614708716936642495251202724212574046916788474924249589862303758
                  11139709984844126150809927485753608172637722140750365424772748769586911274
                 16709564977266189226214891228630412258956583211125548137159123154380366911
                 9283091654036771792341606238128006810531435117291971187310623974655759395
                1856618330807354358468321247625601362106287023458394237462124794931151879
              11139709984844126150809927485753608172637722140750365424772748769586911274
              5569854992422063075404963742876804086318861070375182712386374384793455637
            16709564977266189226214891228630412258956583211125548137159123154380366911
                                                                                    0
          16709564977266189226214891228630412258956583211125548137159123154380366911
          3713236661614708716936642495251202724212574046916788474924249589862303758
        12996328315651480509278248733379209534744009164208759662234873564518063153
       11139709984844126150809927485753608172637722140750365424772748769586911274
      14852946646458834867746569981004810896850296187667153899696998359449215032
     12996328315651480509278248733379209534744009164208759662234873564518063153
     5569854992422063075404963742876804086318861070375182712386374384793455637
   16709564977266189226214891228630412258956583211125548137159123154380366911
   1856618330807354358468321247625601362106287023458394237462124794931151879
 14852946646458834867746569981004810896850296187667153899696998359449215032
11139709984844126150809927485753608172637722140750365424772748769586911274
----------------------------------------------------------------------------------------------------------------
1266098344884025026187102270623228724783868495446427658054197424940091370247201807909366001665327296755160050277

