                                                                                                     92758351304637630780411774241630815740980354018196137215730993985550648683185994508339913903201856811
                                                                                                    *78919869715898297426559578137344235212193683513355001968882527940562782151412848449546424676371428707
                                                                                                    ------------------------------------------------------------------------------------------------------
                                                                                                    649308459132463415462882419691415710186862478127372960510116957898854540782301961558379397322412997677
                                                                                                                                                                                                        0
                                                                                                  649308459132463415462882419691415710186862478127372960510116957898854540782301961558379397322412997677
                                                                                                 742066810437101046243294193933046525927842832145569097725847951884405189465487956066719311225614854488
                                                                                                185516702609275261560823548483261631481960708036392274431461987971101297366371989016679827806403713622
                                                                                               371033405218550523121647096966523262963921416072784548862923975942202594732743978033359655612807427244
                                                                                               92758351304637630780411774241630815740980354018196137215730993985550648683185994508339913903201856811
                                                                                             649308459132463415462882419691415710186862478127372960510116957898854540782301961558379397322412997677
                                                                                            278275053913912892341235322724892447222941062054588411647192981956651946049557983525019741709605570433
                                                                                           556550107827825784682470645449784894445882124109176823294385963913303892099115967050039483419211140866
                                                                                          649308459132463415462882419691415710186862478127372960510116957898854540782301961558379397322412997677
                                                                                         556550107827825784682470645449784894445882124109176823294385963913303892099115967050039483419211140866
                                                                                        371033405218550523121647096966523262963921416072784548862923975942202594732743978033359655612807427244
                                                                                       185516702609275261560823548483261631481960708036392274431461987971101297366371989016679827806403713622
                                                                                      371033405218550523121647096966523262963921416072784548862923975942202594732743978033359655612807427244
                                                                                     556550107827825784682470645449784894445882124109176823294385963913303892099115967050039483419211140866
                                                                                    371033405218550523121647096966523262963921416072784548862923975942202594732743978033359655612807427244
                                                                                   463791756523188153902058871208154078704901770090980686078654969927753243415929972541699569516009284055
                                                                                  834825161741738677023705968174677341668823186163765234941578945869955838148673950575059225128816711299
                                                                                 371033405218550523121647096966523262963921416072784548862923975942202594732743978033359655612807427244
                                                                                371033405218550523121647096966523262963921416072784548862923975942202594732743978033359655612807427244
                                                                               742066810437101046243294193933046525927842832145569097725847951884405189465487956066719311225614854488
                                                                              371033405218550523121647096966523262963921416072784548862923975942202594732743978033359655612807427244
                                                                             742066810437101046243294193933046525927842832145569097725847951884405189465487956066719311225614854488
                                                                            185516702609275261560823548483261631481960708036392274431461987971101297366371989016679827806403713622
                                                                            92758351304637630780411774241630815740980354018196137215730993985550648683185994508339913903201856811
                                                                          371033405218550523121647096966523262963921416072784548862923975942202594732743978033359655612807427244
                                                                          92758351304637630780411774241630815740980354018196137215730993985550648683185994508339913903201856811
                                                                        463791756523188153902058871208154078704901770090980686078654969927753243415929972541699569516009284055
                                                                        92758351304637630780411774241630815740980354018196137215730993985550648683185994508339913903201856811
                                                                      185516702609275261560823548483261631481960708036392274431461987971101297366371989016679827806403713622
                                                                     742066810437101046243294193933046525927842832145569097725847951884405189465487956066719311225614854488
                                                                    649308459132463415462882419691415710186862478127372960510116957898854540782301961558379397322412997677
                                                                   185516702609275261560823548483261631481960708036392274431461987971101297366371989016679827806403713622
                                                                  556550107827825784682470645449784894445882124109176823294385963913303892099115967050039483419211140866
                                                                 463791756523188153902058871208154078704901770090980686078654969927753243415929972541699569516009284055
                                                                                                                                                                     0
                                                               371033405218550523121647096966523262963921416072784548862923975942202594732743978033359655612807427244
                                                              834825161741738677023705968174677341668823186163765234941578945869955838148673950575059225128816711299
                                                             649308459132463415462882419691415710186862478127372960510116957898854540782301961558379397322412997677
                                                            185516702609275261560823548483261631481960708036392274431461987971101297366371989016679827806403713622
                                                           463791756523188153902058871208154078704901770090980686078654969927753243415929972541699569516009284055
                                                          185516702609275261560823548483261631481960708036392274431461987971101297366371989016679827806403713622
                                                         742066810437101046243294193933046525927842832145569097725847951884405189465487956066719311225614854488
                                                        742066810437101046243294193933046525927842832145569097725847951884405189465487956066719311225614854488
                                                       742066810437101046243294193933046525927842832145569097725847951884405189465487956066719311225614854488
                                                      556550107827825784682470645449784894445882124109176823294385963913303892099115967050039483419211140866
                                                     834825161741738677023705968174677341668823186163765234941578945869955838148673950575059225128816711299
                                                     92758351304637630780411774241630815740980354018196137215730993985550648683185994508339913903201856811
                                                                                                                                                        0
                                                                                                                                                       0
                                                 463791756523188153902058871208154078704901770090980686078654969927753243415929972541699569516009284055
                                                463791756523188153902058871208154078704901770090980686078654969927753243415929972541699569516009284055
                                               278275053913912892341235322724892447222941062054588411647192981956651946049557983525019741709605570433
                                              278275053913912892341235322724892447222941062054588411647192981956651946049557983525019741709605570433
                                              92758351304637630780411774241630815740980354018196137215730993985550648683185994508339913903201856811
                                            463791756523188153902058871208154078704901770090980686078654969927753243415929972541699569516009284055
                                           278275053913912892341235322724892447222941062054588411647192981956651946049557983525019741709605570433
                                          742066810437101046243294193933046525927842832145569097725847951884405189465487956066719311225614854488
                                         556550107827825784682470645449784894445882124109176823294385963913303892099115967050039483419211140866
                                        278275053913912892341235322724892447222941062054588411647192981956651946049557983525019741709605570433
                                       834825161741738677023705968174677341668823186163765234941578945869955838148673950575059225128816711299
                                       92758351304637630780411774241630815740980354018196137215730993985550648683185994508339913903201856811
                                     185516702609275261560823548483261631481960708036392274431461987971101297366371989016679827806403713622
                                     92758351304637630780411774241630815740980354018196137215730993985550648683185994508339913903201856811
                                   185516702609275261560823548483261631481960708036392274431461987971101297366371989016679827806403713622
                                  463791756523188153902058871208154078704901770090980686078654969927753243415929972541699569516009284055
                                 278275053913912892341235322724892447222941062054588411647192981956651946049557983525019741709605570433
                                185516702609275261560823548483261631481960708036392274431461987971101297366371989016679827806403713622
                               371033405218550523121647096966523262963921416072784548862923975942202594732743978033359655612807427244
                              371033405218550523121647096966523262963921416072784548862923975942202594732743978033359655612807427244
                             278275053913912892341235322724892447222941062054588411647192981956651946049557983525019741709605570433
                            649308459132463415462882419691415710186862478127372960510116957898854540782301961558379397322412997677
                           278275053913912892341235322724892447222941062054588411647192981956651946049557983525019741709605570433
                           92758351304637630780411774241630815740980354018196137215730993985550648683185994508339913903201856811
                         742066810437101046243294193933046525927842832145569097725847951884405189465487956066719311225614854488
                        649308459132463415462882419691415710186862478127372960510116957898854540782301961558379397322412997677
                       463791756523188153902058871208154078704901770090980686078654969927753243415929972541699569516009284055
                      834825161741738677023705968174677341668823186163765234941578945869955838148673950575059225128816711299
                     463791756523188153902058871208154078704901770090980686078654969927753243415929972541699569516009284055
                    463791756523188153902058871208154078704901770090980686078654969927753243415929972541699569516009284055
                   556550107827825784682470645449784894445882124109176823294385963913303892099115967050039483419211140866
                  185516702609275261560823548483261631481960708036392274431461987971101297366371989016679827806403713622
                 371033405218550523121647096966523262963921416072784548862923975942202594732743978033359655612807427244
                649308459132463415462882419691415710186862478127372960510116957898854540782301961558379397322412997677
               834825161741738677023705968174677341668823186163765234941578945869955838148673950575059225128816711299
              185516702609275261560823548483261631481960708036392274431461987971101297366371989016679827806403713622
             742066810437101046243294193933046525927842832145569097725847951884405189465487956066719311225614854488
            834825161741738677023705968174677341668823186163765234941578945869955838148673950575059225128816711299
           742066810437101046243294193933046525927842832145569097725847951884405189465487956066719311225614854488
          463791756523188153902058871208154078704901770090980686078654969927753243415929972541699569516009284055
          92758351304637630780411774241630815740980354018196137215730993985550648683185994508339913903201856811
        649308459132463415462882419691415710186862478127372960510116957898854540782301961558379397322412997677
       834825161741738677023705968174677341668823186163765234941578945869955838148673950575059225128816711299
      556550107827825784682470645449784894445882124109176823294385963913303892099115967050039483419211140866
     742066810437101046243294193933046525927842832145569097725847951884405189465487956066719311225614854488
    834825161741738677023705968174677341668823186163765234941578945869955838148673950575059225128816711299
    92758351304637630780411774241630815740980354018196137215730993985550648683185994508339913903201856811
  834825161741738677023705968174677341668823186163765234941578945869955838148673950575059225128816711299
 742066810437101046243294193933046525927842832145569097725847951884405189465487956066719311225614854488
649308459132463415462882419691415710186862478127372960510116957898854540782301961558379397322412997677
----------------------------------------------------------------------------------------------------------------------------------------------------------------------------------------------------------
7320477000023526684745236268240450511064975640824587702245349872411038141229250121740937615081684089284728040612506979472041764585199295167631056201350257584653784943383446512508201047106657071308873377

