                                                                                                     75612341370899787675037443555142703048186165134891495149405019280684592118722111351866816327345314764
                                                                                                    *18595817921549208372645109257997756347130295216053317828853543328962776805327932373066941396638525803
                                                                                                    ------------------------------------------------------------------------------------------------------
                                                                                                    226837024112699363025112330665428109144558495404674485448215057842053776356166334055600448982035944292
                                                                                                                                                                                                        0
                                                                                                  604898730967198301400299548441141624385489321079131961195240154245476736949776890814934530618762518112
                                                                                                 378061706854498938375187217775713515240930825674457475747025096403422960593610556759334081636726573820
                                                                                                151224682741799575350074887110285406096372330269782990298810038561369184237444222703733632654690629528
                                                                                               378061706854498938375187217775713515240930825674457475747025096403422960593610556759334081636726573820
                                                                                              604898730967198301400299548441141624385489321079131961195240154245476736949776890814934530618762518112
                                                                                             226837024112699363025112330665428109144558495404674485448215057842053776356166334055600448982035944292
                                                                                            453674048225398726050224661330856218289116990809348970896430115684107552712332668111200897964071888584
                                                                                           453674048225398726050224661330856218289116990809348970896430115684107552712332668111200897964071888584
                                                                                          680511072338098089075336991996284327433675486214023456344645173526161329068499002166801346946107832876
                                                                                         226837024112699363025112330665428109144558495404674485448215057842053776356166334055600448982035944292
                                                                                         75612341370899787675037443555142703048186165134891495149405019280684592118722111351866816327345314764
                                                                                       302449365483599150700149774220570812192744660539565980597620077122738368474888445407467265309381259056
                                                                                      680511072338098089075336991996284327433675486214023456344645173526161329068499002166801346946107832876
                                                                                     453674048225398726050224661330856218289116990809348970896430115684107552712332668111200897964071888584
                                                                                    453674048225398726050224661330856218289116990809348970896430115684107552712332668111200897964071888584
                                                                                                                                                                                        0
                                                                                  226837024112699363025112330665428109144558495404674485448215057842053776356166334055600448982035944292
                                                                                 529286389596298513725262104885998921337303155944240466045835134964792144831054779463067714291417203348
                                                                                226837024112699363025112330665428109144558495404674485448215057842053776356166334055600448982035944292
                                                                               151224682741799575350074887110285406096372330269782990298810038561369184237444222703733632654690629528
                                                                              226837024112699363025112330665428109144558495404674485448215057842053776356166334055600448982035944292
                                                                             680511072338098089075336991996284327433675486214023456344645173526161329068499002166801346946107832876
                                                                            529286389596298513725262104885998921337303155944240466045835134964792144831054779463067714291417203348
                                                                           151224682741799575350074887110285406096372330269782990298810038561369184237444222703733632654690629528
                                                                          226837024112699363025112330665428109144558495404674485448215057842053776356166334055600448982035944292
                                                                         378061706854498938375187217775713515240930825674457475747025096403422960593610556759334081636726573820
                                                                                                                                                                             0
                                                                       604898730967198301400299548441141624385489321079131961195240154245476736949776890814934530618762518112
                                                                      453674048225398726050224661330856218289116990809348970896430115684107552712332668111200897964071888584
                                                                     529286389596298513725262104885998921337303155944240466045835134964792144831054779463067714291417203348
                                                                    529286389596298513725262104885998921337303155944240466045835134964792144831054779463067714291417203348
                                                                   151224682741799575350074887110285406096372330269782990298810038561369184237444222703733632654690629528
                                                                  453674048225398726050224661330856218289116990809348970896430115684107552712332668111200897964071888584
                                                                 680511072338098089075336991996284327433675486214023456344645173526161329068499002166801346946107832876
                                                                604898730967198301400299548441141624385489321079131961195240154245476736949776890814934530618762518112
                                                               151224682741799575350074887110285406096372330269782990298810038561369184237444222703733632654690629528
                                                              226837024112699363025112330665428109144558495404674485448215057842053776356166334055600448982035944292
                                                             226837024112699363025112330665428109144558495404674485448215057842053776356166334055600448982035944292
                                                            302449365483599150700149774220570812192744660539565980597620077122738368474888445407467265309381259056
                                                           378061706854498938375187217775713515240930825674457475747025096403422960593610556759334081636726573820
                                                          226837024112699363025112330665428109144558495404674485448215057842053776356166334055600448982035944292
                                                         378061706854498938375187217775713515240930825674457475747025096403422960593610556759334081636726573820
                                                        604898730967198301400299548441141624385489321079131961195240154245476736949776890814934530618762518112
                                                       604898730967198301400299548441141624385489321079131961195240154245476736949776890814934530618762518112
                                                      151224682741799575350074887110285406096372330269782990298810038561369184237444222703733632654690629528
                                                     604898730967198301400299548441141624385489321079131961195240154245476736949776890814934530618762518112
                                                    529286389596298513725262104885998921337303155944240466045835134964792144831054779463067714291417203348
                                                    75612341370899787675037443555142703048186165134891495149405019280684592118722111351866816327345314764
                                                  226837024112699363025112330665428109144558495404674485448215057842053776356166334055600448982035944292
                                                 226837024112699363025112330665428109144558495404674485448215057842053776356166334055600448982035944292
                                                378061706854498938375187217775713515240930825674457475747025096403422960593610556759334081636726573820
                                                                                                                                                    0
                                              453674048225398726050224661330856218289116990809348970896430115684107552712332668111200897964071888584
                                              75612341370899787675037443555142703048186165134891495149405019280684592118722111351866816327345314764
                                            151224682741799575350074887110285406096372330269782990298810038561369184237444222703733632654690629528
                                           378061706854498938375187217775713515240930825674457475747025096403422960593610556759334081636726573820
                                          680511072338098089075336991996284327433675486214023456344645173526161329068499002166801346946107832876
                                         151224682741799575350074887110285406096372330269782990298810038561369184237444222703733632654690629528
                                                                                                                                             0
                                       226837024112699363025112330665428109144558495404674485448215057842053776356166334055600448982035944292
                                       75612341370899787675037443555142703048186165134891495149405019280684592118722111351866816327345314764
                                     529286389596298513725262104885998921337303155944240466045835134964792144831054779463067714291417203348
                                    302449365483599150700149774220570812192744660539565980597620077122738368474888445407467265309381259056
                                   226837024112699363025112330665428109144558495404674485448215057842053776356166334055600448982035944292
                                  453674048225398726050224661330856218289116990809348970896430115684107552712332668111200897964071888584
                                 378061706854498938375187217775713515240930825674457475747025096403422960593610556759334081636726573820
                                529286389596298513725262104885998921337303155944240466045835134964792144831054779463067714291417203348
                               529286389596298513725262104885998921337303155944240466045835134964792144831054779463067714291417203348
                              680511072338098089075336991996284327433675486214023456344645173526161329068499002166801346946107832876
                             680511072338098089075336991996284327433675486214023456344645173526161329068499002166801346946107832876
                            529286389596298513725262104885998921337303155944240466045835134964792144831054779463067714291417203348
                           378061706854498938375187217775713515240930825674457475747025096403422960593610556759334081636726573820
                          151224682741799575350074887110285406096372330269782990298810038561369184237444222703733632654690629528
                         680511072338098089075336991996284327433675486214023456344645173526161329068499002166801346946107832876
                                                                                                                             0
                        75612341370899787675037443555142703048186165134891495149405019280684592118722111351866816327345314764
                      378061706854498938375187217775713515240930825674457475747025096403422960593610556759334081636726573820
                     302449365483599150700149774220570812192744660539565980597620077122738368474888445407467265309381259056
                    453674048225398726050224661330856218289116990809348970896430115684107552712332668111200897964071888584
                   151224682741799575350074887110285406096372330269782990298810038561369184237444222703733632654690629528
                  529286389596298513725262104885998921337303155944240466045835134964792144831054779463067714291417203348
                 226837024112699363025112330665428109144558495404674485448215057842053776356166334055600448982035944292
                604898730967198301400299548441141624385489321079131961195240154245476736949776890814934530618762518112
                                                                                                                    0
              151224682741799575350074887110285406096372330269782990298810038561369184237444222703733632654690629528
             680511072338098089075336991996284327433675486214023456344645173526161329068499002166801346946107832876
            302449365483599150700149774220570812192744660539565980597620077122738368474888445407467265309381259056
           378061706854498938375187217775713515240930825674457475747025096403422960593610556759334081636726573820
           75612341370899787675037443555142703048186165134891495149405019280684592118722111351866816327345314764
         151224682741799575350074887110285406096372330269782990298810038561369184237444222703733632654690629528
        680511072338098089075336991996284327433675486214023456344645173526161329068499002166801346946107832876
       529286389596298513725262104885998921337303155944240466045835134964792144831054779463067714291417203348
       75612341370899787675037443555142703048186165134891495149405019280684592118722111351866816327345314764
     604898730967198301400299548441141624385489321079131961195240154245476736949776890814934530618762518112
    378061706854498938375187217775713515240930825674457475747025096403422960593610556759334081636726573820
   680511072338098089075336991996284327433675486214023456344645173526161329068499002166801346946107832876
  378061706854498938375187217775713515240930825674457475747025096403422960593610556759334081636726573820
 604898730967198301400299548441141624385489321079131961195240154245476736949776890814934530618762518112
 75612341370899787675037443555142703048186165134891495149405019280684592118722111351866816327345314764
----------------------------------------------------------------------------------------------------------------------------------------------------------------------------------------------------------
1406073332755274910498754559210155825442502465596431549484534707284655833298666146340448605144939519125791735648447605033716302260622987127764041860434461213770841372680662256824717760833248511970855492

