                                                                                       28356326664763072853673788567249174707374840148423790168025759667147984
                                                                      *368482235514621523199065780578005844177638100252662579157104005590917781591626983130056
                                                                      ----------------------------------------------------------------------------------------
                                                                                      170137959988578437122042731403495048244249040890542741008154558002887904
                                                                                     141781633323815364268368942836245873536874200742118950840128798335739920
                                                                                                                                                           0
                                                                                                                                                          0
                                                                                   85068979994289218561021365701747524122124520445271370504077279001443952
                                                                                  28356326664763072853673788567249174707374840148423790168025759667147984
                                                                                 85068979994289218561021365701747524122124520445271370504077279001443952
                                                                               226850613318104582829390308537993397658998721187390321344206077337183872
                                                                              255206939982867655683064097105242572366373561335814111512231837004331856
                                                                             170137959988578437122042731403495048244249040890542741008154558002887904
                                                                             56712653329526145707347577134498349414749680296847580336051519334295968
                                                                           170137959988578437122042731403495048244249040890542741008154558002887904
                                                                           28356326664763072853673788567249174707374840148423790168025759667147984
                                                                         255206939982867655683064097105242572366373561335814111512231837004331856
                                                                        141781633323815364268368942836245873536874200742118950840128798335739920
                                                                        28356326664763072853673788567249174707374840148423790168025759667147984
                                                                      226850613318104582829390308537993397658998721187390321344206077337183872
                                                                     198494286653341509975716519970744222951623881038966531176180317670035888
                                                                    198494286653341509975716519970744222951623881038966531176180317670035888
                                                                    28356326664763072853673788567249174707374840148423790168025759667147984
                                                                  255206939982867655683064097105242572366373561335814111512231837004331856
                                                                                                                                        0
                                                                255206939982867655683064097105242572366373561335814111512231837004331856
                                                               141781633323815364268368942836245873536874200742118950840128798335739920
                                                              141781633323815364268368942836245873536874200742118950840128798335739920
                                                                                                                                    0
                                                                                                                                   0
                                                           113425306659052291414695154268996698829499360593695160672103038668591936
                                                                                                                                 0
                                                          28356326664763072853673788567249174707374840148423790168025759667147984
                                                        198494286653341509975716519970744222951623881038966531176180317670035888
                                                       141781633323815364268368942836245873536874200742118950840128798335739920
                                                       28356326664763072853673788567249174707374840148423790168025759667147984
                                                     255206939982867655683064097105242572366373561335814111512231837004331856
                                                    198494286653341509975716519970744222951623881038966531176180317670035888
                                                   141781633323815364268368942836245873536874200742118950840128798335739920
                                                   56712653329526145707347577134498349414749680296847580336051519334295968
                                                 170137959988578437122042731403495048244249040890542741008154558002887904
                                                170137959988578437122042731403495048244249040890542741008154558002887904
                                                56712653329526145707347577134498349414749680296847580336051519334295968
                                              141781633323815364268368942836245873536874200742118950840128798335739920
                                              56712653329526145707347577134498349414749680296847580336051519334295968
                                                                                                                   0
                                                                                                                  0
                                           28356326664763072853673788567249174707374840148423790168025759667147984
                                         226850613318104582829390308537993397658998721187390321344206077337183872
                                         85068979994289218561021365701747524122124520445271370504077279001443952
                                       170137959988578437122042731403495048244249040890542741008154558002887904
                                      198494286653341509975716519970744222951623881038966531176180317670035888
                                     198494286653341509975716519970744222951623881038966531176180317670035888
                                     28356326664763072853673788567249174707374840148423790168025759667147984
                                   113425306659052291414695154268996698829499360593695160672103038668591936
                                  113425306659052291414695154268996698829499360593695160672103038668591936
                                 226850613318104582829390308537993397658998721187390321344206077337183872
                                141781633323815364268368942836245873536874200742118950840128798335739920
                                                                                                      0
                                                                                                     0
                             226850613318104582829390308537993397658998721187390321344206077337183872
                            198494286653341509975716519970744222951623881038966531176180317670035888
                           141781633323815364268368942836245873536874200742118950840128798335739920
                                                                                                 0
                         226850613318104582829390308537993397658998721187390321344206077337183872
                        198494286653341509975716519970744222951623881038966531176180317670035888
                       141781633323815364268368942836245873536874200742118950840128798335739920
                      170137959988578437122042731403495048244249040890542741008154558002887904
                                                                                            0
                    255206939982867655683064097105242572366373561335814111512231837004331856
                   255206939982867655683064097105242572366373561335814111512231837004331856
                   28356326664763072853673788567249174707374840148423790168025759667147984
                  85068979994289218561021365701747524122124520445271370504077279001443952
                 56712653329526145707347577134498349414749680296847580336051519334295968
               141781633323815364268368942836245873536874200742118950840128798335739920
               28356326664763072853673788567249174707374840148423790168025759667147984
              56712653329526145707347577134498349414749680296847580336051519334295968
            170137959988578437122042731403495048244249040890542741008154558002887904
           113425306659052291414695154268996698829499360593695160672103038668591936
           28356326664763072853673788567249174707374840148423790168025759667147984
         141781633323815364268368942836245873536874200742118950840128798335739920
        141781633323815364268368942836245873536874200742118950840128798335739920
        85068979994289218561021365701747524122124520445271370504077279001443952
       56712653329526145707347577134498349414749680296847580336051519334295968
      56712653329526145707347577134498349414749680296847580336051519334295968
    226850613318104582829390308537993397658998721187390321344206077337183872
   113425306659052291414695154268996698829499360593695160672103038668591936
  226850613318104582829390308537993397658998721187390321344206077337183872
 170137959988578437122042731403495048244249040890542741008154558002887904
 85068979994289218561021365701747524122124520445271370504077279001443952
--------------------------------------------------------------------------------------------------------------------------------------------------------------
10448802640414768851140202860140967060193357859449427418747397431927136061849304661594683992834816086949884908205200925528131660303853016154108187722870207104

