                    789123789456789123789
                   *100000000000000000000
                   ----------------------
                                        0
                                       0
                                      0
                                     0
                                    0
                                   0
                                  0
                                 0
                                0
                               0
                              0
                             0
                            0
                           0
                          0
                         0
                        0
                       0
                      0
                     0
789123789456789123789
-----------------------------------------
78912378945678912378900000000000000000000

