                                                 4771459652869677321121674369816394439395581448
                                             *3803035710180097381720026607055346649220338338166
                                             --------------------------------------------------
                                                28628757917218063926730046218898366636373488688
                                               28628757917218063926730046218898366636373488688
                                               4771459652869677321121674369816394439395581448
                                             38171677222957418568973394958531155515164651584
                                            14314378958609031963365023109449183318186744344
                                           14314378958609031963365023109449183318186744344
                                          38171677222957418568973394958531155515164651584
                                         14314378958609031963365023109449183318186744344
                                        14314378958609031963365023109449183318186744344
                                                                                     0
                                       9542919305739354642243348739632788878791162896
                                      9542919305739354642243348739632788878791162896
                                    42943136875827095890095069328347549954560233032
                                   19085838611478709284486697479265577757582325792
                                  28628757917218063926730046218898366636373488688
                                 28628757917218063926730046218898366636373488688
                                19085838611478709284486697479265577757582325792
                               14314378958609031963365023109449183318186744344
                              23857298264348386605608371849081972196977907240
                             23857298264348386605608371849081972196977907240
                                                                          0
                           33400217570087741247851720588714761075769070136
                                                                        0
                         28628757917218063926730046218898366636373488688
                        28628757917218063926730046218898366636373488688
                        9542919305739354642243348739632788878791162896
                                                                    0
                                                                   0
                     9542919305739354642243348739632788878791162896
                   33400217570087741247851720588714761075769070136
                   4771459652869677321121674369816394439395581448
                 38171677222957418568973394958531155515164651584
                14314378958609031963365023109449183318186744344
               33400217570087741247851720588714761075769070136
              42943136875827095890095069328347549954560233032
                                                           0
                                                          0
           38171677222957418568973394958531155515164651584
           4771459652869677321121674369816394439395581448
                                                       0
         4771459652869677321121674369816394439395581448
       33400217570087741247851720588714761075769070136
      23857298264348386605608371849081972196977907240
     14314378958609031963365023109449183318186744344
                                                  0
   14314378958609031963365023109449183318186744344
                                                0
 38171677222957418568973394958531155515164651584
14314378958609031963365023109449183318186744344
-----------------------------------------------------------------------------------------------
18146031449546914218867440807809839611194049146988182754475787968007105615871753369735619944368

