                                                                                                     66113177586494082663269214293060771199857496995251687509039345313523418267957472540391395239760123464
                                                                                                    *38107671407811834787075786921673584241491282365844541020722880248673812940287861226438411790724581963
                                                                                                    ------------------------------------------------------------------------------------------------------
                                                                                                    198339532759482247989807642879182313599572490985755062527118035940570254803872417621174185719280370392
                                                                                                   396679065518964495979615285758364627199144981971510125054236071881140509607744835242348371438560740784
                                                                                                  595018598278446743969422928637546940798717472957265187581354107821710764411617252863522557157841111176
                                                                                                  66113177586494082663269214293060771199857496995251687509039345313523418267957472540391395239760123464
                                                                                                528905420691952661306153714344486169598859975962013500072314762508187346143659780323131161918080987712
                                                                                               330565887932470413316346071465303855999287484976258437545196726567617091339787362701956976198800617320
                                                                                              264452710345976330653076857172243084799429987981006750036157381254093673071829890161565580959040493856
                                                                                             132226355172988165326538428586121542399714993990503375018078690627046836535914945080782790479520246928
                                                                                            462792243105458578642884500051425398399002478966761812563275417194663927875702307782739766678320864248
                                                                                                                                                                                                0
                                                                                          595018598278446743969422928637546940798717472957265187581354107821710764411617252863522557157841111176
                                                                                         462792243105458578642884500051425398399002478966761812563275417194663927875702307782739766678320864248
                                                                                         66113177586494082663269214293060771199857496995251687509039345313523418267957472540391395239760123464
                                                                                        66113177586494082663269214293060771199857496995251687509039345313523418267957472540391395239760123464
                                                                                      264452710345976330653076857172243084799429987981006750036157381254093673071829890161565580959040493856
                                                                                     528905420691952661306153714344486169598859975962013500072314762508187346143659780323131161918080987712
                                                                                    198339532759482247989807642879182313599572490985755062527118035940570254803872417621174185719280370392
                                                                                   264452710345976330653076857172243084799429987981006750036157381254093673071829890161565580959040493856
                                                                                  396679065518964495979615285758364627199144981971510125054236071881140509607744835242348371438560740784
                                                                                 132226355172988165326538428586121542399714993990503375018078690627046836535914945080782790479520246928
                                                                                132226355172988165326538428586121542399714993990503375018078690627046836535914945080782790479520246928
                                                                                66113177586494082663269214293060771199857496995251687509039345313523418267957472540391395239760123464
                                                                              396679065518964495979615285758364627199144981971510125054236071881140509607744835242348371438560740784
                                                                             528905420691952661306153714344486169598859975962013500072314762508187346143659780323131161918080987712
                                                                            462792243105458578642884500051425398399002478966761812563275417194663927875702307782739766678320864248
                                                                           528905420691952661306153714344486169598859975962013500072314762508187346143659780323131161918080987712
                                                                          132226355172988165326538428586121542399714993990503375018078690627046836535914945080782790479520246928
                                                                                                                                                                              0
                                                                        264452710345976330653076857172243084799429987981006750036157381254093673071829890161565580959040493856
                                                                       595018598278446743969422928637546940798717472957265187581354107821710764411617252863522557157841111176
                                                                      132226355172988165326538428586121542399714993990503375018078690627046836535914945080782790479520246928
                                                                      66113177586494082663269214293060771199857496995251687509039345313523418267957472540391395239760123464
                                                                    528905420691952661306153714344486169598859975962013500072314762508187346143659780323131161918080987712
                                                                   198339532759482247989807642879182313599572490985755062527118035940570254803872417621174185719280370392
                                                                  462792243105458578642884500051425398399002478966761812563275417194663927875702307782739766678320864248
                                                                 396679065518964495979615285758364627199144981971510125054236071881140509607744835242348371438560740784
                                                                528905420691952661306153714344486169598859975962013500072314762508187346143659780323131161918080987712
                                                               264452710345976330653076857172243084799429987981006750036157381254093673071829890161565580959040493856
                                                              132226355172988165326538428586121542399714993990503375018078690627046836535914945080782790479520246928
                                                                                                                                                                  0
                                                            528905420691952661306153714344486169598859975962013500072314762508187346143659780323131161918080987712
                                                           528905420691952661306153714344486169598859975962013500072314762508187346143659780323131161918080987712
                                                          132226355172988165326538428586121542399714993990503375018078690627046836535914945080782790479520246928
                                                         132226355172988165326538428586121542399714993990503375018078690627046836535914945080782790479520246928
                                                        462792243105458578642884500051425398399002478966761812563275417194663927875702307782739766678320864248
                                                                                                                                                            0
                                                      132226355172988165326538428586121542399714993990503375018078690627046836535914945080782790479520246928
                                                                                                                                                          0
                                                     66113177586494082663269214293060771199857496995251687509039345313523418267957472540391395239760123464
                                                   264452710345976330653076857172243084799429987981006750036157381254093673071829890161565580959040493856
                                                  330565887932470413316346071465303855999287484976258437545196726567617091339787362701956976198800617320
                                                 264452710345976330653076857172243084799429987981006750036157381254093673071829890161565580959040493856
                                                264452710345976330653076857172243084799429987981006750036157381254093673071829890161565580959040493856
                                               528905420691952661306153714344486169598859975962013500072314762508187346143659780323131161918080987712
                                              330565887932470413316346071465303855999287484976258437545196726567617091339787362701956976198800617320
                                             396679065518964495979615285758364627199144981971510125054236071881140509607744835242348371438560740784
                                            198339532759482247989807642879182313599572490985755062527118035940570254803872417621174185719280370392
                                           132226355172988165326538428586121542399714993990503375018078690627046836535914945080782790479520246928
                                          528905420691952661306153714344486169598859975962013500072314762508187346143659780323131161918080987712
                                         132226355172988165326538428586121542399714993990503375018078690627046836535914945080782790479520246928
                                         66113177586494082663269214293060771199857496995251687509039345313523418267957472540391395239760123464
                                       595018598278446743969422928637546940798717472957265187581354107821710764411617252863522557157841111176
                                      264452710345976330653076857172243084799429987981006750036157381254093673071829890161565580959040493856
                                      66113177586494082663269214293060771199857496995251687509039345313523418267957472540391395239760123464
                                    264452710345976330653076857172243084799429987981006750036157381254093673071829890161565580959040493856
                                   132226355172988165326538428586121542399714993990503375018078690627046836535914945080782790479520246928
                                  264452710345976330653076857172243084799429987981006750036157381254093673071829890161565580959040493856
                                 528905420691952661306153714344486169598859975962013500072314762508187346143659780323131161918080987712
                                330565887932470413316346071465303855999287484976258437545196726567617091339787362701956976198800617320
                               198339532759482247989807642879182313599572490985755062527118035940570254803872417621174185719280370392
                              462792243105458578642884500051425398399002478966761812563275417194663927875702307782739766678320864248
                             396679065518964495979615285758364627199144981971510125054236071881140509607744835242348371438560740784
                             66113177586494082663269214293060771199857496995251687509039345313523418267957472540391395239760123464
                           132226355172988165326538428586121542399714993990503375018078690627046836535914945080782790479520246928
                          595018598278446743969422928637546940798717472957265187581354107821710764411617252863522557157841111176
                         396679065518964495979615285758364627199144981971510125054236071881140509607744835242348371438560740784
                        528905420691952661306153714344486169598859975962013500072314762508187346143659780323131161918080987712
                       462792243105458578642884500051425398399002478966761812563275417194663927875702307782739766678320864248
                      330565887932470413316346071465303855999287484976258437545196726567617091339787362701956976198800617320
                     462792243105458578642884500051425398399002478966761812563275417194663927875702307782739766678320864248
                                                                                                                         0
                   462792243105458578642884500051425398399002478966761812563275417194663927875702307782739766678320864248
                  528905420691952661306153714344486169598859975962013500072314762508187346143659780323131161918080987712
                 462792243105458578642884500051425398399002478966761812563275417194663927875702307782739766678320864248
                264452710345976330653076857172243084799429987981006750036157381254093673071829890161565580959040493856
               198339532759482247989807642879182313599572490985755062527118035940570254803872417621174185719280370392
              528905420691952661306153714344486169598859975962013500072314762508187346143659780323131161918080987712
              66113177586494082663269214293060771199857496995251687509039345313523418267957472540391395239760123464
             66113177586494082663269214293060771199857496995251687509039345313523418267957472540391395239760123464
           528905420691952661306153714344486169598859975962013500072314762508187346143659780323131161918080987712
          462792243105458578642884500051425398399002478966761812563275417194663927875702307782739766678320864248
                                                                                                              0
        264452710345976330653076857172243084799429987981006750036157381254093673071829890161565580959040493856
        66113177586494082663269214293060771199857496995251687509039345313523418267957472540391395239760123464
      462792243105458578642884500051425398399002478966761812563275417194663927875702307782739766678320864248
     396679065518964495979615285758364627199144981971510125054236071881140509607744835242348371438560740784
    462792243105458578642884500051425398399002478966761812563275417194663927875702307782739766678320864248
                                                                                                        0
   66113177586494082663269214293060771199857496995251687509039345313523418267957472540391395239760123464
 528905420691952661306153714344486169598859975962013500072314762508187346143659780323131161918080987712
198339532759482247989807642879182313599572490985755062527118035940570254803872417621174185719280370392
----------------------------------------------------------------------------------------------------------------------------------------------------------------------------------------------------------
2519419247192426800730593758546062616762388687850916007635038532934344078714974467345037151884401328649265455078396409259607324999032707211162381297023962209991698346984261587754515713607486468667479832

