                                                                                                     91
 *93698321847455822465790269738648017840024760352698177194068932733528620107132302219029535339613966828
 ------------------------------------------------------------------------------------------------------
                                                                                                    728
                                                                                                   182
                                                                                                  728
                                                                                                 546
                                                                                                546
                                                                                               819
                                                                                              273
                                                                                              91
                                                                                            546
                                                                                           819
                                                                                          273
                                                                                         273
                                                                                        455
                                                                                       273
                                                                                      455
                                                                                     819
                                                                                    182
                                                                                     0
                                                                                  819
                                                                                  91
                                                                                182
                                                                               182
                                                                                0
                                                                             273
                                                                            182
                                                                           273
                                                                           91
                                                                         637
                                                                          0
                                                                        91
                                                                        0
                                                                     182
                                                                    546
                                                                   728
                                                                  182
                                                                 455
                                                                273
                                                               273
                                                              637
                                                             182
                                                            273
                                                           819
                                                          728
                                                         546
                                                          0
                                                       364
                                                      819
                                                      91
                                                    637
                                                   637
                                                   91
                                                 728
                                                819
                                               546
                                              182
                                             455
                                            273
                                             0
                                          546
                                         637
                                        364
                                       182
                                        0
                                       0
                                    364
                                   728
                                  637
                                  91
                                  0
                               728
                              364
                             546
                            728
                           273
                          637
                         819
                        546
                       182
                        0
                     819
                    637
                   455
                  546
                 364
                182
               182
              728
             455
            455
           364
          637
         364
        728
        91
      182
     273
    728
   819
  546
 273
819
-------------------------------------------------------------------------------------------------------
8526547288118479844386914546216969623442253192095534124660272878751104429749039501931687715904870981348

