                                                            196103222864988793
                 *965989252813713323746033421301607195120311793025400003356586
                 -------------------------------------------------------------
                                                           1176619337189932758
                                                          1568825782919910344
                                                          980516114324943965
                                                        1176619337189932758
                                                        980516114324943965
                                                       588309668594966379
                                                      588309668594966379
                                                                      0
                                                                     0
                                                                    0
                                                                   0
                                                 784412891459955172
                                                980516114324943965
                                               392206445729977586
                                                               0
                                             588309668594966379
                                           1764929005784899137
                                          1372722560054921551
                                          196103222864988793
                                         196103222864988793
                                        588309668594966379
                                                        0
                                      392206445729977586
                                     196103222864988793
                                    980516114324943965
                                  1764929005784899137
                                  196103222864988793
                                1372722560054921551
                                                 0
                              1176619337189932758
                              196103222864988793
                                              0
                            588309668594966379
                           196103222864988793
                          392206445729977586
                         784412891459955172
                        588309668594966379
                       588309668594966379
                                       0
                    1176619337189932758
                    784412891459955172
                  1372722560054921551
                  588309668594966379
                 392206445729977586
                588309668594966379
               588309668594966379
              196103222864988793
            1372722560054921551
            588309668594966379
           196103222864988793
         1568825782919910344
         392206445729977586
        980516114324943965
       392206445729977586
     1764929005784899137
    1568825782919910344
   1764929005784899137
   980516114324943965
 1176619337189932758
1764929005784899137
------------------------------------------------------------------------------
189433605729711626413232005392028292370813516924112056129743896765701272740698

