                                         93223859190855132960205434408177400896705881394680611254795503353432
                                                                   *11269073910826939586432565100420656554955
                                        ---------------------------------------------------------------------
                                        466119295954275664801027172040887004483529406973403056273977516767160
                                       466119295954275664801027172040887004483529406973403056273977516767160
                                      839014732717696196641848909673596608070352932552125501293159530180888
                                     372895436763420531840821737632709603586823525578722445019182013413728
                                    466119295954275664801027172040887004483529406973403056273977516767160
                                   466119295954275664801027172040887004483529406973403056273977516767160
                                  559343155145130797761232606449064405380235288368083667528773020120592
                                 466119295954275664801027172040887004483529406973403056273977516767160
                                559343155145130797761232606449064405380235288368083667528773020120592
                                                                                                   0
                              186447718381710265920410868816354801793411762789361222509591006706864
                             372895436763420531840821737632709603586823525578722445019182013413728
                                                                                                0
                                                                                               0
                           93223859190855132960205434408177400896705881394680611254795503353432
                         466119295954275664801027172040887004483529406973403056273977516767160
                        559343155145130797761232606449064405380235288368083667528773020120592
                       466119295954275664801027172040887004483529406973403056273977516767160
                      186447718381710265920410868816354801793411762789361222509591006706864
                     279671577572565398880616303224532202690117644184041833764386510060296
                    372895436763420531840821737632709603586823525578722445019182013413728
                   559343155145130797761232606449064405380235288368083667528773020120592
                  745790873526841063681643475265419207173647051157444890038364026827456
                 466119295954275664801027172040887004483529406973403056273977516767160
                839014732717696196641848909673596608070352932552125501293159530180888
               279671577572565398880616303224532202690117644184041833764386510060296
              839014732717696196641848909673596608070352932552125501293159530180888
             559343155145130797761232606449064405380235288368083667528773020120592
            186447718381710265920410868816354801793411762789361222509591006706864
           745790873526841063681643475265419207173647051157444890038364026827456
                                                                              0
          93223859190855132960205434408177400896705881394680611254795503353432
        839014732717696196641848909673596608070352932552125501293159530180888
       279671577572565398880616303224532202690117644184041833764386510060296
      652567014335985930721438040857241806276941169762764278783568523474024
                                                                         0
    839014732717696196641848909673596608070352932552125501293159530180888
   559343155145130797761232606449064405380235288368083667528773020120592
  186447718381710265920410868816354801793411762789361222509591006706864
  93223859190855132960205434408177400896705881394680611254795503353432
 93223859190855132960205434408177400896705881394680611254795503353432
-------------------------------------------------------------------------------------------------------------
1050546559474269788996365555777988872622406921707262866782387450496517976167733588739755524586879854895855560

