                              865626972066137
              *932325227571703589052759056660
              -------------------------------
                                            0
                            5193761832396822
                           5193761832396822
                          5193761832396822
                         4328134860330685
                                       0
                       7790642748595233
                      4328134860330685
                     6059388804462959
                    1731253944132274
                   4328134860330685
                                 0
                 7790642748595233
                6925015776529096
               4328134860330685
              2596880916198411
                            0
            6059388804462959
            865626972066137
          6059388804462959
         4328134860330685
        6059388804462959
       1731253944132274
      1731253944132274
     4328134860330685
    1731253944132274
   2596880916198411
  1731253944132274
 2596880916198411
7790642748595233
---------------------------------------------
807045863723765884249181930731354559250322420

