                                                                                              23274792565889548953004047156628055424781269224010420
                                                    *9346403031086511303662887807238163803117226978118474753544267184475896518216037884350604131950
                                                    -----------------------------------------------------------------------------------------------
                                                                                                                                                  0
                                                                                            116373962829447744765020235783140277123906346120052100
                                                                                           209473133093005940577036424409652498823031423016093780
                                                                                           23274792565889548953004047156628055424781269224010420
                                                                                          69824377697668646859012141469884166274343807672031260
                                                                                         23274792565889548953004047156628055424781269224010420
                                                                                        93099170263558195812016188626512221699125076896041680
                                                                                                                                           0
                                                                                     139648755395337293718024282939768332548687615344062520
                                                                                                                                         0
                                                                                   116373962829447744765020235783140277123906346120052100
                                                                                   69824377697668646859012141469884166274343807672031260
                                                                                  93099170263558195812016188626512221699125076896041680
                                                                                186198340527116391624032377253024443398250153792083360
                                                                               186198340527116391624032377253024443398250153792083360
                                                                              162923547961226842671028330096396387973468884568072940
                                                                              69824377697668646859012141469884166274343807672031260
                                                                                                                                 0
                                                                           139648755395337293718024282939768332548687615344062520
                                                                           23274792565889548953004047156628055424781269224010420
                                                                          46549585131779097906008094313256110849562538448020840
                                                                        186198340527116391624032377253024443398250153792083360
                                                                        23274792565889548953004047156628055424781269224010420
                                                                      116373962829447744765020235783140277123906346120052100
                                                                     139648755395337293718024282939768332548687615344062520
                                                                    209473133093005940577036424409652498823031423016093780
                                                                   186198340527116391624032377253024443398250153792083360
                                                                  116373962829447744765020235783140277123906346120052100
                                                                 162923547961226842671028330096396387973468884568072940
                                                                 93099170263558195812016188626512221699125076896041680
                                                                93099170263558195812016188626512221699125076896041680
                                                              186198340527116391624032377253024443398250153792083360
                                                              23274792565889548953004047156628055424781269224010420
                                                            162923547961226842671028330096396387973468884568072940
                                                           139648755395337293718024282939768332548687615344062520
                                                           46549585131779097906008094313256110849562538448020840
                                                          93099170263558195812016188626512221699125076896041680
                                                         93099170263558195812016188626512221699125076896041680
                                                       116373962829447744765020235783140277123906346120052100
                                                       69824377697668646859012141469884166274343807672031260
                                                     116373962829447744765020235783140277123906346120052100
                                                    162923547961226842671028330096396387973468884568072940
                                                    93099170263558195812016188626512221699125076896041680
                                                  162923547961226842671028330096396387973468884568072940
                                                  93099170263558195812016188626512221699125076896041680
                                                186198340527116391624032377253024443398250153792083360
                                                23274792565889548953004047156628055424781269224010420
                                               23274792565889548953004047156628055424781269224010420
                                             186198340527116391624032377253024443398250153792083360
                                            162923547961226842671028330096396387973468884568072940
                                           209473133093005940577036424409652498823031423016093780
                                          139648755395337293718024282939768332548687615344062520
                                          46549585131779097906008094313256110849562538448020840
                                         46549585131779097906008094313256110849562538448020840
                                       162923547961226842671028330096396387973468884568072940
                                       23274792565889548953004047156628055424781269224010420
                                      23274792565889548953004047156628055424781269224010420
                                     69824377697668646859012141469884166274343807672031260
                                                                                        0
                                  186198340527116391624032377253024443398250153792083360
                                  69824377697668646859012141469884166274343807672031260
                                139648755395337293718024282939768332548687615344062520
                                23274792565889548953004047156628055424781269224010420
                              186198340527116391624032377253024443398250153792083360
                              69824377697668646859012141469884166274343807672031260
                             46549585131779097906008094313256110849562538448020840
                           162923547961226842671028330096396387973468884568072940
                                                                               0
                         186198340527116391624032377253024443398250153792083360
                        162923547961226842671028330096396387973468884568072940
                       186198340527116391624032377253024443398250153792083360
                      186198340527116391624032377253024443398250153792083360
                      46549585131779097906008094313256110849562538448020840
                    139648755395337293718024282939768332548687615344062520
                   139648755395337293718024282939768332548687615344062520
                   69824377697668646859012141469884166274343807672031260
                                                                      0
                 69824377697668646859012141469884166274343807672031260
                23274792565889548953004047156628055424781269224010420
               23274792565889548953004047156628055424781269224010420
             116373962829447744765020235783140277123906346120052100
            139648755395337293718024282939768332548687615344062520
           186198340527116391624032377253024443398250153792083360
                                                               0
          23274792565889548953004047156628055424781269224010420
         69824377697668646859012141469884166274343807672031260
                                                            0
       69824377697668646859012141469884166274343807672031260
                                                          0
     93099170263558195812016188626512221699125076896041680
   139648755395337293718024282939768332548687615344062520
   93099170263558195812016188626512221699125076896041680
  69824377697668646859012141469884166274343807672031260
209473133093005940577036424409652498823031423016093780
---------------------------------------------------------------------------------------------------------------------------------------------------
217535591785739880192938297341907694069537800885689495893148978493345601290840616170783955048042041874587850382575312500929018545654703401854919000

