                                    98425794970718720048830755289778520100597668441446220
                                                    *405933801764884833699544798311352945
                                   ------------------------------------------------------
                                   492128974853593600244153776448892600502988342207231100
                                  393703179882874880195323021159114080402390673765784880
                                 885832154736468480439476797608006680905379015973015980
                                196851589941437440097661510579557040201195336882892440
                               492128974853593600244153776448892600502988342207231100
                              295277384912156160146492265869335560301793005324338660
                              98425794970718720048830755289778520100597668441446220
                             98425794970718720048830755289778520100597668441446220
                           295277384912156160146492265869335560301793005324338660
                          787406359765749760390646042318228160804781347531569760
                         885832154736468480439476797608006680905379015973015980
                        688980564795031040341815287028449640704183679090123540
                       393703179882874880195323021159114080402390673765784880
                      393703179882874880195323021159114080402390673765784880
                     492128974853593600244153776448892600502988342207231100
                    885832154736468480439476797608006680905379015973015980
                   885832154736468480439476797608006680905379015973015980
                  590554769824312320292984531738671120603586010648677320
                 295277384912156160146492265869335560301793005324338660
                295277384912156160146492265869335560301793005324338660
               787406359765749760390646042318228160804781347531569760
              393703179882874880195323021159114080402390673765784880
             787406359765749760390646042318228160804781347531569760
            787406359765749760390646042318228160804781347531569760
           393703179882874880195323021159114080402390673765784880
          590554769824312320292984531738671120603586010648677320
         688980564795031040341815287028449640704183679090123540
         98425794970718720048830755289778520100597668441446220
                                                            0
      787406359765749760390646042318228160804781347531569760
     295277384912156160146492265869335560301793005324338660
    295277384912156160146492265869335560301793005324338660
   885832154736468480439476797608006680905379015973015980
  492128974853593600244153776448892600502988342207231100
                                                      0
393703179882874880195323021159114080402390673765784880
-----------------------------------------------------------------------------------------
39954357144194931549200455066430319277153946975516346622265588543386511127141400656117900

