                                                                   483670041798447212867115522687326694798878612433720431983
                                                        *2529856540249117830264994436420672557212336257030167567000643700966
                                                        --------------------------------------------------------------------
                                                                  2902020250790683277202693136123960168793271674602322591898
                                                                 2902020250790683277202693136123960168793271674602322591898
                                                                4353030376186024915804039704185940253189907511903483887847
                                                                                                                        0
                                                                                                                       0
                                                             3385690292589130490069808658811286863592150287036043023881
                                                            1451010125395341638601346568061980084396635837301161295949
                                                           1934680167193788851468462090749306779195514449734881727932
                                                          2902020250790683277202693136123960168793271674602322591898
                                                                                                                  0
                                                                                                                 0
                                                                                                                0
                                                      3385690292589130490069808658811286863592150287036043023881
                                                     2902020250790683277202693136123960168793271674602322591898
                                                    2418350208992236064335577613436633473994393062168602159915
                                                   3385690292589130490069808658811286863592150287036043023881
                                                  2902020250790683277202693136123960168793271674602322591898
                                                  483670041798447212867115522687326694798878612433720431983
                                                                                                         0
                                               1451010125395341638601346568061980084396635837301161295949
                                                                                                       0
                                             3385690292589130490069808658811286863592150287036043023881
                                            2418350208992236064335577613436633473994393062168602159915
                                            967340083596894425734231045374653389597757224867440863966
                                          2902020250790683277202693136123960168793271674602322591898
                                         1451010125395341638601346568061980084396635837301161295949
                                        1451010125395341638601346568061980084396635837301161295949
                                        967340083596894425734231045374653389597757224867440863966
                                       483670041798447212867115522687326694798878612433720431983
                                      967340083596894425734231045374653389597757224867440863966
                                    3385690292589130490069808658811286863592150287036043023881
                                   2418350208992236064335577613436633473994393062168602159915
                                  2418350208992236064335577613436633473994393062168602159915
                                  967340083596894425734231045374653389597757224867440863966
                                3385690292589130490069808658811286863592150287036043023881
                               2902020250790683277202693136123960168793271674602322591898
                                                                                       0
                              967340083596894425734231045374653389597757224867440863966
                            1934680167193788851468462090749306779195514449734881727932
                           2902020250790683277202693136123960168793271674602322591898
                          1451010125395341638601346568061980084396635837301161295949
                         1934680167193788851468462090749306779195514449734881727932
                        1934680167193788851468462090749306779195514449734881727932
                       4353030376186024915804039704185940253189907511903483887847
                      4353030376186024915804039704185940253189907511903483887847
                     1934680167193788851468462090749306779195514449734881727932
                    2902020250790683277202693136123960168793271674602322591898
                    967340083596894425734231045374653389597757224867440863966
                                                                           0
                 1451010125395341638601346568061980084396635837301161295949
                3869360334387577702936924181498613558391028899469763455864
               3385690292589130490069808658811286863592150287036043023881
               483670041798447212867115522687326694798878612433720431983
              483670041798447212867115522687326694798878612433720431983
            4353030376186024915804039704185940253189907511903483887847
           1934680167193788851468462090749306779195514449734881727932
           967340083596894425734231045374653389597757224867440863966
                                                                  0
        1934680167193788851468462090749306779195514449734881727932
       2418350208992236064335577613436633473994393062168602159915
      2902020250790683277202693136123960168793271674602322591898
     2418350208992236064335577613436633473994393062168602159915
    3869360334387577702936924181498613558391028899469763455864
   4353030376186024915804039704185940253189907511903483887847
   967340083596894425734231045374653389597757224867440863966
 2418350208992236064335577613436633473994393062168602159915
 967340083596894425734231045374653389597757224867440863966
----------------------------------------------------------------------------------------------------------------------------
1223615818566365874693652693184998369504553211901754985710403719329295178955524384102784196817554227160656420814041394395578

