           690490173878864490281393135442302442459846623172190329643197437772928802564872
                                                                             *19113410942
          -------------------------------------------------------------------------------
          1380980347757728980562786270884604884919693246344380659286394875545857605129744
         2761960695515457961125572541769209769839386492688761318572789751091715210259488
        6214411564909780412532538218980721982138619608549712966788776939956359223083848
                                                                                     0
       690490173878864490281393135442302442459846623172190329643197437772928802564872
     2761960695515457961125572541769209769839386492688761318572789751091715210259488
    2071470521636593470844179406326907327379539869516570988929592313318786407694616
    690490173878864490281393135442302442459846623172190329643197437772928802564872
   690490173878864490281393135442302442459846623172190329643197437772928802564872
 6214411564909780412532538218980721982138619608549712966788776939956359223083848
 690490173878864490281393135442302442459846623172190329643197437772928802564872
-----------------------------------------------------------------------------------------
13197622444759771131079632213966591513385357842981093396708876862995461486330382149629424

