                                                                                23827030776214883673600809057049431234202933312689040131136841894917447741082351265279483077156558393
                                                                                                   *167175400536164103411226982711027845395459075585826949638819022807336981898346939
                                                                               ------------------------------------------------------------------------------------------------------
                                                                               214443276985933953062407281513444881107826399814201361180231577054257029669741161387515347694409025537
                                                                               71481092328644651020802427171148293702608799938067120393410525684752343223247053795838449231469675179
                                                                             214443276985933953062407281513444881107826399814201361180231577054257029669741161387515347694409025537
                                                                            142962184657289302041604854342296587405217599876134240786821051369504686446494107591676898462939350358
                                                                            95308123104859534694403236228197724936811733250756160524547367579669790964329405061117932308626233572
                                                                           71481092328644651020802427171148293702608799938067120393410525684752343223247053795838449231469675179
                                                                         190616246209719069388806472456395449873623466501512321049094735159339581928658810122235864617252467144
                                                                        214443276985933953062407281513444881107826399814201361180231577054257029669741161387515347694409025537
                                                                       190616246209719069388806472456395449873623466501512321049094735159339581928658810122235864617252467144
                                                                       23827030776214883673600809057049431234202933312689040131136841894917447741082351265279483077156558393
                                                                     190616246209719069388806472456395449873623466501512321049094735159339581928658810122235864617252467144
                                                                    214443276985933953062407281513444881107826399814201361180231577054257029669741161387515347694409025537
                                                                   142962184657289302041604854342296587405217599876134240786821051369504686446494107591676898462939350358
                                                                   71481092328644651020802427171148293702608799938067120393410525684752343223247053795838449231469675179
                                                                  71481092328644651020802427171148293702608799938067120393410525684752343223247053795838449231469675179
                                                                166789215433504185715205663399346018639420533188823280917957893264422134187576458856956381540095908751
                                                                                                                                                                    0
                                                              190616246209719069388806472456395449873623466501512321049094735159339581928658810122235864617252467144
                                                              47654061552429767347201618114098862468405866625378080262273683789834895482164702530558966154313116786
                                                             47654061552429767347201618114098862468405866625378080262273683789834895482164702530558966154313116786
                                                                                                                                                                0
                                                          214443276985933953062407281513444881107826399814201361180231577054257029669741161387515347694409025537
                                                          23827030776214883673600809057049431234202933312689040131136841894917447741082351265279483077156558393
                                                        190616246209719069388806472456395449873623466501512321049094735159339581928658810122235864617252467144
                                                       190616246209719069388806472456395449873623466501512321049094735159339581928658810122235864617252467144
                                                       71481092328644651020802427171148293702608799938067120393410525684752343223247053795838449231469675179
                                                     142962184657289302041604854342296587405217599876134240786821051369504686446494107591676898462939350358
                                                    214443276985933953062407281513444881107826399814201361180231577054257029669741161387515347694409025537
                                                    95308123104859534694403236228197724936811733250756160524547367579669790964329405061117932308626233572
                                                  214443276985933953062407281513444881107826399814201361180231577054257029669741161387515347694409025537
                                                 142962184657289302041604854342296587405217599876134240786821051369504686446494107591676898462939350358
                                                 47654061552429767347201618114098862468405866625378080262273683789834895482164702530558966154313116786
                                               190616246209719069388806472456395449873623466501512321049094735159339581928658810122235864617252467144
                                              119135153881074418368004045285247156171014666563445200655684209474587238705411756326397415385782791965
                                             190616246209719069388806472456395449873623466501512321049094735159339581928658810122235864617252467144
                                            119135153881074418368004045285247156171014666563445200655684209474587238705411756326397415385782791965
                                           119135153881074418368004045285247156171014666563445200655684209474587238705411756326397415385782791965
                                          166789215433504185715205663399346018639420533188823280917957893264422134187576458856956381540095908751
                                                                                                                                              0
                                        214443276985933953062407281513444881107826399814201361180231577054257029669741161387515347694409025537
                                       119135153881074418368004045285247156171014666563445200655684209474587238705411756326397415385782791965
                                       95308123104859534694403236228197724936811733250756160524547367579669790964329405061117932308626233572
                                     119135153881074418368004045285247156171014666563445200655684209474587238705411756326397415385782791965
                                    214443276985933953062407281513444881107826399814201361180231577054257029669741161387515347694409025537
                                    71481092328644651020802427171148293702608799938067120393410525684752343223247053795838449231469675179
                                  119135153881074418368004045285247156171014666563445200655684209474587238705411756326397415385782791965
                                  95308123104859534694403236228197724936811733250756160524547367579669790964329405061117932308626233572
                                190616246209719069388806472456395449873623466501512321049094735159339581928658810122235864617252467144
                               166789215433504185715205663399346018639420533188823280917957893264422134187576458856956381540095908751
                               47654061552429767347201618114098862468405866625378080262273683789834895482164702530558966154313116786
                                                                                                                                  0
                             23827030776214883673600809057049431234202933312689040131136841894917447741082351265279483077156558393
                            23827030776214883673600809057049431234202933312689040131136841894917447741082351265279483077156558393
                          166789215433504185715205663399346018639420533188823280917957893264422134187576458856956381540095908751
                          47654061552429767347201618114098862468405866625378080262273683789834895482164702530558966154313116786
                        190616246209719069388806472456395449873623466501512321049094735159339581928658810122235864617252467144
                       214443276985933953062407281513444881107826399814201361180231577054257029669741161387515347694409025537
                      142962184657289302041604854342296587405217599876134240786821051369504686446494107591676898462939350358
                      47654061552429767347201618114098862468405866625378080262273683789834895482164702530558966154313116786
                     47654061552429767347201618114098862468405866625378080262273683789834895482164702530558966154313116786
                    23827030776214883673600809057049431234202933312689040131136841894917447741082351265279483077156558393
                   23827030776214883673600809057049431234202933312689040131136841894917447741082351265279483077156558393
                  95308123104859534694403236228197724936811733250756160524547367579669790964329405061117932308626233572
                 71481092328644651020802427171148293702608799938067120393410525684752343223247053795838449231469675179
                                                                                                                    0
               23827030776214883673600809057049431234202933312689040131136841894917447741082351265279483077156558393
              95308123104859534694403236228197724936811733250756160524547367579669790964329405061117932308626233572
            142962184657289302041604854342296587405217599876134240786821051369504686446494107591676898462939350358
            23827030776214883673600809057049431234202933312689040131136841894917447741082351265279483077156558393
          142962184657289302041604854342296587405217599876134240786821051369504686446494107591676898462939350358
          71481092328644651020802427171148293702608799938067120393410525684752343223247053795838449231469675179
        119135153881074418368004045285247156171014666563445200655684209474587238705411756326397415385782791965
                                                                                                            0
                                                                                                           0
      95308123104859534694403236228197724936811733250756160524547367579669790964329405061117932308626233572
    119135153881074418368004045285247156171014666563445200655684209474587238705411756326397415385782791965
   166789215433504185715205663399346018639420533188823280917957893264422134187576458856956381540095908751
   23827030776214883673600809057049431234202933312689040131136841894917447741082351265279483077156558393
 166789215433504185715205663399346018639420533188823280917957893264422134187576458856956381540095908751
142962184657289302041604854342296587405217599876134240786821051369504686446494107591676898462939350358
23827030776214883673600809057049431234202933312689040131136841894917447741082351265279483077156558393
-------------------------------------------------------------------------------------------------------------------------------------------------------------------------------------
3983293413601232257168649507607030406056848523440470761828743765726747825198681841935871723559464517870446444857443435757457992113157367350070588512298925340918165220726589126309027

