                                                     30197371021241009998593442947310339177289
                                        *40351440335370709272486877550443488523667104175103351
                                        ------------------------------------------------------
                                                     30197371021241009998593442947310339177289
                                                   150986855106205049992967214736551695886445
                                                   90592113063723029995780328841931017531867
                                                  90592113063723029995780328841931017531867
                                                                                         0
                                                30197371021241009998593442947310339177289
                                              150986855106205049992967214736551695886445
                                             211381597148687069990154100631172374241023
                                             30197371021241009998593442947310339177289
                                           120789484084964039994373771789241356709156
                                                                                   0
                                          30197371021241009998593442947310339177289
                                        211381597148687069990154100631172374241023
                                       181184226127446059991560657683862035063734
                                      181184226127446059991560657683862035063734
                                      90592113063723029995780328841931017531867
                                     60394742042482019997186885894620678354578
                                   150986855106205049992967214736551695886445
                                  241578968169928079988747543578482713418312
                                 241578968169928079988747543578482713418312
                                120789484084964039994373771789241356709156
                                90592113063723029995780328841931017531867
                              120789484084964039994373771789241356709156
                             120789484084964039994373771789241356709156
                                                                     0
                           150986855106205049992967214736551695886445
                          150986855106205049992967214736551695886445
                         211381597148687069990154100631172374241023
                        211381597148687069990154100631172374241023
                       241578968169928079988747543578482713418312
                      181184226127446059991560657683862035063734
                     241578968169928079988747543578482713418312
                    120789484084964039994373771789241356709156
                    60394742042482019997186885894620678354578
                  211381597148687069990154100631172374241023
                  60394742042482019997186885894620678354578
                271776339191169089987340986525793052595601
                                                        0
              211381597148687069990154100631172374241023
                                                      0
            211381597148687069990154100631172374241023
            90592113063723029995780328841931017531867
          150986855106205049992967214736551695886445
          90592113063723029995780328841931017531867
         90592113063723029995780328841931017531867
                                                0
      120789484084964039994373771789241356709156
     120789484084964039994373771789241356709156
     30197371021241009998593442947310339177289
   150986855106205049992967214736551695886445
   90592113063723029995780328841931017531867
                                          0
120789484084964039994373771789241356709156
----------------------------------------------------------------------------------------------
1218507415048659078055682320396398004700439669131271379185797622648454596962030027945886995439

