                                                         311183216955704052977341662226948067388083
                                         *664079367001268590295102941749195602549349475334453974168
                                         ----------------------------------------------------------
                                                        2489465735645632423818733297815584539104664
                                                       1867099301734224317864049973361688404328498
                                                       311183216955704052977341662226948067388083
                                                     1244732867822816211909366648907792269552332
                                                    2178282518689928370841391635588636471716581
                                                   2800648952601336476796074960042532606492747
                                                   933549650867112158932024986680844202164249
                                                 1555916084778520264886708311134740336940415
                                                1244732867822816211909366648907792269552332
                                               1244732867822816211909366648907792269552332
                                               933549650867112158932024986680844202164249
                                              933549650867112158932024986680844202164249
                                            1555916084778520264886708311134740336940415
                                           2178282518689928370841391635588636471716581
                                          1244732867822816211909366648907792269552332
                                         2800648952601336476796074960042532606492747
                                        1244732867822816211909366648907792269552332
                                        933549650867112158932024986680844202164249
                                      2800648952601336476796074960042532606492747
                                     1244732867822816211909366648907792269552332
                                    1555916084778520264886708311134740336940415
                                    622366433911408105954683324453896134776166
                                                                            0
                                 1867099301734224317864049973361688404328498
                                1555916084778520264886708311134740336940415
                               2800648952601336476796074960042532606492747
                               311183216955704052977341662226948067388083
                             2800648952601336476796074960042532606492747
                            1244732867822816211909366648907792269552332
                           2178282518689928370841391635588636471716581
                           311183216955704052977341662226948067388083
                         1244732867822816211909366648907792269552332
                        2800648952601336476796074960042532606492747
                        622366433911408105954683324453896134776166
                                                                0
                      311183216955704052977341662226948067388083
                    1555916084778520264886708311134740336940415
                   2800648952601336476796074960042532606492747
                   622366433911408105954683324453896134776166
                                                           0
                2800648952601336476796074960042532606492747
               1555916084778520264886708311134740336940415
              2489465735645632423818733297815584539104664
             1867099301734224317864049973361688404328498
             622366433911408105954683324453896134776166
            311183216955704052977341662226948067388083
                                                    0
                                                   0
        2178282518689928370841391635588636471716581
       1867099301734224317864049973361688404328498
       933549650867112158932024986680844202164249
     2800648952601336476796074960042532606492747
    2178282518689928370841391635588636471716581
                                             0
  1244732867822816211909366648907792269552332
 1867099301734224317864049973361688404328498
1867099301734224317864049973361688404328498
---------------------------------------------------------------------------------------------------
206650353737362378549556435745572439281842959188972794708951511596392394270635887590116434913039944

