                                                                                                     31
 *99087267505596438513557716774084982718568018762624079751438936325696553355231593991977010803546106751
 ------------------------------------------------------------------------------------------------------
                                                                                                     31
                                                                                                   155
                                                                                                  217
                                                                                                 186
                                                                                                  0
                                                                                                31
                                                                                              186
                                                                                             124
                                                                                            155
                                                                                            93
                                                                                            0
                                                                                         248
                                                                                          0
                                                                                        31
                                                                                        0
                                                                                     217
                                                                                    217
                                                                                   279
                                                                                   31
                                                                                 279
                                                                                279
                                                                                93
                                                                              279
                                                                             155
                                                                             31
                                                                            93
                                                                           62
                                                                         155
                                                                        155
                                                                        93
                                                                       93
                                                                     155
                                                                    155
                                                                   186
                                                                  279
                                                                 186
                                                                155
                                                                62
                                                               93
                                                             186
                                                             93
                                                           279
                                                          248
                                                          93
                                                        124
                                                        31
                                                      155
                                                     217
                                                    279
                                                   217
                                                    0
                                                 124
                                                 62
                                               186
                                               62
                                             186
                                            217
                                           248
                                           31
                                           0
                                        248
                                       186
                                      155
                                     248
                                     31
                                   217
                                   62
                                 248
                                279
                               124
                              248
                               0
                            124
                           217
                          217
                         186
                         31
                       217
                      217
                     155
                    155
                    93
                   31
                 155
                248
                93
              124
             186
            279
           155
          155
           0
        155
       217
      186
      62
    217
   248
    0
 279
279
-------------------------------------------------------------------------------------------------------
3071705292673489593920289219996634464275608581641346472294607026096593154012179413751287334909929309281

