                                                                                                     66780452363559577520530616281478146292438884731593657619347595309929172061544694069831775524065058975
                                                                                                    *38233680621229537282533184763516349707760992955674927245712063708678455544740317800634206413883650406
                                                                                                    ------------------------------------------------------------------------------------------------------
                                                                                                    400682714181357465123183697688868877754633308389561945716085571859575032369268164418990653144390353850
                                                                                                                                                                                                        0
                                                                                                  267121809454238310082122465125912585169755538926374630477390381239716688246178776279327102096260235900
                                                                                                                                                                                                      0
                                                                                                333902261817797887602653081407390731462194423657968288096737976549645860307723470349158877620325294875
                                                                                               400682714181357465123183697688868877754633308389561945716085571859575032369268164418990653144390353850
                                                                                              200341357090678732561591848844434438877316654194780972858042785929787516184634082209495326572195176925
                                                                                             534243618908476620164244930251825170339511077852749260954780762479433376492357552558654204192520471800
                                                                                            534243618908476620164244930251825170339511077852749260954780762479433376492357552558654204192520471800
                                                                                           200341357090678732561591848844434438877316654194780972858042785929787516184634082209495326572195176925
                                                                                           66780452363559577520530616281478146292438884731593657619347595309929172061544694069831775524065058975
                                                                                         267121809454238310082122465125912585169755538926374630477390381239716688246178776279327102096260235900
                                                                                        400682714181357465123183697688868877754633308389561945716085571859575032369268164418990653144390353850
                                                                                                                                                                                            0
                                                                                      133560904727119155041061232562956292584877769463187315238695190619858344123089388139663551048130117950
                                                                                     267121809454238310082122465125912585169755538926374630477390381239716688246178776279327102096260235900
                                                                                    200341357090678732561591848844434438877316654194780972858042785929787516184634082209495326572195176925
                                                                                   400682714181357465123183697688868877754633308389561945716085571859575032369268164418990653144390353850
                                                                                                                                                                                       0
                                                                                                                                                                                      0
                                                                                534243618908476620164244930251825170339511077852749260954780762479433376492357552558654204192520471800
                                                                               467463166544917042643714313970347024047072193121155603335433167169504204430812858488822428668455412825
                                                                               66780452363559577520530616281478146292438884731593657619347595309929172061544694069831775524065058975
                                                                             200341357090678732561591848844434438877316654194780972858042785929787516184634082209495326572195176925
                                                                                                                                                                                 0
                                                                           267121809454238310082122465125912585169755538926374630477390381239716688246178776279327102096260235900
                                                                          467463166544917042643714313970347024047072193121155603335433167169504204430812858488822428668455412825
                                                                         267121809454238310082122465125912585169755538926374630477390381239716688246178776279327102096260235900
                                                                        267121809454238310082122465125912585169755538926374630477390381239716688246178776279327102096260235900
                                                                       333902261817797887602653081407390731462194423657968288096737976549645860307723470349158877620325294875
                                                                      333902261817797887602653081407390731462194423657968288096737976549645860307723470349158877620325294875
                                                                     333902261817797887602653081407390731462194423657968288096737976549645860307723470349158877620325294875
                                                                    267121809454238310082122465125912585169755538926374630477390381239716688246178776279327102096260235900
                                                                   534243618908476620164244930251825170339511077852749260954780762479433376492357552558654204192520471800
                                                                  467463166544917042643714313970347024047072193121155603335433167169504204430812858488822428668455412825
                                                                 400682714181357465123183697688868877754633308389561945716085571859575032369268164418990653144390353850
                                                                534243618908476620164244930251825170339511077852749260954780762479433376492357552558654204192520471800
                                                                                                                                                                    0
                                                              467463166544917042643714313970347024047072193121155603335433167169504204430812858488822428668455412825
                                                             200341357090678732561591848844434438877316654194780972858042785929787516184634082209495326572195176925
                                                            400682714181357465123183697688868877754633308389561945716085571859575032369268164418990653144390353850
                                                                                                                                                                0
                                                          133560904727119155041061232562956292584877769463187315238695190619858344123089388139663551048130117950
                                                          66780452363559577520530616281478146292438884731593657619347595309929172061544694069831775524065058975
                                                        467463166544917042643714313970347024047072193121155603335433167169504204430812858488822428668455412825
                                                       333902261817797887602653081407390731462194423657968288096737976549645860307723470349158877620325294875
                                                      267121809454238310082122465125912585169755538926374630477390381239716688246178776279327102096260235900
                                                     133560904727119155041061232562956292584877769463187315238695190619858344123089388139663551048130117950
                                                    467463166544917042643714313970347024047072193121155603335433167169504204430812858488822428668455412825
                                                   133560904727119155041061232562956292584877769463187315238695190619858344123089388139663551048130117950
                                                  601024071272036197684775546533303316631949962584342918574128357789362548553902246628485979716585530775
                                                 267121809454238310082122465125912585169755538926374630477390381239716688246178776279327102096260235900
                                                467463166544917042643714313970347024047072193121155603335433167169504204430812858488822428668455412825
                                               400682714181357465123183697688868877754633308389561945716085571859575032369268164418990653144390353850
                                              333902261817797887602653081407390731462194423657968288096737976549645860307723470349158877620325294875
                                             333902261817797887602653081407390731462194423657968288096737976549645860307723470349158877620325294875
                                            601024071272036197684775546533303316631949962584342918574128357789362548553902246628485979716585530775
                                           133560904727119155041061232562956292584877769463187315238695190619858344123089388139663551048130117950
                                          601024071272036197684775546533303316631949962584342918574128357789362548553902246628485979716585530775
                                         601024071272036197684775546533303316631949962584342918574128357789362548553902246628485979716585530775
                                                                                                                                             0
                                       400682714181357465123183697688868877754633308389561945716085571859575032369268164418990653144390353850
                                      467463166544917042643714313970347024047072193121155603335433167169504204430812858488822428668455412825
                                     467463166544917042643714313970347024047072193121155603335433167169504204430812858488822428668455412825
                                                                                                                                         0
                                   467463166544917042643714313970347024047072193121155603335433167169504204430812858488822428668455412825
                                  601024071272036197684775546533303316631949962584342918574128357789362548553902246628485979716585530775
                                 267121809454238310082122465125912585169755538926374630477390381239716688246178776279327102096260235900
                                200341357090678732561591848844434438877316654194780972858042785929787516184634082209495326572195176925
                               400682714181357465123183697688868877754633308389561945716085571859575032369268164418990653144390353850
                               66780452363559577520530616281478146292438884731593657619347595309929172061544694069831775524065058975
                             333902261817797887602653081407390731462194423657968288096737976549645860307723470349158877620325294875
                            200341357090678732561591848844434438877316654194780972858042785929787516184634082209495326572195176925
                           400682714181357465123183697688868877754633308389561945716085571859575032369268164418990653144390353850
                          467463166544917042643714313970347024047072193121155603335433167169504204430812858488822428668455412825
                         267121809454238310082122465125912585169755538926374630477390381239716688246178776279327102096260235900
                        534243618908476620164244930251825170339511077852749260954780762479433376492357552558654204192520471800
                        66780452363559577520530616281478146292438884731593657619347595309929172061544694069831775524065058975
                      200341357090678732561591848844434438877316654194780972858042785929787516184634082209495326572195176925
                     200341357090678732561591848844434438877316654194780972858042785929787516184634082209495326572195176925
                    333902261817797887602653081407390731462194423657968288096737976549645860307723470349158877620325294875
                   133560904727119155041061232562956292584877769463187315238695190619858344123089388139663551048130117950
                  534243618908476620164244930251825170339511077852749260954780762479433376492357552558654204192520471800
                 133560904727119155041061232562956292584877769463187315238695190619858344123089388139663551048130117950
                467463166544917042643714313970347024047072193121155603335433167169504204430812858488822428668455412825
               200341357090678732561591848844434438877316654194780972858042785929787516184634082209495326572195176925
              333902261817797887602653081407390731462194423657968288096737976549645860307723470349158877620325294875
             601024071272036197684775546533303316631949962584342918574128357789362548553902246628485979716585530775
            133560904727119155041061232562956292584877769463187315238695190619858344123089388139663551048130117950
           133560904727119155041061232562956292584877769463187315238695190619858344123089388139663551048130117950
           66780452363559577520530616281478146292438884731593657619347595309929172061544694069831775524065058975
         133560904727119155041061232562956292584877769463187315238695190619858344123089388139663551048130117950
        400682714181357465123183697688868877754633308389561945716085571859575032369268164418990653144390353850
                                                                                                            0
      534243618908476620164244930251825170339511077852749260954780762479433376492357552558654204192520471800
     400682714181357465123183697688868877754633308389561945716085571859575032369268164418990653144390353850
    200341357090678732561591848844434438877316654194780972858042785929787516184634082209495326572195176925
   200341357090678732561591848844434438877316654194780972858042785929787516184634082209495326572195176925
  133560904727119155041061232562956292584877769463187315238695190619858344123089388139663551048130117950
 534243618908476620164244930251825170339511077852749260954780762479433376492357552558654204192520471800
200341357090678732561591848844434438877316654194780972858042785929787516184634082209495326572195176925
----------------------------------------------------------------------------------------------------------------------------------------------------------------------------------------------------------
2553262487409570069187526914328448350233994170063057533438887590453706140903894913498197696896224906841989954346144353810586841235650820924838691711581506317048214792983606687733392024709158808672693850

