                                                                                                    61541683700643779798608302752527672841121186564543303143419671449724847066713177
                                                                               *5089222642224764489336392016183782604979101578927850589891419888049536546604406282240220371359163026
                                                                               -----------------------------------------------------------------------------------------------------
                                                                                                   369250102203862678791649816515166037046727119387259818860518028698349082400279062
                                                                                                  123083367401287559597216605505055345682242373129086606286839342899449694133426354
                                                                                                                                                                                 0
                                                                                                184625051101931339395824908257583018523363559693629909430259014349174541200139531
                                                                                               369250102203862678791649816515166037046727119387259818860518028698349082400279062
                                                                                               61541683700643779798608302752527672841121186564543303143419671449724847066713177
                                                                                             553875153305794018187474724772749055570090679080889728290777043047523623600418593
                                                                                            307708418503218898993041513762638364205605932822716515717098357248624235333565885
                                                                                           184625051101931339395824908257583018523363559693629909430259014349174541200139531
                                                                                           61541683700643779798608302752527672841121186564543303143419671449724847066713177
                                                                                         430791785904506458590258119267693709887848305951803122003937700148073929466992239
                                                                                        184625051101931339395824908257583018523363559693629909430259014349174541200139531
                                                                                                                                                                       0
                                                                                      123083367401287559597216605505055345682242373129086606286839342899449694133426354
                                                                                     123083367401287559597216605505055345682242373129086606286839342899449694133426354
                                                                                                                                                                    0
                                                                                   246166734802575119194433211010110691364484746258173212573678685798899388266852708
                                                                                  123083367401287559597216605505055345682242373129086606286839342899449694133426354
                                                                                 123083367401287559597216605505055345682242373129086606286839342899449694133426354
                                                                                492333469605150238388866422020221382728969492516346425147357371597798776533705416
                                                                               123083367401287559597216605505055345682242373129086606286839342899449694133426354
                                                                              369250102203862678791649816515166037046727119387259818860518028698349082400279062
                                                                                                                                                             0
                                                                            246166734802575119194433211010110691364484746258173212573678685798899388266852708
                                                                           246166734802575119194433211010110691364484746258173212573678685798899388266852708
                                                                                                                                                          0
                                                                         369250102203862678791649816515166037046727119387259818860518028698349082400279062
                                                                        369250102203862678791649816515166037046727119387259818860518028698349082400279062
                                                                       246166734802575119194433211010110691364484746258173212573678685798899388266852708
                                                                      307708418503218898993041513762638364205605932822716515717098357248624235333565885
                                                                     369250102203862678791649816515166037046727119387259818860518028698349082400279062
                                                                    184625051101931339395824908257583018523363559693629909430259014349174541200139531
                                                                   307708418503218898993041513762638364205605932822716515717098357248624235333565885
                                                                  553875153305794018187474724772749055570090679080889728290777043047523623600418593
                                                                 246166734802575119194433211010110691364484746258173212573678685798899388266852708
                                                                                                                                                0
                                                               492333469605150238388866422020221382728969492516346425147357371597798776533705416
                                                              492333469605150238388866422020221382728969492516346425147357371597798776533705416
                                                             492333469605150238388866422020221382728969492516346425147357371597798776533705416
                                                            553875153305794018187474724772749055570090679080889728290777043047523623600418593
                                                            61541683700643779798608302752527672841121186564543303143419671449724847066713177
                                                          246166734802575119194433211010110691364484746258173212573678685798899388266852708
                                                          61541683700643779798608302752527672841121186564543303143419671449724847066713177
                                                        553875153305794018187474724772749055570090679080889728290777043047523623600418593
                                                       492333469605150238388866422020221382728969492516346425147357371597798776533705416
                                                      553875153305794018187474724772749055570090679080889728290777043047523623600418593
                                                     492333469605150238388866422020221382728969492516346425147357371597798776533705416
                                                    307708418503218898993041513762638364205605932822716515717098357248624235333565885
                                                                                                                                   0
                                                  307708418503218898993041513762638364205605932822716515717098357248624235333565885
                                                 492333469605150238388866422020221382728969492516346425147357371597798776533705416
                                                430791785904506458590258119267693709887848305951803122003937700148073929466992239
                                               123083367401287559597216605505055345682242373129086606286839342899449694133426354
                                              553875153305794018187474724772749055570090679080889728290777043047523623600418593
                                             492333469605150238388866422020221382728969492516346425147357371597798776533705416
                                            430791785904506458590258119267693709887848305951803122003937700148073929466992239
                                           307708418503218898993041513762638364205605932822716515717098357248624235333565885
                                           61541683700643779798608302752527672841121186564543303143419671449724847066713177
                                                                                                                         0
                                         61541683700643779798608302752527672841121186564543303143419671449724847066713177
                                       553875153305794018187474724772749055570090679080889728290777043047523623600418593
                                      430791785904506458590258119267693709887848305951803122003937700148073929466992239
                                     553875153305794018187474724772749055570090679080889728290777043047523623600418593
                                    246166734802575119194433211010110691364484746258173212573678685798899388266852708
                                                                                                                   0
                                  369250102203862678791649816515166037046727119387259818860518028698349082400279062
                                 123083367401287559597216605505055345682242373129086606286839342899449694133426354
                                492333469605150238388866422020221382728969492516346425147357371597798776533705416
                               430791785904506458590258119267693709887848305951803122003937700148073929466992239
                              184625051101931339395824908257583018523363559693629909430259014349174541200139531
                             492333469605150238388866422020221382728969492516346425147357371597798776533705416
                             61541683700643779798608302752527672841121186564543303143419671449724847066713177
                           369250102203862678791649816515166037046727119387259818860518028698349082400279062
                           61541683700643779798608302752527672841121186564543303143419671449724847066713177
                                                                                                         0
                        123083367401287559597216605505055345682242373129086606286839342899449694133426354
                       553875153305794018187474724772749055570090679080889728290777043047523623600418593
                      184625051101931339395824908257583018523363559693629909430259014349174541200139531
                     369250102203862678791649816515166037046727119387259818860518028698349082400279062
                    184625051101931339395824908257583018523363559693629909430259014349174541200139531
                   184625051101931339395824908257583018523363559693629909430259014349174541200139531
                  553875153305794018187474724772749055570090679080889728290777043047523623600418593
                 492333469605150238388866422020221382728969492516346425147357371597798776533705416
                246166734802575119194433211010110691364484746258173212573678685798899388266852708
               246166734802575119194433211010110691364484746258173212573678685798899388266852708
              369250102203862678791649816515166037046727119387259818860518028698349082400279062
             430791785904506458590258119267693709887848305951803122003937700148073929466992239
            246166734802575119194433211010110691364484746258173212573678685798899388266852708
           123083367401287559597216605505055345682242373129086606286839342899449694133426354
          123083367401287559597216605505055345682242373129086606286839342899449694133426354
         123083367401287559597216605505055345682242373129086606286839342899449694133426354
        246166734802575119194433211010110691364484746258173212573678685798899388266852708
       369250102203862678791649816515166037046727119387259818860518028698349082400279062
      123083367401287559597216605505055345682242373129086606286839342899449694133426354
     123083367401287559597216605505055345682242373129086606286839342899449694133426354
    123083367401287559597216605505055345682242373129086606286839342899449694133426354
   553875153305794018187474724772749055570090679080889728290777043047523623600418593
  492333469605150238388866422020221382728969492516346425147357371597798776533705416
                                                                                 0
307708418503218898993041513762638364205605932822716515717098357248624235333565885
------------------------------------------------------------------------------------------------------------------------------------------------------------------------------------
313199330129951059237416533654221665963549738140904408792162936234138107593320208495652164936590479262378933572353207324631218028375130056026779849254291067070998069396595525393602

