                                                                                       202985383826349260587717913893613802440733478494552234025305776057201384731571036359762203770386
                                                                                              *1062457188769796055718911792179285421149015084680261053232440368911035037535094010226640
                                                                                              -----------------------------------------------------------------------------------------
                                                                                                                                                                                      0
                                                                                      811941535305397042350871655574455209762933913978208936101223104228805538926284145439048815081544
                                                                                    1217912302958095563526307483361682814644400870967313404151834656343208308389426218158573222622316
                                                                                   1217912302958095563526307483361682814644400870967313404151834656343208308389426218158573222622316
                                                                                   405970767652698521175435827787227604881466956989104468050611552114402769463142072719524407540772
                                                                                  405970767652698521175435827787227604881466956989104468050611552114402769463142072719524407540772
                                                                                                                                                                                0
                                                                                202985383826349260587717913893613802440733478494552234025305776057201384731571036359762203770386
                                                                                                                                                                              0
                                                                              811941535305397042350871655574455209762933913978208936101223104228805538926284145439048815081544
                                                                            1826868454437143345289461225042524221966601306450970106227751984514812462584139327237859833933474
                                                                                                                                                                           0
                                                                          1014926919131746302938589569468069012203667392472761170126528880286006923657855181798811018851930
                                                                          608956151479047781763153741680841407322200435483656702075917328171604154194713109079286611311158
                                                                        1014926919131746302938589569468069012203667392472761170126528880286006923657855181798811018851930
                                                                       1420897686784444824114025397255296617085134349461865638177140432400409693120997254518335426392702
                                                                       608956151479047781763153741680841407322200435483656702075917328171604154194713109079286611311158
                                                                                                                                                                     0
                                                                    1014926919131746302938589569468069012203667392472761170126528880286006923657855181798811018851930
                                                                    608956151479047781763153741680841407322200435483656702075917328171604154194713109079286611311158
                                                                                                                                                                  0
                                                                  202985383826349260587717913893613802440733478494552234025305776057201384731571036359762203770386
                                                                 202985383826349260587717913893613802440733478494552234025305776057201384731571036359762203770386
                                                               1826868454437143345289461225042524221966601306450970106227751984514812462584139327237859833933474
                                                              1623883070610794084701743311148910419525867827956417872202446208457611077852568290878097630163088
                                                             1217912302958095563526307483361682814644400870967313404151834656343208308389426218158573222622316
                                                             608956151479047781763153741680841407322200435483656702075917328171604154194713109079286611311158
                                                                                                                                                           0
                                                           811941535305397042350871655574455209762933913978208936101223104228805538926284145439048815081544
                                                          811941535305397042350871655574455209762933913978208936101223104228805538926284145439048815081544
                                                         405970767652698521175435827787227604881466956989104468050611552114402769463142072719524407540772
                                                        608956151479047781763153741680841407322200435483656702075917328171604154194713109079286611311158
                                                       405970767652698521175435827787227604881466956989104468050611552114402769463142072719524407540772
                                                      608956151479047781763153741680841407322200435483656702075917328171604154194713109079286611311158
                                                    1014926919131746302938589569468069012203667392472761170126528880286006923657855181798811018851930
                                                                                                                                                   0
                                                   202985383826349260587717913893613802440733478494552234025305776057201384731571036359762203770386
                                                 1217912302958095563526307483361682814644400870967313404151834656343208308389426218158573222622316
                                                 405970767652698521175435827787227604881466956989104468050611552114402769463142072719524407540772
                                                                                                                                               0
                                              1623883070610794084701743311148910419525867827956417872202446208457611077852568290878097630163088
                                             1217912302958095563526307483361682814644400870967313404151834656343208308389426218158573222622316
                                             811941535305397042350871655574455209762933913978208936101223104228805538926284145439048815081544
                                           1623883070610794084701743311148910419525867827956417872202446208457611077852568290878097630163088
                                                                                                                                          0
                                         1014926919131746302938589569468069012203667392472761170126528880286006923657855181798811018851930
                                         202985383826349260587717913893613802440733478494552234025305776057201384731571036359762203770386
                                                                                                                                       0
                                      1826868454437143345289461225042524221966601306450970106227751984514812462584139327237859833933474
                                      811941535305397042350871655574455209762933913978208936101223104228805538926284145439048815081544
                                     202985383826349260587717913893613802440733478494552234025305776057201384731571036359762203770386
                                    202985383826349260587717913893613802440733478494552234025305776057201384731571036359762203770386
                                   405970767652698521175435827787227604881466956989104468050611552114402769463142072719524407540772
                                  811941535305397042350871655574455209762933913978208936101223104228805538926284145439048815081544
                                1014926919131746302938589569468069012203667392472761170126528880286006923657855181798811018851930
                               1623883070610794084701743311148910419525867827956417872202446208457611077852568290878097630163088
                               405970767652698521175435827787227604881466956989104468050611552114402769463142072719524407540772
                             1826868454437143345289461225042524221966601306450970106227751984514812462584139327237859833933474
                            1420897686784444824114025397255296617085134349461865638177140432400409693120997254518335426392702
                            202985383826349260587717913893613802440733478494552234025305776057201384731571036359762203770386
                           405970767652698521175435827787227604881466956989104468050611552114402769463142072719524407540772
                         1826868454437143345289461225042524221966601306450970106227751984514812462584139327237859833933474
                        1420897686784444824114025397255296617085134349461865638177140432400409693120997254518335426392702
                        202985383826349260587717913893613802440733478494552234025305776057201384731571036359762203770386
                       202985383826349260587717913893613802440733478494552234025305776057201384731571036359762203770386
                     1826868454437143345289461225042524221966601306450970106227751984514812462584139327237859833933474
                    1623883070610794084701743311148910419525867827956417872202446208457611077852568290878097630163088
                    202985383826349260587717913893613802440733478494552234025305776057201384731571036359762203770386
                  1420897686784444824114025397255296617085134349461865638177140432400409693120997254518335426392702
                 1014926919131746302938589569468069012203667392472761170126528880286006923657855181798811018851930
                1014926919131746302938589569468069012203667392472761170126528880286006923657855181798811018851930
                                                                                                               0
              1217912302958095563526307483361682814644400870967313404151834656343208308389426218158573222622316
             1826868454437143345289461225042524221966601306450970106227751984514812462584139327237859833933474
            1420897686784444824114025397255296617085134349461865638177140432400409693120997254518335426392702
           1826868454437143345289461225042524221966601306450970106227751984514812462584139327237859833933474
          1217912302958095563526307483361682814644400870967313404151834656343208308389426218158573222622316
         1420897686784444824114025397255296617085134349461865638177140432400409693120997254518335426392702
        1623883070610794084701743311148910419525867827956417872202446208457611077852568290878097630163088
       1623883070610794084701743311148910419525867827956417872202446208457611077852568290878097630163088
       202985383826349260587717913893613802440733478494552234025305776057201384731571036359762203770386
     1420897686784444824114025397255296617085134349461865638177140432400409693120997254518335426392702
    1014926919131746302938589569468069012203667392472761170126528880286006923657855181798811018851930
    811941535305397042350871655574455209762933913978208936101223104228805538926284145439048815081544
   405970767652698521175435827787227604881466956989104468050611552114402769463142072719524407540772
 1217912302958095563526307483361682814644400870967313404151834656343208308389426218158573222622316
                                                                                                0
202985383826349260587717913893613802440733478494552234025305776057201384731571036359762203770386
---------------------------------------------------------------------------------------------------------------------------------------------------------------------------------------
215663280261501063548019054058028167040695583936212480095758111975397486797933341689148472111356995544866778600874798857252235064535068139955091210655055246367368956791469850380283040

