                                                                             1332603737930222431933914543322356626099883815159242644008430676348947926217823748
                                                                                *102412256223857751454185868133944285400132428293448856443267651089530644986706
                                                                             ----------------------------------------------------------------------------------
                                                                             7995622427581334591603487259934139756599302890955455864050584058093687557306942488
                                                                                                                                                             0
                                                                           9328226165511557023537401803256496382699186706114698508059014734442635483524766236
                                                                          7995622427581334591603487259934139756599302890955455864050584058093687557306942488
                                                                        10660829903441779455471316346578853008799070521273941152067445410791583409742589984
                                                                       11993433641372001887405230889901209634898954336433183796075876087140531335960413732
                                                                       5330414951720889727735658173289426504399535260636970576033722705395791704871294992
                                                                      5330414951720889727735658173289426504399535260636970576033722705395791704871294992
                                                                     7995622427581334591603487259934139756599302890955455864050584058093687557306942488
                                                                                                                                                     0
                                                                   3997811213790667295801743629967069878299651445477727932025292029046843778653471244
                                                                  6663018689651112159669572716611783130499419075796213220042153381744739631089118740
                                                                11993433641372001887405230889901209634898954336433183796075876087140531335960413732
                                                               10660829903441779455471316346578853008799070521273941152067445410791583409742589984
                                                                                                                                                0
                                                              1332603737930222431933914543322356626099883815159242644008430676348947926217823748
                                                             6663018689651112159669572716611783130499419075796213220042153381744739631089118740
                                                            7995622427581334591603487259934139756599302890955455864050584058093687557306942488
                                                           9328226165511557023537401803256496382699186706114698508059014734442635483524766236
                                                          7995622427581334591603487259934139756599302890955455864050584058093687557306942488
                                                         2665207475860444863867829086644713252199767630318485288016861352697895852435647496
                                                        3997811213790667295801743629967069878299651445477727932025292029046843778653471244
                                                       5330414951720889727735658173289426504399535260636970576033722705395791704871294992
                                                      5330414951720889727735658173289426504399535260636970576033722705395791704871294992
                                                     7995622427581334591603487259934139756599302890955455864050584058093687557306942488
                                                    6663018689651112159669572716611783130499419075796213220042153381744739631089118740
                                                  10660829903441779455471316346578853008799070521273941152067445410791583409742589984
                                                 10660829903441779455471316346578853008799070521273941152067445410791583409742589984
                                                 5330414951720889727735658173289426504399535260636970576033722705395791704871294992
                                                5330414951720889727735658173289426504399535260636970576033722705395791704871294992
                                               3997811213790667295801743629967069878299651445477727932025292029046843778653471244
                                             11993433641372001887405230889901209634898954336433183796075876087140531335960413732
                                             2665207475860444863867829086644713252199767630318485288016861352697895852435647496
                                           10660829903441779455471316346578853008799070521273941152067445410791583409742589984
                                           2665207475860444863867829086644713252199767630318485288016861352697895852435647496
                                          5330414951720889727735658173289426504399535260636970576033722705395791704871294992
                                         2665207475860444863867829086644713252199767630318485288016861352697895852435647496
                                        3997811213790667295801743629967069878299651445477727932025292029046843778653471244
                                       1332603737930222431933914543322356626099883815159242644008430676348947926217823748
                                                                                                                       0
                                                                                                                      0
                                    5330414951720889727735658173289426504399535260636970576033722705395791704871294992
                                   6663018689651112159669572716611783130499419075796213220042153381744739631089118740
                                 10660829903441779455471316346578853008799070521273941152067445410791583409742589984
                                 2665207475860444863867829086644713252199767630318485288016861352697895852435647496
                                5330414951720889727735658173289426504399535260636970576033722705395791704871294992
                               5330414951720889727735658173289426504399535260636970576033722705395791704871294992
                             11993433641372001887405230889901209634898954336433183796075876087140531335960413732
                             3997811213790667295801743629967069878299651445477727932025292029046843778653471244
                            3997811213790667295801743629967069878299651445477727932025292029046843778653471244
                           1332603737930222431933914543322356626099883815159242644008430676348947926217823748
                         10660829903441779455471316346578853008799070521273941152067445410791583409742589984
                         7995622427581334591603487259934139756599302890955455864050584058093687557306942488
                       10660829903441779455471316346578853008799070521273941152067445410791583409742589984
                       6663018689651112159669572716611783130499419075796213220042153381744739631089118740
                     10660829903441779455471316346578853008799070521273941152067445410791583409742589984
                     1332603737930222431933914543322356626099883815159242644008430676348947926217823748
                    5330414951720889727735658173289426504399535260636970576033722705395791704871294992
                   6663018689651112159669572716611783130499419075796213220042153381744739631089118740
                  5330414951720889727735658173289426504399535260636970576033722705395791704871294992
                 1332603737930222431933914543322356626099883815159242644008430676348947926217823748
                6663018689651112159669572716611783130499419075796213220042153381744739631089118740
               9328226165511557023537401803256496382699186706114698508059014734442635483524766236
              9328226165511557023537401803256496382699186706114698508059014734442635483524766236
             6663018689651112159669572716611783130499419075796213220042153381744739631089118740
           10660829903441779455471316346578853008799070521273941152067445410791583409742589984
           3997811213790667295801743629967069878299651445477727932025292029046843778653471244
          2665207475860444863867829086644713252199767630318485288016861352697895852435647496
         2665207475860444863867829086644713252199767630318485288016861352697895852435647496
        7995622427581334591603487259934139756599302890955455864050584058093687557306942488
       6663018689651112159669572716611783130499419075796213220042153381744739631089118740
      2665207475860444863867829086644713252199767630318485288016861352697895852435647496
     2665207475860444863867829086644713252199767630318485288016861352697895852435647496
    1332603737930222431933914543322356626099883815159242644008430676348947926217823748
   5330414951720889727735658173289426504399535260636970576033722705395791704871294992
  2665207475860444863867829086644713252199767630318485288016861352697895852435647496
                                                                                  0
1332603737930222431933914543322356626099883815159242644008430676348947926217823748
---------------------------------------------------------------------------------------------------------------------------------------------------------------
136474955453780526188661405425706221689357293830997068691727472806824976595918759287192173956949817078123066632430085207885545417987810602287204923617711094088

