                              5778610589536569814085723776045422384432386942924332905372077529758202530125328
                                                                              *861061699997740726556709812355
                             --------------------------------------------------------------------------------
                             28893052947682849070428618880227111922161934714621664526860387648791012650626640
                            28893052947682849070428618880227111922161934714621664526860387648791012650626640
                           17335831768609709442257171328136267153297160828772998716116232589274607590375984
                          11557221179073139628171447552090844768864773885848665810744155059516405060250656
                          5778610589536569814085723776045422384432386942924332905372077529758202530125328
                        46228884716292558512685790208363379075459095543394663242976620238065620241002624
                       52007495305829128326771513984408801459891482486318996148348697767823822771127952
                                                                                                     0
                     40450274126755988698600066432317956691026708600470330337604542708307417710877296
                    34671663537219418884514342656272534306594321657545997432232465178549215180751968
                   28893052947682849070428618880227111922161934714621664526860387648791012650626640
                  28893052947682849070428618880227111922161934714621664526860387648791012650626640
                 34671663537219418884514342656272534306594321657545997432232465178549215180751968
                11557221179073139628171447552090844768864773885848665810744155059516405060250656
               40450274126755988698600066432317956691026708600470330337604542708307417710877296
                                                                                             0
             23114442358146279256342895104181689537729547771697331621488310119032810120501312
            40450274126755988698600066432317956691026708600470330337604542708307417710877296
           40450274126755988698600066432317956691026708600470330337604542708307417710877296
          52007495305829128326771513984408801459891482486318996148348697767823822771127952
         52007495305829128326771513984408801459891482486318996148348697767823822771127952
        52007495305829128326771513984408801459891482486318996148348697767823822771127952
       52007495305829128326771513984408801459891482486318996148348697767823822771127952
      34671663537219418884514342656272534306594321657545997432232465178549215180751968
      5778610589536569814085723776045422384432386942924332905372077529758202530125328
    34671663537219418884514342656272534306594321657545997432232465178549215180751968
                                                                                  0
   5778610589536569814085723776045422384432386942924332905372077529758202530125328
 34671663537219418884514342656272534306594321657545997432232465178549215180751968
46228884716292558512685790208363379075459095543394663242976620238065620241002624
-------------------------------------------------------------------------------------------------------------
4975740257851305554841281833075461673669023909766672105881602589185104331158290460522754488776285585512827440

