                                           449834238771062591856115350798533426940728924174369081616795548980684756559077404
                                                                                *5125731437075966640307957924438940424667375
                                          ----------------------------------------------------------------------------------
                                          2249171193855312959280576753992667134703644620871845408083977744903423782795387020
                                         3148839671397438142992807455589733988585102469220583571317568842864793295913541828
                                        1349502716313187775568346052395600280822186772523107244850386646942054269677232212
                                       3148839671397438142992807455589733988585102469220583571317568842864793295913541828
                                      2699005432626375551136692104791200561644373545046214489700773293884108539354464424
                                     2699005432626375551136692104791200561644373545046214489700773293884108539354464424
                                    1799336955084250367424461403194133707762915696697476326467182195922739026236309616
                                    899668477542125183712230701597066853881457848348738163233591097961369513118154808
                                  1799336955084250367424461403194133707762915696697476326467182195922739026236309616
                                                                                                                  0
                                1799336955084250367424461403194133707762915696697476326467182195922739026236309616
                               4048508148939563326705038157186800842466560317569321734551159940826162809031696636
                              3598673910168500734848922806388267415525831393394952652934364391845478052472619232
                             1349502716313187775568346052395600280822186772523107244850386646942054269677232212
                            1799336955084250367424461403194133707762915696697476326467182195922739026236309616
                           1799336955084250367424461403194133707762915696697476326467182195922739026236309616
                           899668477542125183712230701597066853881457848348738163233591097961369513118154808
                         4048508148939563326705038157186800842466560317569321734551159940826162809031696636
                        3148839671397438142992807455589733988585102469220583571317568842864793295913541828
                       2249171193855312959280576753992667134703644620871845408083977744903423782795387020
                      4048508148939563326705038157186800842466560317569321734551159940826162809031696636
                     3148839671397438142992807455589733988585102469220583571317568842864793295913541828
                                                                                                     0
                   1349502716313187775568346052395600280822186772523107244850386646942054269677232212
                                                                                                   0
                 1799336955084250367424461403194133707762915696697476326467182195922739026236309616
                2699005432626375551136692104791200561644373545046214489700773293884108539354464424
               2699005432626375551136692104791200561644373545046214489700773293884108539354464424
              2699005432626375551136692104791200561644373545046214489700773293884108539354464424
             4048508148939563326705038157186800842466560317569321734551159940826162809031696636
            2249171193855312959280576753992667134703644620871845408083977744903423782795387020
           3148839671397438142992807455589733988585102469220583571317568842864793295913541828
                                                                                           0
         3148839671397438142992807455589733988585102469220583571317568842864793295913541828
        1349502716313187775568346052395600280822186772523107244850386646942054269677232212
       1799336955084250367424461403194133707762915696697476326467182195922739026236309616
       449834238771062591856115350798533426940728924174369081616795548980684756559077404
     1349502716313187775568346052395600280822186772523107244850386646942054269677232212
    3148839671397438142992807455589733988585102469220583571317568842864793295913541828
   2249171193855312959280576753992667134703644620871845408083977744903423782795387020
   899668477542125183712230701597066853881457848348738163233591097961369513118154808
  449834238771062591856115350798533426940728924174369081616795548980684756559077404
2249171193855312959280576753992667134703644620871845408083977744903423782795387020
----------------------------------------------------------------------------------------------------------------------------
2305729499141972168786516007132833465476187051944273739522033859636482826939798344438929023245084885046512002169193578494500

