                                                                                                     21
 *95630998154056289364250062740869432421247653271218643740015001945297312187414635400884986487672191933
 ------------------------------------------------------------------------------------------------------
                                                                                                     63
                                                                                                    63
                                                                                                  189
                                                                                                  21
                                                                                                189
                                                                                                21
                                                                                               42
                                                                                             147
                                                                                            126
                                                                                           147
                                                                                          168
                                                                                          84
                                                                                        126
                                                                                       168
                                                                                      189
                                                                                      84
                                                                                    168
                                                                                   168
                                                                                    0
                                                                                   0
                                                                                 84
                                                                               105
                                                                               63
                                                                             126
                                                                             84
                                                                            21
                                                                           84
                                                                         147
                                                                        168
                                                                        21
                                                                       42
                                                                      21
                                                                     63
                                                                   147
                                                                  189
                                                                  42
                                                                105
                                                                84
                                                              189
                                                              21
                                                              0
                                                             0
                                                          105
                                                          21
                                                          0
                                                         0
                                                       84
                                                     147
                                                     63
                                                    84
                                                  126
                                                 168
                                                 21
                                                42
                                               21
                                             147
                                             42
                                            63
                                          105
                                         126
                                        147
                                        84
                                       42
                                      21
                                     42
                                    84
                                   42
                                  63
                                 84
                               189
                              126
                             168
                              0
                            84
                          147
                          42
                        126
                         0
                        0
                     105
                     42
                    84
                  126
                  63
                189
               168
               42
             126
            105
             0
           84
         105
         21
       168
      189
     189
      0
    63
  126
 105
189
-------------------------------------------------------------------------------------------------------
2008250961235182076649251317558258080846200718695591518540315040851243555935707343418584716241116030593

