                                                                                               242601583
        *57097614040326084254355782807742442203617640248774200788968732987107468233268045566534331204503
        ------------------------------------------------------------------------------------------------
                                                                                               727804749
                                                                                                      0
                                                                                            1213007915
                                                                                            970406332
                                                                                                   0
                                                                                          485203166
                                                                                         242601583
                                                                                        727804749
                                                                                       727804749
                                                                                      970406332
                                                                                     727804749
                                                                                   1213007915
                                                                                  1455609498
                                                                                 1455609498
                                                                                1213007915
                                                                               1213007915
                                                                               970406332
                                                                                      0
                                                                            1940812664
                                                                           1455609498
                                                                           485203166
                                                                          727804749
                                                                         727804749
                                                                        485203166
                                                                      1940812664
                                                                     1455609498
                                                                     970406332
                                                                   1698211081
                                                                           0
                                                                  242601583
                                                                1698211081
                                                               1940812664
                                                              2183414247
                                                              485203166
                                                             727804749
                                                           1698211081
                                                          1940812664
                                                         1455609498
                                                        2183414247
                                                       1940812664
                                                      1940812664
                                                     1698211081
                                                             0
                                                            0
                                                   485203166
                                                  970406332
                                                1698211081
                                               1698211081
                                              1940812664
                                              970406332
                                             485203166
                                                    0
                                           970406332
                                         1455609498
                                        1698211081
                                        242601583
                                      1455609498
                                      727804749
                                             0
                                    485203166
                                   485203166
                                  970406332
                                 970406332
                                485203166
                               970406332
                             1698211081
                            1698211081
                                    0
                          1940812664
                          485203166
                        1940812664
                       1698211081
                      1213007915
                     1213007915
                     727804749
                    970406332
                  1213007915
                  485203166
                 970406332
               1940812664
                       0
             1455609498
             485203166
            727804749
                   0
          970406332
                 0
        970406332
       242601583
     1455609498
    1698211081
   2183414247
           0
 1698211081
1213007915
--------------------------------------------------------------------------------------------------------
13851971551706133876298087554362501134883647851077134920963663560176590384513041117757360574058724528249

