                                                                 6338834256634874084815327323002536420845508996405886329162462716368453904803
                                                                           *54303277568183710874568098136172512939686495866853200019822549790
                                                                           ------------------------------------------------------------------
                                                                                                                                            0
                                                               57049508309713866763337945907022827787609580967652976962462164447316085143227
                                                              44371839796444118593707291261017754945918562974841204304137239014579177333621
                                                             57049508309713866763337945907022827787609580967652976962462164447316085143227
                                                            25355337026539496339261309292010145683382035985623545316649850865473815619212
                                                           31694171283174370424076636615012682104227544982029431645812313581842269524015
                                                          12677668513269748169630654646005072841691017992811772658324925432736907809606
                                                         12677668513269748169630654646005072841691017992811772658324925432736907809606
                                                        50710674053078992678522618584020291366764071971247090633299701730947631238424
                                                       57049508309713866763337945907022827787609580967652976962462164447316085143227
                                                       6338834256634874084815327323002536420845508996405886329162462716368453904803
                                                                                                                                 0
                                                                                                                                0
                                                                                                                               0
                                                  12677668513269748169630654646005072841691017992811772658324925432736907809606
                                                 19016502769904622254445981969007609262536526989217658987487388149105361714409
                                                31694171283174370424076636615012682104227544982029431645812313581842269524015
                                               50710674053078992678522618584020291366764071971247090633299701730947631238424
                                              38033005539809244508891963938015218525073053978435317974974776298210723428818
                                             38033005539809244508891963938015218525073053978435317974974776298210723428818
                                            50710674053078992678522618584020291366764071971247090633299701730947631238424
                                           31694171283174370424076636615012682104227544982029431645812313581842269524015
                                          57049508309713866763337945907022827787609580967652976962462164447316085143227
                                         25355337026539496339261309292010145683382035985623545316649850865473815619212
                                        38033005539809244508891963938015218525073053978435317974974776298210723428818
                                       50710674053078992678522618584020291366764071971247090633299701730947631238424
                                      38033005539809244508891963938015218525073053978435317974974776298210723428818
                                     57049508309713866763337945907022827787609580967652976962462164447316085143227
                                    19016502769904622254445981969007609262536526989217658987487388149105361714409
                                   57049508309713866763337945907022827787609580967652976962462164447316085143227
                                  12677668513269748169630654646005072841691017992811772658324925432736907809606
                                  6338834256634874084815327323002536420845508996405886329162462716368453904803
                                31694171283174370424076636615012682104227544982029431645812313581842269524015
                               12677668513269748169630654646005072841691017992811772658324925432736907809606
                              44371839796444118593707291261017754945918562974841204304137239014579177333621
                              6338834256634874084815327323002536420845508996405886329162462716368453904803
                            38033005539809244508891963938015218525073053978435317974974776298210723428818
                           19016502769904622254445981969007609262536526989217658987487388149105361714409
                           6338834256634874084815327323002536420845508996405886329162462716368453904803
                         50710674053078992678522618584020291366764071971247090633299701730947631238424
                        57049508309713866763337945907022827787609580967652976962462164447316085143227
                                                                                                   0
                      50710674053078992678522618584020291366764071971247090633299701730947631238424
                     38033005539809244508891963938015218525073053978435317974974776298210723428818
                    31694171283174370424076636615012682104227544982029431645812313581842269524015
                   25355337026539496339261309292010145683382035985623545316649850865473815619212
                  44371839796444118593707291261017754945918562974841204304137239014579177333621
                 50710674053078992678522618584020291366764071971247090633299701730947631238424
                                                                                            0
                6338834256634874084815327323002536420845508996405886329162462716368453904803
              44371839796444118593707291261017754945918562974841204304137239014579177333621
             19016502769904622254445981969007609262536526989217658987487388149105361714409
            50710674053078992678522618584020291366764071971247090633299701730947631238424
            6338834256634874084815327323002536420845508996405886329162462716368453904803
          50710674053078992678522618584020291366764071971247090633299701730947631238424
         38033005539809244508891963938015218525073053978435317974974776298210723428818
        31694171283174370424076636615012682104227544982029431645812313581842269524015
       44371839796444118593707291261017754945918562974841204304137239014579177333621
      44371839796444118593707291261017754945918562974841204304137239014579177333621
     12677668513269748169630654646005072841691017992811772658324925432736907809606
    19016502769904622254445981969007609262536526989217658987487388149105361714409
                                                                               0
  19016502769904622254445981969007609262536526989217658987487388149105361714409
 25355337026539496339261309292010145683382035985623545316649850865473815619212
31694171283174370424076636615012682104227544982029431645812313581842269524015
---------------------------------------------------------------------------------------------------------------------------------------------
344219476096755025841485306585483248872283651800701675895032016969471466039136368570195253729289095229567691882984628110208245113277387641370

