                                                                                               8673404403076015436
                  *23081638730516241395326186230602001265048099724953496005739899009226731640523018467068541421432
                  ------------------------------------------------------------------------------------------------
                                                                                              17346808806152030872
                                                                                             26020213209228046308
                                                                                            34693617612304061744
                                                                                            8673404403076015436
                                                                                          17346808806152030872
                                                                                         34693617612304061744
                                                                                         8673404403076015436
                                                                                       34693617612304061744
                                                                                      43367022015380077180
                                                                                     69387235224608123488
                                                                                    52040426418456092616
                                                                                                      0
                                                                                  60713830821532108052
                                                                                 52040426418456092616
                                                                                34693617612304061744
                                                                               69387235224608123488
                                                                               8673404403076015436
                                                                                                0
                                                                            26020213209228046308
                                                                           17346808806152030872
                                                                          43367022015380077180
                                                                                            0
                                                                        34693617612304061744
                                                                       52040426418456092616
                                                                       8673404403076015436
                                                                     26020213209228046308
                                                                    60713830821532108052
                                                                   52040426418456092616
                                                                  17346808806152030872
                                                                 17346808806152030872
                                                                78060639627684138924
                                                                                  0
                                                                                 0
                                                             78060639627684138924
                                                            78060639627684138924
                                                           69387235224608123488
                                                          78060639627684138924
                                                         26020213209228046308
                                                        60713830821532108052
                                                       43367022015380077180
                                                                         0
                                                                        0
                                                    52040426418456092616
                                                   78060639627684138924
                                                  34693617612304061744
                                                 26020213209228046308
                                                43367022015380077180
                                               78060639627684138924
                                              34693617612304061744
                                             17346808806152030872
                                            60713830821532108052
                                           78060639627684138924
                                          78060639627684138924
                                                            0
                                        69387235224608123488
                                       34693617612304061744
                                                         0
                                     43367022015380077180
                                    52040426418456092616
                                   17346808806152030872
                                   8673404403076015436
                                                    0
                                                   0
                               17346808806152030872
                                                 0
                             52040426418456092616
                                               0
                           26020213209228046308
                          17346808806152030872
                         52040426418456092616
                        69387235224608123488
                        8673404403076015436
                      52040426418456092616
                     17346808806152030872
                    26020213209228046308
                   43367022015380077180
                  78060639627684138924
                 26020213209228046308
                 8673404403076015436
               34693617612304061744
              17346808806152030872
             52040426418456092616
             8673404403076015436
           43367022015380077180
                             0
         26020213209228046308
        60713830821532108052
       69387235224608123488
      26020213209228046308
     52040426418456092616
     8673404403076015436
   69387235224608123488
                     0
 26020213209228046308
17346808806152030872
------------------------------------------------------------------------------------------------------------------
200196386995469459412927685868448339521416165829829924087991173418003048761994099623631950184246454183130213224352

