                                                                                                    84911825618696120592040369502680182274836605317367572519569738856184568228760597244406353336122830297
                                                                                                   *11098693566911985518980108501472671541898590688149038048809047205469648407466380384199989883614160025
                                                                                                   ------------------------------------------------------------------------------------------------------
                                                                                                   424559128093480602960201847513400911374183026586837862597848694280922841143802986222031766680614151485
                                                                                                  169823651237392241184080739005360364549673210634735145039139477712369136457521194488812706672245660594
                                                                                                                                                                                                      0
                                                                                                                                                                                                     0
                                                                                               509470953712176723552242217016081093649019631904205435117418433137107409372563583466438120016736981782
                                                                                               84911825618696120592040369502680182274836605317367572519569738856184568228760597244406353336122830297
                                                                                             339647302474784482368161478010720729099346421269470290078278955424738272915042388977625413344491321188
                                                                                             84911825618696120592040369502680182274836605317367572519569738856184568228760597244406353336122830297
                                                                                           509470953712176723552242217016081093649019631904205435117418433137107409372563583466438120016736981782
                                                                                          254735476856088361776121108508040546824509815952102717558709216568553704686281791733219060008368490891
                                                                                         679294604949568964736322956021441458198692842538940580156557910849476545830084777955250826688982642376
                                                                                        679294604949568964736322956021441458198692842538940580156557910849476545830084777955250826688982642376
                                                                                       764206430568265085328363325524121640473529447856308152676127649705661114058845375199657180025105472673
                                                                                      679294604949568964736322956021441458198692842538940580156557910849476545830084777955250826688982642376
                                                                                     764206430568265085328363325524121640473529447856308152676127649705661114058845375199657180025105472673
                                                                                    764206430568265085328363325524121640473529447856308152676127649705661114058845375199657180025105472673
                                                                                   764206430568265085328363325524121640473529447856308152676127649705661114058845375199657180025105472673
                                                                                   84911825618696120592040369502680182274836605317367572519569738856184568228760597244406353336122830297
                                                                                 339647302474784482368161478010720729099346421269470290078278955424738272915042388977625413344491321188
                                                                                679294604949568964736322956021441458198692842538940580156557910849476545830084777955250826688982642376
                                                                               254735476856088361776121108508040546824509815952102717558709216568553704686281791733219060008368490891
                                                                                                                                                                                   0
                                                                             679294604949568964736322956021441458198692842538940580156557910849476545830084777955250826688982642376
                                                                            254735476856088361776121108508040546824509815952102717558709216568553704686281791733219060008368490891
                                                                           509470953712176723552242217016081093649019631904205435117418433137107409372563583466438120016736981782
                                                                          509470953712176723552242217016081093649019631904205435117418433137107409372563583466438120016736981782
                                                                         339647302474784482368161478010720729099346421269470290078278955424738272915042388977625413344491321188
                                                                        594382779330872844144282586518761275923856237221573007636988171993291977601324180710844473352859812079
                                                                                                                                                                            0
                                                                      339647302474784482368161478010720729099346421269470290078278955424738272915042388977625413344491321188
                                                                     679294604949568964736322956021441458198692842538940580156557910849476545830084777955250826688982642376
                                                                    339647302474784482368161478010720729099346421269470290078278955424738272915042388977625413344491321188
                                                                   509470953712176723552242217016081093649019631904205435117418433137107409372563583466438120016736981782
                                                                  764206430568265085328363325524121640473529447856308152676127649705661114058845375199657180025105472673
                                                                 509470953712176723552242217016081093649019631904205435117418433137107409372563583466438120016736981782
                                                                339647302474784482368161478010720729099346421269470290078278955424738272915042388977625413344491321188
                                                               424559128093480602960201847513400911374183026586837862597848694280922841143802986222031766680614151485
                                                                                                                                                                   0
                                                             169823651237392241184080739005360364549673210634735145039139477712369136457521194488812706672245660594
                                                            594382779330872844144282586518761275923856237221573007636988171993291977601324180710844473352859812079
                                                           339647302474784482368161478010720729099346421269470290078278955424738272915042388977625413344491321188
                                                                                                                                                               0
                                                         764206430568265085328363325524121640473529447856308152676127649705661114058845375199657180025105472673
                                                                                                                                                             0
                                                       679294604949568964736322956021441458198692842538940580156557910849476545830084777955250826688982642376
                                                      679294604949568964736322956021441458198692842538940580156557910849476545830084777955250826688982642376
                                                     339647302474784482368161478010720729099346421269470290078278955424738272915042388977625413344491321188
                                                                                                                                                         0
                                                   679294604949568964736322956021441458198692842538940580156557910849476545830084777955250826688982642376
                                                  254735476856088361776121108508040546824509815952102717558709216568553704686281791733219060008368490891
                                                                                                                                                      0
                                                764206430568265085328363325524121640473529447856308152676127649705661114058845375199657180025105472673
                                               339647302474784482368161478010720729099346421269470290078278955424738272915042388977625413344491321188
                                               84911825618696120592040369502680182274836605317367572519569738856184568228760597244406353336122830297
                                             679294604949568964736322956021441458198692842538940580156557910849476545830084777955250826688982642376
                                            679294604949568964736322956021441458198692842538940580156557910849476545830084777955250826688982642376
                                           509470953712176723552242217016081093649019631904205435117418433137107409372563583466438120016736981782
                                                                                                                                               0
                                         764206430568265085328363325524121640473529447856308152676127649705661114058845375199657180025105472673
                                        424559128093480602960201847513400911374183026586837862597848694280922841143802986222031766680614151485
                                       679294604949568964736322956021441458198692842538940580156557910849476545830084777955250826688982642376
                                      764206430568265085328363325524121640473529447856308152676127649705661114058845375199657180025105472673
                                     679294604949568964736322956021441458198692842538940580156557910849476545830084777955250826688982642376
                                     84911825618696120592040369502680182274836605317367572519569738856184568228760597244406353336122830297
                                   339647302474784482368161478010720729099346421269470290078278955424738272915042388977625413344491321188
                                  424559128093480602960201847513400911374183026586837862597848694280922841143802986222031766680614151485
                                  84911825618696120592040369502680182274836605317367572519569738856184568228760597244406353336122830297
                                594382779330872844144282586518761275923856237221573007636988171993291977601324180710844473352859812079
                               509470953712176723552242217016081093649019631904205435117418433137107409372563583466438120016736981782
                              169823651237392241184080739005360364549673210634735145039139477712369136457521194488812706672245660594
                             594382779330872844144282586518761275923856237221573007636988171993291977601324180710844473352859812079
                            339647302474784482368161478010720729099346421269470290078278955424738272915042388977625413344491321188
                            84911825618696120592040369502680182274836605317367572519569738856184568228760597244406353336122830297
                                                                                                                               0
                         424559128093480602960201847513400911374183026586837862597848694280922841143802986222031766680614151485
                        679294604949568964736322956021441458198692842538940580156557910849476545830084777955250826688982642376
                                                                                                                            0
                       84911825618696120592040369502680182274836605317367572519569738856184568228760597244406353336122830297
                                                                                                                          0
                    679294604949568964736322956021441458198692842538940580156557910849476545830084777955250826688982642376
                   764206430568265085328363325524121640473529447856308152676127649705661114058845375199657180025105472673
                  679294604949568964736322956021441458198692842538940580156557910849476545830084777955250826688982642376
                  84911825618696120592040369502680182274836605317367572519569738856184568228760597244406353336122830297
                424559128093480602960201847513400911374183026586837862597848694280922841143802986222031766680614151485
               424559128093480602960201847513400911374183026586837862597848694280922841143802986222031766680614151485
              679294604949568964736322956021441458198692842538940580156557910849476545830084777955250826688982642376
             764206430568265085328363325524121640473529447856308152676127649705661114058845375199657180025105472673
             84911825618696120592040369502680182274836605317367572519569738856184568228760597244406353336122830297
            84911825618696120592040369502680182274836605317367572519569738856184568228760597244406353336122830297
          764206430568265085328363325524121640473529447856308152676127649705661114058845375199657180025105472673
         509470953712176723552242217016081093649019631904205435117418433137107409372563583466438120016736981782
        509470953712176723552242217016081093649019631904205435117418433137107409372563583466438120016736981782
       424559128093480602960201847513400911374183026586837862597848694280922841143802986222031766680614151485
      254735476856088361776121108508040546824509815952102717558709216568553704686281791733219060008368490891
     764206430568265085328363325524121640473529447856308152676127649705661114058845375199657180025105472673
    509470953712176723552242217016081093649019631904205435117418433137107409372563583466438120016736981782
   679294604949568964736322956021441458198692842538940580156557910849476545830084777955250826688982642376
  764206430568265085328363325524121640473529447856308152676127649705661114058845375199657180025105472673
                                                                                                      0
 84911825618696120592040369502680182274836605317367572519569738856184568228760597244406353336122830297
84911825618696120592040369502680182274836605317367572519569738856184568228760597244406353336122830297
---------------------------------------------------------------------------------------------------------------------------------------------------------------------------------------------------------
942410332748974958278453613998830617695842732187814953241303270697170004292054536127929462738865663446763857057472377494482831291366842618779845245137511768015104517166796674869095627797916109276277425

