                                                                                                     24035863600832384705405704202864378864135218457928478048568855282179592013968751508312179055583891740
                                                                                                    *95234922437510742442998726643153676168312174248592881664239544912539471789103063341508021985487630687
                                                                                                    ------------------------------------------------------------------------------------------------------
                                                                                                    168251045205826692937839929420050652048946529205499346339981986975257144097781260558185253389087242180
                                                                                                   192286908806659077643245633622915030913081747663427824388550842257436736111750012066497432444671133920
                                                                                                  144215181604994308232434225217186273184811310747570868291413131693077552083812509049873074333503350440
                                                                                                                                                                                                      0
                                                                                                 72107590802497154116217112608593136592405655373785434145706565846538776041906254524936537166751675220
                                                                                               144215181604994308232434225217186273184811310747570868291413131693077552083812509049873074333503350440
                                                                                              168251045205826692937839929420050652048946529205499346339981986975257144097781260558185253389087242180
                                                                                             192286908806659077643245633622915030913081747663427824388550842257436736111750012066497432444671133920
                                                                                             96143454403329538821622816811457515456540873831713912194275421128718368055875006033248716222335566960
                                                                                           120179318004161923527028521014321894320676092289642390242844276410897960069843757541560895277919458700
                                                                                          192286908806659077643245633622915030913081747663427824388550842257436736111750012066497432444671133920
                                                                                         216322772407491462348651337825779409777216966121356302437119697539616328125718763574809611500255025660
                                                                                         24035863600832384705405704202864378864135218457928478048568855282179592013968751508312179055583891740
                                                                                        48071727201664769410811408405728757728270436915856956097137710564359184027937503016624358111167783480
                                                                                                                                                                                           0
                                                                                     192286908806659077643245633622915030913081747663427824388550842257436736111750012066497432444671133920
                                                                                                                                                                                         0
                                                                                   120179318004161923527028521014321894320676092289642390242844276410897960069843757541560895277919458700
                                                                                   24035863600832384705405704202864378864135218457928478048568855282179592013968751508312179055583891740
                                                                                  96143454403329538821622816811457515456540873831713912194275421128718368055875006033248716222335566960
                                                                                 72107590802497154116217112608593136592405655373785434145706565846538776041906254524936537166751675220
                                                                                72107590802497154116217112608593136592405655373785434145706565846538776041906254524936537166751675220
                                                                              144215181604994308232434225217186273184811310747570868291413131693077552083812509049873074333503350440
                                                                                                                                                                                  0
                                                                             72107590802497154116217112608593136592405655373785434145706565846538776041906254524936537166751675220
                                                                                                                                                                                0
                                                                           24035863600832384705405704202864378864135218457928478048568855282179592013968751508312179055583891740
                                                                         216322772407491462348651337825779409777216966121356302437119697539616328125718763574809611500255025660
                                                                        192286908806659077643245633622915030913081747663427824388550842257436736111750012066497432444671133920
                                                                       168251045205826692937839929420050652048946529205499346339981986975257144097781260558185253389087242180
                                                                       24035863600832384705405704202864378864135218457928478048568855282179592013968751508312179055583891740
                                                                     168251045205826692937839929420050652048946529205499346339981986975257144097781260558185253389087242180
                                                                     96143454403329538821622816811457515456540873831713912194275421128718368055875006033248716222335566960
                                                                   216322772407491462348651337825779409777216966121356302437119697539616328125718763574809611500255025660
                                                                   72107590802497154116217112608593136592405655373785434145706565846538776041906254524936537166751675220
                                                                 120179318004161923527028521014321894320676092289642390242844276410897960069843757541560895277919458700
                                                                 48071727201664769410811408405728757728270436915856956097137710564359184027937503016624358111167783480
                                                                24035863600832384705405704202864378864135218457928478048568855282179592013968751508312179055583891740
                                                              216322772407491462348651337825779409777216966121356302437119697539616328125718763574809611500255025660
                                                              96143454403329538821622816811457515456540873831713912194275421128718368055875006033248716222335566960
                                                             96143454403329538821622816811457515456540873831713912194275421128718368055875006033248716222335566960
                                                           120179318004161923527028521014321894320676092289642390242844276410897960069843757541560895277919458700
                                                          216322772407491462348651337825779409777216966121356302437119697539616328125718763574809611500255025660
                                                          72107590802497154116217112608593136592405655373785434145706565846538776041906254524936537166751675220
                                                         48071727201664769410811408405728757728270436915856956097137710564359184027937503016624358111167783480
                                                        96143454403329538821622816811457515456540873831713912194275421128718368055875006033248716222335566960
                                                      144215181604994308232434225217186273184811310747570868291413131693077552083812509049873074333503350440
                                                     144215181604994308232434225217186273184811310747570868291413131693077552083812509049873074333503350440
                                                     24035863600832384705405704202864378864135218457928478048568855282179592013968751508312179055583891740
                                                   192286908806659077643245633622915030913081747663427824388550842257436736111750012066497432444671133920
                                                  192286908806659077643245633622915030913081747663427824388550842257436736111750012066497432444671133920
                                                  48071727201664769410811408405728757728270436915856956097137710564359184027937503016624358111167783480
                                                216322772407491462348651337825779409777216966121356302437119697539616328125718763574809611500255025660
                                               120179318004161923527028521014321894320676092289642390242844276410897960069843757541560895277919458700
                                              192286908806659077643245633622915030913081747663427824388550842257436736111750012066497432444671133920
                                              96143454403329538821622816811457515456540873831713912194275421128718368055875006033248716222335566960
                                             48071727201664769410811408405728757728270436915856956097137710564359184027937503016624358111167783480
                                            96143454403329538821622816811457515456540873831713912194275421128718368055875006033248716222335566960
                                          168251045205826692937839929420050652048946529205499346339981986975257144097781260558185253389087242180
                                          24035863600832384705405704202864378864135218457928478048568855282179592013968751508312179055583891740
                                         48071727201664769410811408405728757728270436915856956097137710564359184027937503016624358111167783480
                                        24035863600832384705405704202864378864135218457928478048568855282179592013968751508312179055583891740
                                       72107590802497154116217112608593136592405655373785434145706565846538776041906254524936537166751675220
                                     192286908806659077643245633622915030913081747663427824388550842257436736111750012066497432444671133920
                                    144215181604994308232434225217186273184811310747570868291413131693077552083812509049873074333503350440
                                    24035863600832384705405704202864378864135218457928478048568855282179592013968751508312179055583891740
                                  144215181604994308232434225217186273184811310747570868291413131693077552083812509049873074333503350440
                                 168251045205826692937839929420050652048946529205499346339981986975257144097781260558185253389087242180
                                144215181604994308232434225217186273184811310747570868291413131693077552083812509049873074333503350440
                                72107590802497154116217112608593136592405655373785434145706565846538776041906254524936537166751675220
                              120179318004161923527028521014321894320676092289642390242844276410897960069843757541560895277919458700
                              24035863600832384705405704202864378864135218457928478048568855282179592013968751508312179055583891740
                             72107590802497154116217112608593136592405655373785434145706565846538776041906254524936537166751675220
                            96143454403329538821622816811457515456540873831713912194275421128718368055875006033248716222335566960
                          144215181604994308232434225217186273184811310747570868291413131693077552083812509049873074333503350440
                         144215181604994308232434225217186273184811310747570868291413131693077552083812509049873074333503350440
                         48071727201664769410811408405728757728270436915856956097137710564359184027937503016624358111167783480
                       168251045205826692937839929420050652048946529205499346339981986975257144097781260558185253389087242180
                      192286908806659077643245633622915030913081747663427824388550842257436736111750012066497432444671133920
                     216322772407491462348651337825779409777216966121356302437119697539616328125718763574809611500255025660
                    216322772407491462348651337825779409777216966121356302437119697539616328125718763574809611500255025660
                    48071727201664769410811408405728757728270436915856956097137710564359184027937503016624358111167783480
                   96143454403329538821622816811457515456540873831713912194275421128718368055875006033248716222335566960
                  96143454403329538821622816811457515456540873831713912194275421128718368055875006033248716222335566960
                 48071727201664769410811408405728757728270436915856956097137710564359184027937503016624358111167783480
                96143454403329538821622816811457515456540873831713912194275421128718368055875006033248716222335566960
              168251045205826692937839929420050652048946529205499346339981986975257144097781260558185253389087242180
                                                                                                                  0
             24035863600832384705405704202864378864135218457928478048568855282179592013968751508312179055583891740
           120179318004161923527028521014321894320676092289642390242844276410897960069843757541560895277919458700
          168251045205826692937839929420050652048946529205499346339981986975257144097781260558185253389087242180
          72107590802497154116217112608593136592405655373785434145706565846538776041906254524936537166751675220
         96143454403329538821622816811457515456540873831713912194275421128718368055875006033248716222335566960
        48071727201664769410811408405728757728270436915856956097137710564359184027937503016624358111167783480
       48071727201664769410811408405728757728270436915856956097137710564359184027937503016624358111167783480
     216322772407491462348651337825779409777216966121356302437119697539616328125718763574809611500255025660
     96143454403329538821622816811457515456540873831713912194275421128718368055875006033248716222335566960
    72107590802497154116217112608593136592405655373785434145706565846538776041906254524936537166751675220
   48071727201664769410811408405728757728270436915856956097137710564359184027937503016624358111167783480
 120179318004161923527028521014321894320676092289642390242844276410897960069843757541560895277919458700
216322772407491462348651337825779409777216966121356302437119697539616328125718763574809611500255025660
----------------------------------------------------------------------------------------------------------------------------------------------------------------------------------------------------------
2289053605743859821752130637143635353324164670239028096619366461105960461809756688580697367228312715154416335523750098797016400284723177286387328445385961350604808021394616546530411439121288215309825380

