                                                                                                     66575644955463661862874621475072629284689236502689976339587084257276644667217586483017975684109836400
                                                                                                    *97770955719650829586328417881891668653135190183131874616394583740616029549667971168620269728193154857
                                                                                                    ------------------------------------------------------------------------------------------------------
                                                                                                    466029514688245633040122350325508404992824655518829834377109589800936512670523105381125829788768854800
                                                                                                   332878224777318309314373107375363146423446182513449881697935421286383223336087932415089878420549182000
                                                                                                  532605159643709294902996971800581034277513892021519810716696674058213157337740691864143805472878691200
                                                                                                 266302579821854647451498485900290517138756946010759905358348337029106578668870345932071902736439345600
                                                                                                332878224777318309314373107375363146423446182513449881697935421286383223336087932415089878420549182000
                                                                                                66575644955463661862874621475072629284689236502689976339587084257276644667217586483017975684109836400
                                                                                              199726934866390985588623864425217887854067709508069929018761252771829934001652759449053927052329509200
                                                                                             599180804599172956765871593275653663562203128524209787056283758315489802004958278347161781156988527600
                                                                                             66575644955463661862874621475072629284689236502689976339587084257276644667217586483017975684109836400
                                                                                           532605159643709294902996971800581034277513892021519810716696674058213157337740691864143805472878691200
                                                                                          133151289910927323725749242950145258569378473005379952679174168514553289334435172966035951368219672800
                                                                                         466029514688245633040122350325508404992824655518829834377109589800936512670523105381125829788768854800
                                                                                        599180804599172956765871593275653663562203128524209787056283758315489802004958278347161781156988527600
                                                                                       399453869732781971177247728850435775708135419016139858037522505543659868003305518898107854104659018400
                                                                                      133151289910927323725749242950145258569378473005379952679174168514553289334435172966035951368219672800
                                                                                                                                                                                          0
                                                                                    133151289910927323725749242950145258569378473005379952679174168514553289334435172966035951368219672800
                                                                                   399453869732781971177247728850435775708135419016139858037522505543659868003305518898107854104659018400
                                                                                  532605159643709294902996971800581034277513892021519810716696674058213157337740691864143805472878691200
                                                                                 399453869732781971177247728850435775708135419016139858037522505543659868003305518898107854104659018400
                                                                                 66575644955463661862874621475072629284689236502689976339587084257276644667217586483017975684109836400
                                                                                66575644955463661862874621475072629284689236502689976339587084257276644667217586483017975684109836400
                                                                              466029514688245633040122350325508404992824655518829834377109589800936512670523105381125829788768854800
                                                                             599180804599172956765871593275653663562203128524209787056283758315489802004958278347161781156988527600
                                                                            466029514688245633040122350325508404992824655518829834377109589800936512670523105381125829788768854800
                                                                           399453869732781971177247728850435775708135419016139858037522505543659868003305518898107854104659018400
                                                                          399453869732781971177247728850435775708135419016139858037522505543659868003305518898107854104659018400
                                                                         599180804599172956765871593275653663562203128524209787056283758315489802004958278347161781156988527600
                                                                        266302579821854647451498485900290517138756946010759905358348337029106578668870345932071902736439345600
                                                                       332878224777318309314373107375363146423446182513449881697935421286383223336087932415089878420549182000
                                                                      599180804599172956765871593275653663562203128524209787056283758315489802004958278347161781156988527600
                                                                     133151289910927323725749242950145258569378473005379952679174168514553289334435172966035951368219672800
                                                                                                                                                                         0
                                                                   399453869732781971177247728850435775708135419016139858037522505543659868003305518898107854104659018400
                                                                   66575644955463661862874621475072629284689236502689976339587084257276644667217586483017975684109836400
                                                                 399453869732781971177247728850435775708135419016139858037522505543659868003305518898107854104659018400
                                                                                                                                                                     0
                                                               266302579821854647451498485900290517138756946010759905358348337029106578668870345932071902736439345600
                                                              466029514688245633040122350325508404992824655518829834377109589800936512670523105381125829788768854800
                                                             199726934866390985588623864425217887854067709508069929018761252771829934001652759449053927052329509200
                                                            532605159643709294902996971800581034277513892021519810716696674058213157337740691864143805472878691200
                                                           332878224777318309314373107375363146423446182513449881697935421286383223336087932415089878420549182000
                                                          266302579821854647451498485900290517138756946010759905358348337029106578668870345932071902736439345600
                                                         599180804599172956765871593275653663562203128524209787056283758315489802004958278347161781156988527600
                                                        199726934866390985588623864425217887854067709508069929018761252771829934001652759449053927052329509200
                                                       399453869732781971177247728850435775708135419016139858037522505543659868003305518898107854104659018400
                                                       66575644955463661862874621475072629284689236502689976339587084257276644667217586483017975684109836400
                                                     399453869732781971177247728850435775708135419016139858037522505543659868003305518898107854104659018400
                                                    266302579821854647451498485900290517138756946010759905358348337029106578668870345932071902736439345600
                                                   466029514688245633040122350325508404992824655518829834377109589800936512670523105381125829788768854800
                                                  532605159643709294902996971800581034277513892021519810716696674058213157337740691864143805472878691200
                                                  66575644955463661862874621475072629284689236502689976339587084257276644667217586483017975684109836400
                                                199726934866390985588623864425217887854067709508069929018761252771829934001652759449053927052329509200
                                                66575644955463661862874621475072629284689236502689976339587084257276644667217586483017975684109836400
                                              199726934866390985588623864425217887854067709508069929018761252771829934001652759449053927052329509200
                                             532605159643709294902996971800581034277513892021519810716696674058213157337740691864143805472878691200
                                             66575644955463661862874621475072629284689236502689976339587084257276644667217586483017975684109836400
                                                                                                                                                0
                                          599180804599172956765871593275653663562203128524209787056283758315489802004958278347161781156988527600
                                          66575644955463661862874621475072629284689236502689976339587084257276644667217586483017975684109836400
                                        332878224777318309314373107375363146423446182513449881697935421286383223336087932415089878420549182000
                                       199726934866390985588623864425217887854067709508069929018761252771829934001652759449053927052329509200
                                       66575644955463661862874621475072629284689236502689976339587084257276644667217586483017975684109836400
                                     199726934866390985588623864425217887854067709508069929018761252771829934001652759449053927052329509200
                                    332878224777318309314373107375363146423446182513449881697935421286383223336087932415089878420549182000
                                   399453869732781971177247728850435775708135419016139858037522505543659868003305518898107854104659018400
                                  532605159643709294902996971800581034277513892021519810716696674058213157337740691864143805472878691200
                                 399453869732781971177247728850435775708135419016139858037522505543659868003305518898107854104659018400
                                399453869732781971177247728850435775708135419016139858037522505543659868003305518898107854104659018400
                                66575644955463661862874621475072629284689236502689976339587084257276644667217586483017975684109836400
                              599180804599172956765871593275653663562203128524209787056283758315489802004958278347161781156988527600
                             532605159643709294902996971800581034277513892021519810716696674058213157337740691864143805472878691200
                             66575644955463661862874621475072629284689236502689976339587084257276644667217586483017975684109836400
                           532605159643709294902996971800581034277513892021519810716696674058213157337740691864143805472878691200
                          532605159643709294902996971800581034277513892021519810716696674058213157337740691864143805472878691200
                         466029514688245633040122350325508404992824655518829834377109589800936512670523105381125829788768854800
                         66575644955463661862874621475072629284689236502689976339587084257276644667217586483017975684109836400
                       266302579821854647451498485900290517138756946010759905358348337029106578668870345932071902736439345600
                      532605159643709294902996971800581034277513892021519810716696674058213157337740691864143805472878691200
                     133151289910927323725749242950145258569378473005379952679174168514553289334435172966035951368219672800
                    199726934866390985588623864425217887854067709508069929018761252771829934001652759449053927052329509200
                   399453869732781971177247728850435775708135419016139858037522505543659868003305518898107854104659018400
                  532605159643709294902996971800581034277513892021519810716696674058213157337740691864143805472878691200
                 332878224777318309314373107375363146423446182513449881697935421286383223336087932415089878420549182000
                599180804599172956765871593275653663562203128524209787056283758315489802004958278347161781156988527600
               133151289910927323725749242950145258569378473005379952679174168514553289334435172966035951368219672800
              532605159643709294902996971800581034277513892021519810716696674058213157337740691864143805472878691200
                                                                                                                  0
            332878224777318309314373107375363146423446182513449881697935421286383223336087932415089878420549182000
           399453869732781971177247728850435775708135419016139858037522505543659868003305518898107854104659018400
          599180804599172956765871593275653663562203128524209787056283758315489802004958278347161781156988527600
          66575644955463661862874621475072629284689236502689976339587084257276644667217586483017975684109836400
        466029514688245633040122350325508404992824655518829834377109589800936512670523105381125829788768854800
       332878224777318309314373107375363146423446182513449881697935421286383223336087932415089878420549182000
      332878224777318309314373107375363146423446182513449881697935421286383223336087932415089878420549182000
     599180804599172956765871593275653663562203128524209787056283758315489802004958278347161781156988527600
                                                                                                         0
   466029514688245633040122350325508404992824655518829834377109589800936512670523105381125829788768854800
  466029514688245633040122350325508404992824655518829834377109589800936512670523105381125829788768854800
 466029514688245633040122350325508404992824655518829834377109589800936512670523105381125829788768854800
599180804599172956765871593275653663562203128524209787056283758315489802004958278347161781156988527600
----------------------------------------------------------------------------------------------------------------------------------------------------------------------------------------------------------
6509164434947832810574615702078316309637332913168595001620783311590971368382054248710003056922335878341609919565106634997060644988030110257923239113002695597526738761440491962102807367646211822135394800

