                          372638184021658401320865
                       *61994177903395135352837950
                       ---------------------------
                                                 0
                        1863190920108292006604325
                       3353743656194925611887785
                      2608467288151608809246055
                     1117914552064975203962595
                    2981105472173267210566920
                    745276368043316802641730
                  1863190920108292006604325
                 1117914552064975203962595
                1863190920108292006604325
               1117914552064975203962595
               372638184021658401320865
             1863190920108292006604325
            3353743656194925611887785
           1117914552064975203962595
          1117914552064975203962595
                                 0
        3353743656194925611887785
       2608467288151608809246055
      2608467288151608809246055
      372638184021658401320865
    1490552736086633605283460
   3353743656194925611887785
  3353743656194925611887785
  372638184021658401320865
2235829104129950407925190
--------------------------------------------------
23101397873836785456904565930176720914106298826750

