       2877662129992386923706190468438625482605694832425895414551304277715085
                                                                     *6450282
       ----------------------------------------------------------------------
       5755324259984773847412380936877250965211389664851790829102608555430170
     23021297039939095389649523747509003860845558659407163316410434221720680
     5755324259984773847412380936877250965211389664851790829102608555430170
                                                                         0
  14388310649961934618530952342193127413028474162129477072756521388575425
 11510648519969547694824761873754501930422779329703581658205217110860340
17265972779954321542237142810631752895634168994555372487307825666290510
-----------------------------------------------------------------------------
18561732239171553511017413667141234055192826475089769526362816059068613903970

