                                                                      34759642498836010808
                   *8228342514249909542040977987895628553704129129074288275974653225170541
                   -----------------------------------------------------------------------
                                                                      34759642498836010808
                                                                    139038569995344043232
                                                                   173798212494180054040
                                                                                      0
                                                                 243317497491852075656
                                                                 34759642498836010808
                                                               173798212494180054040
                                                               69519284997672021616
                                                              69519284997672021616
                                                            104278927496508032424
                                                           173798212494180054040
                                                          208557854993016064848
                                                         139038569995344043232
                                                        243317497491852075656
                                                       312836782489524097272
                                                      173798212494180054040
                                                     243317497491852075656
                                                     69519284997672021616
                                                   278077139990688086464
                                                  278077139990688086464
                                                  69519284997672021616
                                                139038569995344043232
                                               243317497491852075656
                                                                  0
                                             312836782489524097272
                                             69519284997672021616
                                            34759642498836010808
                                          312836782489524097272
                                          69519284997672021616
                                         34759642498836010808
                                       139038569995344043232
                                                          0
                                     243317497491852075656
                                    104278927496508032424
                                   173798212494180054040
                                  173798212494180054040
                                 278077139990688086464
                                 69519284997672021616
                               208557854993016064848
                              173798212494180054040
                             312836782489524097272
                            278077139990688086464
                           243317497491852075656
                          278077139990688086464
                         312836782489524097272
                        243317497491852075656
                       243317497491852075656
                      312836782489524097272
                                         0
                    139038569995344043232
                                       0
                   69519284997672021616
                 139038569995344043232
                173798212494180054040
               312836782489524097272
                                  0
             312836782489524097272
            312836782489524097272
           139038569995344043232
           69519284997672021616
         139038569995344043232
         34759642498836010808
       173798212494180054040
       69519284997672021616
     139038569995344043232
    104278927496508032424
   278077139990688086464
   69519284997672021616
  69519284997672021616
278077139990688086464
------------------------------------------------------------------------------------------
286014244153300309584022114515708007840527160839900418542805440650073197071546047919207128

