                                                                1377518152981056400397896248846973635541739945695625304029913500964528692697156728269761653913000
                                                                                               *55232258129796989576192721862976509725648617306263872155332539189
                                                               --------------------------------------------------------------------------------------------------
                                                               12397663376829507603581066239622762719875659511260627736269221508680758234274410554427854885217000
                                                              11020145223848451203183169990775789084333919565565002432239308007716229541577253826158093231304000
                                                              1377518152981056400397896248846973635541739945695625304029913500964528692697156728269761653913000
                                                            12397663376829507603581066239622762719875659511260627736269221508680758234274410554427854885217000
                                                            4132554458943169201193688746540920906625219837086875912089740502893586078091470184809284961739000
                                                           6887590764905282001989481244234868177708699728478126520149567504822643463485783641348808269565000
                                                          2755036305962112800795792497693947271083479891391250608059827001929057385394313456539523307826000
                                                         4132554458943169201193688746540920906625219837086875912089740502893586078091470184809284961739000
                                                        4132554458943169201193688746540920906625219837086875912089740502893586078091470184809284961739000
                                                       6887590764905282001989481244234868177708699728478126520149567504822643463485783641348808269565000
                                                      6887590764905282001989481244234868177708699728478126520149567504822643463485783641348808269565000
                                                     1377518152981056400397896248846973635541739945695625304029913500964528692697156728269761653913000
                                                    2755036305962112800795792497693947271083479891391250608059827001929057385394313456539523307826000
                                                   9642627070867394802785273741928815448792179619869377128209394506751700848880097097888331577391000
                                                 11020145223848451203183169990775789084333919565565002432239308007716229541577253826158093231304000
                                                 4132554458943169201193688746540920906625219837086875912089740502893586078091470184809284961739000
                                                8265108917886338402387377493081841813250439674173751824179481005787172156182940369618569923478000
                                               2755036305962112800795792497693947271083479891391250608059827001929057385394313456539523307826000
                                              8265108917886338402387377493081841813250439674173751824179481005787172156182940369618569923478000
                                                                                                                                             0
                                            4132554458943169201193688746540920906625219837086875912089740502893586078091470184809284961739000
                                           9642627070867394802785273741928815448792179619869377128209394506751700848880097097888331577391000
                                          1377518152981056400397896248846973635541739945695625304029913500964528692697156728269761653913000
                                         8265108917886338402387377493081841813250439674173751824179481005787172156182940369618569923478000
                                       11020145223848451203183169990775789084333919565565002432239308007716229541577253826158093231304000
                                       5510072611924225601591584995387894542166959782782501216119654003858114770788626913079046615652000
                                      8265108917886338402387377493081841813250439674173751824179481005787172156182940369618569923478000
                                     6887590764905282001989481244234868177708699728478126520149567504822643463485783641348808269565000
                                    2755036305962112800795792497693947271083479891391250608059827001929057385394313456539523307826000
                                   9642627070867394802785273741928815448792179619869377128209394506751700848880097097888331577391000
                                 12397663376829507603581066239622762719875659511260627736269221508680758234274410554427854885217000
                                                                                                                                 0
                                6887590764905282001989481244234868177708699728478126520149567504822643463485783641348808269565000
                               8265108917886338402387377493081841813250439674173751824179481005787172156182940369618569923478000
                              9642627070867394802785273741928815448792179619869377128209394506751700848880097097888331577391000
                            12397663376829507603581066239622762719875659511260627736269221508680758234274410554427854885217000
                            2755036305962112800795792497693947271083479891391250608059827001929057385394313456539523307826000
                           8265108917886338402387377493081841813250439674173751824179481005787172156182940369618569923478000
                         11020145223848451203183169990775789084333919565565002432239308007716229541577253826158093231304000
                         1377518152981056400397896248846973635541739945695625304029913500964528692697156728269761653913000
                        2755036305962112800795792497693947271083479891391250608059827001929057385394313456539523307826000
                       9642627070867394802785273741928815448792179619869377128209394506751700848880097097888331577391000
                      2755036305962112800795792497693947271083479891391250608059827001929057385394313456539523307826000
                    12397663376829507603581066239622762719875659511260627736269221508680758234274410554427854885217000
                    1377518152981056400397896248846973635541739945695625304029913500964528692697156728269761653913000
                   8265108917886338402387377493081841813250439674173751824179481005787172156182940369618569923478000
                  9642627070867394802785273741928815448792179619869377128209394506751700848880097097888331577391000
                 6887590764905282001989481244234868177708699728478126520149567504822643463485783641348808269565000
               12397663376829507603581066239622762719875659511260627736269221508680758234274410554427854885217000
              11020145223848451203183169990775789084333919565565002432239308007716229541577253826158093231304000
             12397663376829507603581066239622762719875659511260627736269221508680758234274410554427854885217000
             8265108917886338402387377493081841813250439674173751824179481005787172156182940369618569923478000
           12397663376829507603581066239622762719875659511260627736269221508680758234274410554427854885217000
           9642627070867394802785273741928815448792179619869377128209394506751700848880097097888331577391000
         12397663376829507603581066239622762719875659511260627736269221508680758234274410554427854885217000
         2755036305962112800795792497693947271083479891391250608059827001929057385394313456539523307826000
        1377518152981056400397896248846973635541739945695625304029913500964528692697156728269761653913000
      11020145223848451203183169990775789084333919565565002432239308007716229541577253826158093231304000
      6887590764905282001989481244234868177708699728478126520149567504822643463485783641348808269565000
     2755036305962112800795792497693947271083479891391250608059827001929057385394313456539523307826000
    2755036305962112800795792497693947271083479891391250608059827001929057385394313456539523307826000
   4132554458943169201193688746540920906625219837086875912089740502893586078091470184809284961739000
  2755036305962112800795792497693947271083479891391250608059827001929057385394313456539523307826000
 6887590764905282001989481244234868177708699728478126520149567504822643463485783641348808269565000
6887590764905282001989481244234868177708699728478126520149567504822643463485783641348808269565000
-----------------------------------------------------------------------------------------------------------------------------------------------------------------
76083438203930885562826337066188541935214710976563610132010059740877229388705736095409224532180757296834538881760939927486462246646188568357107406130527696557000

