                2437018366843645266936683393560714416252847211738322090330786758290825110831004
                                                                              *8470561891688446
               --------------------------------------------------------------------------------
               14622110201061871601620100361364286497517083270429932541984720549744950664986024
               9748073467374581067746733574242857665011388846953288361323147033163300443324016
              9748073467374581067746733574242857665011388846953288361323147033163300443324016
            19496146934749162135493467148485715330022777693906576722646294066326600886648032
           19496146934749162135493467148485715330022777693906576722646294066326600886648032
          14622110201061871601620100361364286497517083270429932541984720549744950664986024
          2437018366843645266936683393560714416252847211738322090330786758290825110831004
        21933165301592807402430150542046429746275624905644898812977080824617425997479036
       19496146934749162135493467148485715330022777693906576722646294066326600886648032
       2437018366843645266936683393560714416252847211738322090330786758290825110831004
     14622110201061871601620100361364286497517083270429932541984720549744950664986024
    12185091834218226334683416967803572081264236058691610451653933791454125554155020
                                                                                  0
  17059128567905516868556783754925000913769930482168254632315507308035775775817028
  9748073467374581067746733574242857665011388846953288361323147033163300443324016
19496146934749162135493467148485715330022777693906576722646294066326600886648032
-----------------------------------------------------------------------------------------------
20642914907530595100216432872869434264608978209007846614171822788625560299349239207919725379784

