                                                                                                     37715117667679376930815914010603384905662429466060151643154114553043619862709415420695900422888283544
                                                                                                    *53071176221437497591720502437882190207820074713473545506840538857887679777259596951511196150036724592
                                                                                                    ------------------------------------------------------------------------------------------------------
                                                                                                     75430235335358753861631828021206769811324858932120303286308229106087239725418830841391800845776567088
                                                                                                   339436059009114392377343226095430464150961865194541364788387030977392578764384738786263103805994551896
                                                                                                  188575588338396884654079570053016924528312147330300758215770572765218099313547077103479502114441417720
                                                                                                 150860470670717507723263656042413539622649717864240606572616458212174479450837661682783601691553134176
                                                                                                 75430235335358753861631828021206769811324858932120303286308229106087239725418830841391800845776567088
                                                                                               264005823673755638515711398074223694339637006262421061502078801871305339038965907944871302960217984808
                                                                                              226290706006076261584895484063620309433974576796360909858924687318261719176256492524175402537329701264
                                                                                             113145353003038130792447742031810154716987288398180454929462343659130859588128246262087701268664850632
                                                                                                                                                                                                 0
                                                                                                                                                                                                0
                                                                                          188575588338396884654079570053016924528312147330300758215770572765218099313547077103479502114441417720
                                                                                          37715117667679376930815914010603384905662429466060151643154114553043619862709415420695900422888283544
                                                                                        226290706006076261584895484063620309433974576796360909858924687318261719176256492524175402537329701264
                                                                                       339436059009114392377343226095430464150961865194541364788387030977392578764384738786263103805994551896
                                                                                       37715117667679376930815914010603384905662429466060151643154114553043619862709415420695900422888283544
                                                                                      37715117667679376930815914010603384905662429466060151643154114553043619862709415420695900422888283544
                                                                                     37715117667679376930815914010603384905662429466060151643154114553043619862709415420695900422888283544
                                                                                   188575588338396884654079570053016924528312147330300758215770572765218099313547077103479502114441417720
                                                                                   37715117667679376930815914010603384905662429466060151643154114553043619862709415420695900422888283544
                                                                                 188575588338396884654079570053016924528312147330300758215770572765218099313547077103479502114441417720
                                                                                339436059009114392377343226095430464150961865194541364788387030977392578764384738786263103805994551896
                                                                               226290706006076261584895484063620309433974576796360909858924687318261719176256492524175402537329701264
                                                                              339436059009114392377343226095430464150961865194541364788387030977392578764384738786263103805994551896
                                                                             188575588338396884654079570053016924528312147330300758215770572765218099313547077103479502114441417720
                                                                            339436059009114392377343226095430464150961865194541364788387030977392578764384738786263103805994551896
                                                                           188575588338396884654079570053016924528312147330300758215770572765218099313547077103479502114441417720
                                                                           75430235335358753861631828021206769811324858932120303286308229106087239725418830841391800845776567088
                                                                         264005823673755638515711398074223694339637006262421061502078801871305339038965907944871302960217984808
                                                                        264005823673755638515711398074223694339637006262421061502078801871305339038965907944871302960217984808
                                                                       264005823673755638515711398074223694339637006262421061502078801871305339038965907944871302960217984808
                                                                      339436059009114392377343226095430464150961865194541364788387030977392578764384738786263103805994551896
                                                                     264005823673755638515711398074223694339637006262421061502078801871305339038965907944871302960217984808
                                                                    226290706006076261584895484063620309433974576796360909858924687318261719176256492524175402537329701264
                                                                   264005823673755638515711398074223694339637006262421061502078801871305339038965907944871302960217984808
                                                                  301720941341435015446527312084827079245299435728481213145232916424348958901675323365567203383106268352
                                                                 301720941341435015446527312084827079245299435728481213145232916424348958901675323365567203383106268352
                                                                264005823673755638515711398074223694339637006262421061502078801871305339038965907944871302960217984808
                                                               188575588338396884654079570053016924528312147330300758215770572765218099313547077103479502114441417720
                                                              301720941341435015446527312084827079245299435728481213145232916424348958901675323365567203383106268352
                                                             301720941341435015446527312084827079245299435728481213145232916424348958901675323365567203383106268352
                                                            113145353003038130792447742031810154716987288398180454929462343659130859588128246262087701268664850632
                                                           188575588338396884654079570053016924528312147330300758215770572765218099313547077103479502114441417720
                                                                                                                                                               0
                                                         150860470670717507723263656042413539622649717864240606572616458212174479450837661682783601691553134176
                                                        301720941341435015446527312084827079245299435728481213145232916424348958901675323365567203383106268352
                                                       226290706006076261584895484063620309433974576796360909858924687318261719176256492524175402537329701264
                                                                                                                                                           0
                                                     188575588338396884654079570053016924528312147330300758215770572765218099313547077103479502114441417720
                                                    188575588338396884654079570053016924528312147330300758215770572765218099313547077103479502114441417720
                                                   150860470670717507723263656042413539622649717864240606572616458212174479450837661682783601691553134176
                                                  188575588338396884654079570053016924528312147330300758215770572765218099313547077103479502114441417720
                                                 113145353003038130792447742031810154716987288398180454929462343659130859588128246262087701268664850632
                                                264005823673755638515711398074223694339637006262421061502078801871305339038965907944871302960217984808
                                               150860470670717507723263656042413539622649717864240606572616458212174479450837661682783601691553134176
                                              113145353003038130792447742031810154716987288398180454929462343659130859588128246262087701268664850632
                                              37715117667679376930815914010603384905662429466060151643154114553043619862709415420695900422888283544
                                            264005823673755638515711398074223694339637006262421061502078801871305339038965907944871302960217984808
                                           150860470670717507723263656042413539622649717864240606572616458212174479450837661682783601691553134176
                                          264005823673755638515711398074223694339637006262421061502078801871305339038965907944871302960217984808
                                                                                                                                              0
                                                                                                                                             0
                                        75430235335358753861631828021206769811324858932120303286308229106087239725418830841391800845776567088
                                      301720941341435015446527312084827079245299435728481213145232916424348958901675323365567203383106268352
                                     264005823673755638515711398074223694339637006262421061502078801871305339038965907944871302960217984808
                                                                                                                                         0
                                    75430235335358753861631828021206769811324858932120303286308229106087239725418830841391800845776567088
                                                                                                                                       0
                                 339436059009114392377343226095430464150961865194541364788387030977392578764384738786263103805994551896
                                 37715117667679376930815914010603384905662429466060151643154114553043619862709415420695900422888283544
                                75430235335358753861631828021206769811324858932120303286308229106087239725418830841391800845776567088
                              301720941341435015446527312084827079245299435728481213145232916424348958901675323365567203383106268352
                             301720941341435015446527312084827079245299435728481213145232916424348958901675323365567203383106268352
                            264005823673755638515711398074223694339637006262421061502078801871305339038965907944871302960217984808
                           113145353003038130792447742031810154716987288398180454929462343659130859588128246262087701268664850632
                          150860470670717507723263656042413539622649717864240606572616458212174479450837661682783601691553134176
                          75430235335358753861631828021206769811324858932120303286308229106087239725418830841391800845776567088
                                                                                                                             0
                       188575588338396884654079570053016924528312147330300758215770572765218099313547077103479502114441417720
                                                                                                                           0
                      75430235335358753861631828021206769811324858932120303286308229106087239725418830841391800845776567088
                    264005823673755638515711398074223694339637006262421061502078801871305339038965907944871302960217984808
                    37715117667679376930815914010603384905662429466060151643154114553043619862709415420695900422888283544
                  339436059009114392377343226095430464150961865194541364788387030977392578764384738786263103805994551896
                 188575588338396884654079570053016924528312147330300758215770572765218099313547077103479502114441417720
                264005823673755638515711398074223694339637006262421061502078801871305339038965907944871302960217984808
               339436059009114392377343226095430464150961865194541364788387030977392578764384738786263103805994551896
              150860470670717507723263656042413539622649717864240606572616458212174479450837661682783601691553134176
             264005823673755638515711398074223694339637006262421061502078801871305339038965907944871302960217984808
            113145353003038130792447742031810154716987288398180454929462343659130859588128246262087701268664850632
           150860470670717507723263656042413539622649717864240606572616458212174479450837661682783601691553134176
           37715117667679376930815914010603384905662429466060151643154114553043619862709415420695900422888283544
          75430235335358753861631828021206769811324858932120303286308229106087239725418830841391800845776567088
         75430235335358753861631828021206769811324858932120303286308229106087239725418830841391800845776567088
       226290706006076261584895484063620309433974576796360909858924687318261719176256492524175402537329701264
      264005823673755638515711398074223694339637006262421061502078801871305339038965907944871302960217984808
      37715117667679376930815914010603384905662429466060151643154114553043619862709415420695900422888283544
     37715117667679376930815914010603384905662429466060151643154114553043619862709415420695900422888283544
   264005823673755638515711398074223694339637006262421061502078801871305339038965907944871302960217984808
                                                                                                       0
 113145353003038130792447742031810154716987288398180454929462343659130859588128246262087701268664850632
188575588338396884654079570053016924528312147330300758215770572765218099313547077103479502114441417720
----------------------------------------------------------------------------------------------------------------------------------------------------------------------------------------------------------
2001585655953663002373878597960104693618107471787127239039360124027274055967359049893543504082610519790937296523886779250776136151449233077484485485889222373136755517703572622493302070904355274733714048

