                                                            72767694959179374515230709515803079
                                  *838234151089530063044095675983866689105303256363777176633232
                                  -------------------------------------------------------------
                                                           145535389918358749030461419031606158
                                                          218303084877538123545692128547409237
                                                         145535389918358749030461419031606158
                                                        218303084877538123545692128547409237
                                                       218303084877538123545692128547409237
                                                      436606169755076247091384257094818474
                                                     436606169755076247091384257094818474
                                                    509373864714255621606614966610621553
                                                    72767694959179374515230709515803079
                                                  509373864714255621606614966610621553
                                                 509373864714255621606614966610621553
                                                509373864714255621606614966610621553
                                               218303084877538123545692128547409237
                                              436606169755076247091384257094818474
                                             218303084877538123545692128547409237
                                            436606169755076247091384257094818474
                                           363838474795896872576153547579015395
                                          145535389918358749030461419031606158
                                         218303084877538123545692128547409237
                                                                           0
                                       218303084877538123545692128547409237
                                      363838474795896872576153547579015395
                                                                        0
                                     72767694959179374515230709515803079
                                   654909254632614370637076385642227711
                                  582141559673434996121845676126424632
                                 436606169755076247091384257094818474
                                436606169755076247091384257094818474
                               436606169755076247091384257094818474
                              582141559673434996121845676126424632
                             218303084877538123545692128547409237
                            582141559673434996121845676126424632
                           654909254632614370637076385642227711
                          363838474795896872576153547579015395
                         509373864714255621606614966610621553
                        436606169755076247091384257094818474
                       363838474795896872576153547579015395
                      654909254632614370637076385642227711
                                                        0
                    291070779836717498060922838063212316
                   291070779836717498060922838063212316
                                                     0
                 218303084877538123545692128547409237
                436606169755076247091384257094818474
                                                  0
                                                 0
             218303084877538123545692128547409237
            363838474795896872576153547579015395
           654909254632614370637076385642227711
          582141559673434996121845676126424632
                                            0
         72767694959179374515230709515803079
       363838474795896872576153547579015395
       72767694959179374515230709515803079
     291070779836717498060922838063212316
    218303084877538123545692128547409237
   145535389918358749030461419031606158
  582141559673434996121845676126424632
 218303084877538123545692128547409237
582141559673434996121845676126424632
-----------------------------------------------------------------------------------------------
60996367010849598970754302887768837969874850673970857024873049967927748852688968098835919321328

