                                                    4201332445480676662520
                    *16557109841954289734640317032343908718702998427391855
                    ------------------------------------------------------
                                                   21006662227403383312600
                                                  21006662227403383312600
                                                 33610659563845413300160
                                                 4201332445480676662520
                                               37811992009326089962680
                                              12603997336442029987560
                                             29409327118364736637640
                                             8402664890961353325040
                                           16805329781922706650080
                                          33610659563845413300160
                                         37811992009326089962680
                                        37811992009326089962680
                                        8402664890961353325040
                                                            0
                                     29409327118364736637640
                                    33610659563845413300160
                                    4201332445480676662520
                                  29409327118364736637640
                                 33610659563845413300160
                                                      0
                               37811992009326089962680
                              12603997336442029987560
                             16805329781922706650080
                            12603997336442029987560
                            8402664890961353325040
                          12603997336442029987560
                                               0
                        29409327118364736637640
                        4201332445480676662520
                      12603997336442029987560
                                           0
                    16805329781922706650080
                   25207994672884059975120
                  16805329781922706650080
                 12603997336442029987560
                29409327118364736637640
               37811992009326089962680
              33610659563845413300160
              8402664890961353325040
            16805329781922706650080
           21006662227403383312600
          37811992009326089962680
          4201332445480676662520
        16805329781922706650080
       33610659563845413300160
      37811992009326089962680
                           0
     4201332445480676662520
   29409327118364736637640
  21006662227403383312600
 21006662227403383312600
25207994672884059975120
4201332445480676662520
--------------------------------------------------------------------------
69561922782389995968882437017116582121747066547543063927431000409631774600

