                                                                          65831263609310
             *40607523022219026685997624627821991654966287199858357110582265354529926545
             ---------------------------------------------------------------------------
                                                                         329156318046550
                                                                        263325054437240
                                                                       329156318046550
                                                                      394987581655860
                                                                     131662527218620
                                                                    592481372483790
                                                                   592481372483790
                                                                  131662527218620
                                                                 329156318046550
                                                                263325054437240
                                                               329156318046550
                                                              197493790827930
                                                             329156318046550
                                                            394987581655860
                                                           131662527218620
                                                          131662527218620
                                                         526650108874480
                                                        329156318046550
                                                                     0
                                                       65831263609310
                                                      65831263609310
                                                    460818845265170
                                                   329156318046550
                                                  197493790827930
                                                 526650108874480
                                                329156318046550
                                               526650108874480
                                              592481372483790
                                             592481372483790
                                             65831263609310
                                           460818845265170
                                          526650108874480
                                         131662527218620
                                        394987581655860
                                       394987581655860
                                      592481372483790
                                     263325054437240
                                    329156318046550
                                   394987581655860
                                   65831263609310
                                 592481372483790
                                592481372483790
                                65831263609310
                              131662527218620
                             526650108874480
                            460818845265170
                           131662527218620
                          394987581655860
                         263325054437240
                        131662527218620
                       394987581655860
                      460818845265170
                     592481372483790
                    592481372483790
                   329156318046550
                  526650108874480
                 394987581655860
                394987581655860
               131662527218620
                            0
             592481372483790
             65831263609310
           131662527218620
          131662527218620
         131662527218620
                      0
       197493790827930
      131662527218620
     329156318046550
    460818845265170
                 0
  394987581655860
               0
263325054437240
----------------------------------------------------------------------------------------
2673244552596825442038203194294639311800108644074917523440356764738727938923205878133950

