                                                                 21943758520904396833375098885757841117979079419192520030918484178380088085936955108111103042
                                                                                           *56949840720680040501693805846361065950023081186147316797381928124
                                                                 --------------------------------------------------------------------------------------------
                                                                 87775034083617587333500395543031364471916317676770080123673936713520352343747820432444412168
                                                                43887517041808793666750197771515682235958158838385040061836968356760176171873910216222206084
                                                               21943758520904396833375098885757841117979079419192520030918484178380088085936955108111103042
                                                             175550068167235174667000791086062728943832635353540160247347873427040704687495640864888824336
                                                             43887517041808793666750197771515682235958158838385040061836968356760176171873910216222206084
                                                           197493826688139571500375889971820570061811714772732680278266357605420792773432595972999927378
                                                           21943758520904396833375098885757841117979079419192520030918484178380088085936955108111103042
                                                         175550068167235174667000791086062728943832635353540160247347873427040704687495640864888824336
                                                         65831275562713190500125296657273523353937238257577560092755452535140264257810865324333309126
                                                       153606309646330777833625692200304887825853555934347640216429389248660616601558685756777721294
                                                      197493826688139571500375889971820570061811714772732680278266357605420792773432595972999927378
                                                     153606309646330777833625692200304887825853555934347640216429389248660616601558685756777721294
                                                    131662551125426381000250593314547046707874476515155120185510905070280528515621730648666618252
                                                    21943758520904396833375098885757841117979079419192520030918484178380088085936955108111103042
                                                   65831275562713190500125296657273523353937238257577560092755452535140264257810865324333309126
                                                 153606309646330777833625692200304887825853555934347640216429389248660616601558685756777721294
                                                 87775034083617587333500395543031364471916317676770080123673936713520352343747820432444412168
                                                21943758520904396833375098885757841117979079419192520030918484178380088085936955108111103042
                                              131662551125426381000250593314547046707874476515155120185510905070280528515621730648666618252
                                             175550068167235174667000791086062728943832635353540160247347873427040704687495640864888824336
                                             21943758520904396833375098885757841117979079419192520030918484178380088085936955108111103042
                                            21943758520904396833375098885757841117979079419192520030918484178380088085936955108111103042
                                          175550068167235174667000791086062728943832635353540160247347873427040704687495640864888824336
                                                                                                                                     0
                                         65831275562713190500125296657273523353937238257577560092755452535140264257810865324333309126
                                        43887517041808793666750197771515682235958158838385040061836968356760176171873910216222206084
                                                                                                                                  0
                                                                                                                                 0
                                    109718792604521984166875494428789205589895397095962600154592420891900440429684775540555515210
                                   197493826688139571500375889971820570061811714772732680278266357605420792773432595972999927378
                                  109718792604521984166875494428789205589895397095962600154592420891900440429684775540555515210
                                 131662551125426381000250593314547046707874476515155120185510905070280528515621730648666618252
                                                                                                                            0
                                21943758520904396833375098885757841117979079419192520030918484178380088085936955108111103042
                              131662551125426381000250593314547046707874476515155120185510905070280528515621730648666618252
                              65831275562713190500125296657273523353937238257577560092755452535140264257810865324333309126
                            131662551125426381000250593314547046707874476515155120185510905070280528515621730648666618252
                            87775034083617587333500395543031364471916317676770080123673936713520352343747820432444412168
                          175550068167235174667000791086062728943832635353540160247347873427040704687495640864888824336
                         109718792604521984166875494428789205589895397095962600154592420891900440429684775540555515210
                                                                                                                    0
                       175550068167235174667000791086062728943832635353540160247347873427040704687495640864888824336
                       65831275562713190500125296657273523353937238257577560092755452535140264257810865324333309126
                     197493826688139571500375889971820570061811714772732680278266357605420792773432595972999927378
                    131662551125426381000250593314547046707874476515155120185510905070280528515621730648666618252
                    21943758520904396833375098885757841117979079419192520030918484178380088085936955108111103042
                                                                                                              0
                 109718792604521984166875494428789205589895397095962600154592420891900440429684775540555515210
                                                                                                            0
                87775034083617587333500395543031364471916317676770080123673936713520352343747820432444412168
                                                                                                          0
                                                                                                         0
            175550068167235174667000791086062728943832635353540160247347873427040704687495640864888824336
           131662551125426381000250593314547046707874476515155120185510905070280528515621730648666618252
                                                                                                      0
          43887517041808793666750197771515682235958158838385040061836968356760176171873910216222206084
        153606309646330777833625692200304887825853555934347640216429389248660616601558685756777721294
                                                                                                   0
       87775034083617587333500395543031364471916317676770080123673936713520352343747820432444412168
     175550068167235174667000791086062728943832635353540160247347873427040704687495640864888824336
    197493826688139571500375889971820570061811714772732680278266357605420792773432595972999927378
    87775034083617587333500395543031364471916317676770080123673936713520352343747820432444412168
  197493826688139571500375889971820570061811714772732680278266357605420792773432595972999927378
 131662551125426381000250593314547046707874476515155120185510905070280528515621730648666618252
109718792604521984166875494428789205589895397095962600154592420891900440429684775540555515210
-------------------------------------------------------------------------------------------------------------------------------------------------------------
1249693552578570834561987814506768671674697565648572231644837750455069021787178103642449334292152869858915566505568616387102063750053936278997487242401753208

