                                                                                                    13549862274006302165723510671362727603921331072289851113170317689349742875082300296407725766425360334
                                                                                                   *62112936048013090347912165879115336639334145454589281408085096539102136550105654582733531141794714028
                                                                                                   ------------------------------------------------------------------------------------------------------
                                                                                                   108398898192050417325788085370901820831370648578318808905362541514797943000658402371261806131402882672
                                                                                                   27099724548012604331447021342725455207842662144579702226340635378699485750164600592815451532850720668
                                                                                                                                                                                                      0
                                                                                                 54199449096025208662894042685450910415685324289159404452681270757398971500329201185630903065701441336
                                                                                                13549862274006302165723510671362727603921331072289851113170317689349742875082300296407725766425360334
                                                                                               94849035918044115160064574699539093227449317506028957792192223825448200125576102074854080364977522338
                                                                                              54199449096025208662894042685450910415685324289159404452681270757398971500329201185630903065701441336
                                                                                            121948760466056719491511596042264548435291979650608660018532859204147685875740702667669531897828243006
                                                                                            94849035918044115160064574699539093227449317506028957792192223825448200125576102074854080364977522338
                                                                                           13549862274006302165723510671362727603921331072289851113170317689349742875082300296407725766425360334
                                                                                          54199449096025208662894042685450910415685324289159404452681270757398971500329201185630903065701441336
                                                                                         13549862274006302165723510671362727603921331072289851113170317689349742875082300296407725766425360334
                                                                                        13549862274006302165723510671362727603921331072289851113170317689349742875082300296407725766425360334
                                                                                       40649586822018906497170532014088182811763993216869553339510953068049228625246900889223177299276081002
                                                                                      67749311370031510828617553356813638019606655361449255565851588446748714375411501482038628832126801670
                                                                                     40649586822018906497170532014088182811763993216869553339510953068049228625246900889223177299276081002
                                                                                    40649586822018906497170532014088182811763993216869553339510953068049228625246900889223177299276081002
                                                                                   94849035918044115160064574699539093227449317506028957792192223825448200125576102074854080364977522338
                                                                                  27099724548012604331447021342725455207842662144579702226340635378699485750164600592815451532850720668
                                                                                108398898192050417325788085370901820831370648578318808905362541514797943000658402371261806131402882672
                                                                                67749311370031510828617553356813638019606655361449255565851588446748714375411501482038628832126801670
                                                                               54199449096025208662894042685450910415685324289159404452681270757398971500329201185630903065701441336
                                                                              67749311370031510828617553356813638019606655361449255565851588446748714375411501482038628832126801670
                                                                             81299173644037812994341064028176365623527986433739106679021906136098457250493801778446354598552162004
                                                                            67749311370031510828617553356813638019606655361449255565851588446748714375411501482038628832126801670
                                                                                                                                                                               0
                                                                          13549862274006302165723510671362727603921331072289851113170317689349742875082300296407725766425360334
                                                                                                                                                                             0
                                                                        67749311370031510828617553356813638019606655361449255565851588446748714375411501482038628832126801670
                                                                       67749311370031510828617553356813638019606655361449255565851588446748714375411501482038628832126801670
                                                                      81299173644037812994341064028176365623527986433739106679021906136098457250493801778446354598552162004
                                                                     40649586822018906497170532014088182811763993216869553339510953068049228625246900889223177299276081002
                                                                    13549862274006302165723510671362727603921331072289851113170317689349742875082300296407725766425360334
                                                                   27099724548012604331447021342725455207842662144579702226340635378699485750164600592815451532850720668
                                                                                                                                                                      0
                                                                 13549862274006302165723510671362727603921331072289851113170317689349742875082300296407725766425360334
                                                               121948760466056719491511596042264548435291979650608660018532859204147685875740702667669531897828243006
                                                               40649586822018906497170532014088182811763993216869553339510953068049228625246900889223177299276081002
                                                              67749311370031510828617553356813638019606655361449255565851588446748714375411501482038628832126801670
                                                             81299173644037812994341064028176365623527986433739106679021906136098457250493801778446354598552162004
                                                           121948760466056719491511596042264548435291979650608660018532859204147685875740702667669531897828243006
                                                                                                                                                               0
                                                          67749311370031510828617553356813638019606655361449255565851588446748714375411501482038628832126801670
                                                        108398898192050417325788085370901820831370648578318808905362541514797943000658402371261806131402882672
                                                                                                                                                            0
                                                      108398898192050417325788085370901820831370648578318808905362541514797943000658402371261806131402882672
                                                                                                                                                          0
                                                     54199449096025208662894042685450910415685324289159404452681270757398971500329201185630903065701441336
                                                    13549862274006302165723510671362727603921331072289851113170317689349742875082300296407725766425360334
                                                  108398898192050417325788085370901820831370648578318808905362541514797943000658402371261806131402882672
                                                  27099724548012604331447021342725455207842662144579702226340635378699485750164600592815451532850720668
                                                121948760466056719491511596042264548435291979650608660018532859204147685875740702667669531897828243006
                                               108398898192050417325788085370901820831370648578318808905362541514797943000658402371261806131402882672
                                               67749311370031510828617553356813638019606655361449255565851588446748714375411501482038628832126801670
                                              54199449096025208662894042685450910415685324289159404452681270757398971500329201185630903065701441336
                                             67749311370031510828617553356813638019606655361449255565851588446748714375411501482038628832126801670
                                            54199449096025208662894042685450910415685324289159404452681270757398971500329201185630903065701441336
                                           67749311370031510828617553356813638019606655361449255565851588446748714375411501482038628832126801670
                                          54199449096025208662894042685450910415685324289159404452681270757398971500329201185630903065701441336
                                         13549862274006302165723510671362727603921331072289851113170317689349742875082300296407725766425360334
                                        54199449096025208662894042685450910415685324289159404452681270757398971500329201185630903065701441336
                                       40649586822018906497170532014088182811763993216869553339510953068049228625246900889223177299276081002
                                      40649586822018906497170532014088182811763993216869553339510953068049228625246900889223177299276081002
                                    121948760466056719491511596042264548435291979650608660018532859204147685875740702667669531897828243006
                                    40649586822018906497170532014088182811763993216869553339510953068049228625246900889223177299276081002
                                   81299173644037812994341064028176365623527986433739106679021906136098457250493801778446354598552162004
                                  81299173644037812994341064028176365623527986433739106679021906136098457250493801778446354598552162004
                                 40649586822018906497170532014088182811763993216869553339510953068049228625246900889223177299276081002
                                40649586822018906497170532014088182811763993216869553339510953068049228625246900889223177299276081002
                               67749311370031510828617553356813638019606655361449255565851588446748714375411501482038628832126801670
                              13549862274006302165723510671362727603921331072289851113170317689349742875082300296407725766425360334
                             13549862274006302165723510671362727603921331072289851113170317689349742875082300296407725766425360334
                           121948760466056719491511596042264548435291979650608660018532859204147685875740702667669531897828243006
                           94849035918044115160064574699539093227449317506028957792192223825448200125576102074854080364977522338
                         108398898192050417325788085370901820831370648578318808905362541514797943000658402371261806131402882672
                         67749311370031510828617553356813638019606655361449255565851588446748714375411501482038628832126801670
                        81299173644037812994341064028176365623527986433739106679021906136098457250493801778446354598552162004
                       13549862274006302165723510671362727603921331072289851113170317689349742875082300296407725766425360334
                      27099724548012604331447021342725455207842662144579702226340635378699485750164600592815451532850720668
                     13549862274006302165723510671362727603921331072289851113170317689349742875082300296407725766425360334
                   121948760466056719491511596042264548435291979650608660018532859204147685875740702667669531897828243006
                   94849035918044115160064574699539093227449317506028957792192223825448200125576102074854080364977522338
                  54199449096025208662894042685450910415685324289159404452681270757398971500329201185630903065701441336
                 40649586822018906497170532014088182811763993216869553339510953068049228625246900889223177299276081002
                                                                                                                    0
              121948760466056719491511596042264548435291979650608660018532859204147685875740702667669531897828243006
                                                                                                                  0
             40649586822018906497170532014088182811763993216869553339510953068049228625246900889223177299276081002
            13549862274006302165723510671362727603921331072289851113170317689349742875082300296407725766425360334
                                                                                                               0
         108398898192050417325788085370901820831370648578318808905362541514797943000658402371261806131402882672
         54199449096025208662894042685450910415685324289159404452681270757398971500329201185630903065701441336
                                                                                                            0
       81299173644037812994341064028176365623527986433739106679021906136098457250493801778446354598552162004
      40649586822018906497170532014088182811763993216869553339510953068049228625246900889223177299276081002
    121948760466056719491511596042264548435291979650608660018532859204147685875740702667669531897828243006
    27099724548012604331447021342725455207842662144579702226340635378699485750164600592815451532850720668
   13549862274006302165723510671362727603921331072289851113170317689349742875082300296407725766425360334
  13549862274006302165723510671362727603921331072289851113170317689349742875082300296407725766425360334
 27099724548012604331447021342725455207842662144579702226340635378699485750164600592815451532850720668
81299173644037812994341064028176365623527986433739106679021906136098457250493801778446354598552162004
---------------------------------------------------------------------------------------------------------------------------------------------------------------------------------------------------------
841621728884738671579876989588995509978617450611669019329224212399863425050172023526896390700032281734082955660493147309311683472645589161286418773393219454954037596793461763013022119290446366384565352

