                                                                                                     34
 *52087320625453606012856286955290509231204759020722908636321851801835966431443426726589222308498671177
 ------------------------------------------------------------------------------------------------------
                                                                                                    238
                                                                                                   238
                                                                                                   34
                                                                                                  34
                                                                                                238
                                                                                               204
                                                                                              272
                                                                                             306
                                                                                            136
                                                                                           272
                                                                                            0
                                                                                         102
                                                                                         68
                                                                                        68
                                                                                       68
                                                                                     306
                                                                                    272
                                                                                   170
                                                                                  204
                                                                                  68
                                                                                238
                                                                               204
                                                                               68
                                                                             136
                                                                            102
                                                                           136
                                                                          136
                                                                          34
                                                                        102
                                                                       136
                                                                      204
                                                                     204
                                                                    306
                                                                   170
                                                                  102
                                                                 272
                                                                 34
                                                                 0
                                                              272
                                                              34
                                                            170
                                                           272
                                                           34
                                                          68
                                                        102
                                                       204
                                                      102
                                                     204
                                                    272
                                                     0
                                                  306
                                                  68
                                                 68
                                               238
                                                0
                                              68
                                              0
                                           306
                                          170
                                         238
                                        136
                                         0
                                       68
                                      34
                                    102
                                    68
                                  306
                                   0
                                170
                                 0
                              306
                              68
                            170
                           170
                          306
                         204
                        272
                        68
                      204
                     170
                    272
                    68
                   34
                   0
                204
                 0
              204
             102
            170
           136
          170
          68
        204
         0
       68
     102
    238
   272
    0
  68
170
-------------------------------------------------------------------------------------------------------
1770968901265422604437113756479877313860961806704578893634942961262422858669076508704033558488954820018

