       114908267650555273187480081096707197014780835453872
                                                 *51051972
       ---------------------------------------------------
       229816535301110546374960162193414394029561670907744
      804357873553886912312360567676950379103465848177104
    1034174408854997458687320729870364773133027519084848
    114908267650555273187480081096707197014780835453872
   574541338252776365937400405483535985073904177269360
                                                    0
 114908267650555273187480081096707197014780835453872
574541338252776365937400405483535985073904177269360
----------------------------------------------------------
5866293662664653591219583850706825114197074797727680635584

