                                                                                                     16276971076280293961813607793284812519617335364761952222901320812063034768395872968190380523604801104
                                                                                                    *68051010739411325230466415426563378589663505737250307048590247585343309669233069199894743868527161492
                                                                                                    ------------------------------------------------------------------------------------------------------
                                                                                                     32553942152560587923627215586569625039234670729523904445802641624126069536791745936380761047209602208
                                                                                                   146492739686522645656322470139563312676556018282857570006111887308567312915562856713713424712443209936
                                                                                                   65107884305121175847254431173139250078469341459047808891605283248252139073583491872761522094419204416
                                                                                                  16276971076280293961813607793284812519617335364761952222901320812063034768395872968190380523604801104
                                                                                                 97661826457681763770881646759708875117704012188571713337407924872378208610375237809142283141628806624
                                                                                                16276971076280293961813607793284812519617335364761952222901320812063034768395872968190380523604801104
                                                                                              113938797533962057732695254552993687637321347553333665560309245684441243378771110777332663665233607728
                                                                                              32553942152560587923627215586569625039234670729523904445802641624126069536791745936380761047209602208
                                                                                             81384855381401469809068038966424062598086676823809761114506604060315173841979364840951902618024005520
                                                                                           130215768610242351694508862346278500156938682918095617783210566496504278147166983745523044188838408832
                                                                                           97661826457681763770881646759708875117704012188571713337407924872378208610375237809142283141628806624
                                                                                         130215768610242351694508862346278500156938682918095617783210566496504278147166983745523044188838408832
                                                                                         48830913228840881885440823379854437558852006094285856668703962436189104305187618904571141570814403312
                                                                                        65107884305121175847254431173139250078469341459047808891605283248252139073583491872761522094419204416
                                                                                      113938797533962057732695254552993687637321347553333665560309245684441243378771110777332663665233607728
                                                                                      65107884305121175847254431173139250078469341459047808891605283248252139073583491872761522094419204416
                                                                                    146492739686522645656322470139563312676556018282857570006111887308567312915562856713713424712443209936
                                                                                   130215768610242351694508862346278500156938682918095617783210566496504278147166983745523044188838408832
                                                                                  146492739686522645656322470139563312676556018282857570006111887308567312915562856713713424712443209936
                                                                                 146492739686522645656322470139563312676556018282857570006111887308567312915562856713713424712443209936
                                                                                 16276971076280293961813607793284812519617335364761952222901320812063034768395872968190380523604801104
                                                                               146492739686522645656322470139563312676556018282857570006111887308567312915562856713713424712443209936
                                                                               97661826457681763770881646759708875117704012188571713337407924872378208610375237809142283141628806624
                                                                                                                                                                                  0
                                                                             48830913228840881885440823379854437558852006094285856668703962436189104305187618904571141570814403312
                                                                            48830913228840881885440823379854437558852006094285856668703962436189104305187618904571141570814403312
                                                                           32553942152560587923627215586569625039234670729523904445802641624126069536791745936380761047209602208
                                                                         146492739686522645656322470139563312676556018282857570006111887308567312915562856713713424712443209936
                                                                         97661826457681763770881646759708875117704012188571713337407924872378208610375237809142283141628806624
                                                                        97661826457681763770881646759708875117704012188571713337407924872378208610375237809142283141628806624
                                                                      146492739686522645656322470139563312676556018282857570006111887308567312915562856713713424712443209936
                                                                                                                                                                          0
                                                                     48830913228840881885440823379854437558852006094285856668703962436189104305187618904571141570814403312
                                                                    48830913228840881885440823379854437558852006094285856668703962436189104305187618904571141570814403312
                                                                   65107884305121175847254431173139250078469341459047808891605283248252139073583491872761522094419204416
                                                                  48830913228840881885440823379854437558852006094285856668703962436189104305187618904571141570814403312
                                                                 81384855381401469809068038966424062598086676823809761114506604060315173841979364840951902618024005520
                                                               130215768610242351694508862346278500156938682918095617783210566496504278147166983745523044188838408832
                                                               81384855381401469809068038966424062598086676823809761114506604060315173841979364840951902618024005520
                                                             113938797533962057732695254552993687637321347553333665560309245684441243378771110777332663665233607728
                                                             65107884305121175847254431173139250078469341459047808891605283248252139073583491872761522094419204416
                                                            32553942152560587923627215586569625039234670729523904445802641624126069536791745936380761047209602208
                                                                                                                                                               0
                                                         146492739686522645656322470139563312676556018282857570006111887308567312915562856713713424712443209936
                                                         81384855381401469809068038966424062598086676823809761114506604060315173841979364840951902618024005520
                                                       130215768610242351694508862346278500156938682918095617783210566496504278147166983745523044188838408832
                                                       65107884305121175847254431173139250078469341459047808891605283248252139073583491872761522094419204416
                                                                                                                                                          0
                                                    113938797533962057732695254552993687637321347553333665560309245684441243378771110777332663665233607728
                                                                                                                                                        0
                                                   48830913228840881885440823379854437558852006094285856668703962436189104305187618904571141570814403312
                                                                                                                                                      0
                                                 81384855381401469809068038966424062598086676823809761114506604060315173841979364840951902618024005520
                                                32553942152560587923627215586569625039234670729523904445802641624126069536791745936380761047209602208
                                              113938797533962057732695254552993687637321347553333665560309245684441243378771110777332663665233607728
                                              48830913228840881885440823379854437558852006094285856668703962436189104305187618904571141570814403312
                                            113938797533962057732695254552993687637321347553333665560309245684441243378771110777332663665233607728
                                            81384855381401469809068038966424062598086676823809761114506604060315173841979364840951902618024005520
                                                                                                                                               0
                                          81384855381401469809068038966424062598086676823809761114506604060315173841979364840951902618024005520
                                         48830913228840881885440823379854437558852006094285856668703962436189104305187618904571141570814403312
                                        97661826457681763770881646759708875117704012188571713337407924872378208610375237809142283141628806624
                                       97661826457681763770881646759708875117704012188571713337407924872378208610375237809142283141628806624
                                     146492739686522645656322470139563312676556018282857570006111887308567312915562856713713424712443209936
                                    130215768610242351694508862346278500156938682918095617783210566496504278147166983745523044188838408832
                                    81384855381401469809068038966424062598086676823809761114506604060315173841979364840951902618024005520
                                  130215768610242351694508862346278500156938682918095617783210566496504278147166983745523044188838408832
                                 113938797533962057732695254552993687637321347553333665560309245684441243378771110777332663665233607728
                                 48830913228840881885440823379854437558852006094285856668703962436189104305187618904571141570814403312
                                48830913228840881885440823379854437558852006094285856668703962436189104305187618904571141570814403312
                               97661826457681763770881646759708875117704012188571713337407924872378208610375237809142283141628806624
                              81384855381401469809068038966424062598086676823809761114506604060315173841979364840951902618024005520
                             97661826457681763770881646759708875117704012188571713337407924872378208610375237809142283141628806624
                            32553942152560587923627215586569625039234670729523904445802641624126069536791745936380761047209602208
                           65107884305121175847254431173139250078469341459047808891605283248252139073583491872761522094419204416
                          81384855381401469809068038966424062598086676823809761114506604060315173841979364840951902618024005520
                         16276971076280293961813607793284812519617335364761952222901320812063034768395872968190380523604801104
                        65107884305121175847254431173139250078469341459047808891605283248252139073583491872761522094419204416
                       97661826457681763770881646759708875117704012188571713337407924872378208610375237809142283141628806624
                      97661826457681763770881646759708875117704012188571713337407924872378208610375237809142283141628806624
                     65107884305121175847254431173139250078469341459047808891605283248252139073583491872761522094419204416
                                                                                                                        0
                   48830913228840881885440823379854437558852006094285856668703962436189104305187618904571141570814403312
                  32553942152560587923627215586569625039234670729523904445802641624126069536791745936380761047209602208
                 81384855381401469809068038966424062598086676823809761114506604060315173841979364840951902618024005520
                32553942152560587923627215586569625039234670729523904445802641624126069536791745936380761047209602208
               48830913228840881885440823379854437558852006094285856668703962436189104305187618904571141570814403312
              16276971076280293961813607793284812519617335364761952222901320812063034768395872968190380523604801104
             16276971076280293961813607793284812519617335364761952222901320812063034768395872968190380523604801104
            65107884305121175847254431173139250078469341459047808891605283248252139073583491872761522094419204416
          146492739686522645656322470139563312676556018282857570006111887308567312915562856713713424712443209936
          48830913228840881885440823379854437558852006094285856668703962436189104305187618904571141570814403312
        113938797533962057732695254552993687637321347553333665560309245684441243378771110777332663665233607728
                                                                                                            0
       16276971076280293961813607793284812519617335364761952222901320812063034768395872968190380523604801104
                                                                                                          0
     16276971076280293961813607793284812519617335364761952222901320812063034768395872968190380523604801104
    81384855381401469809068038966424062598086676823809761114506604060315173841979364840951902618024005520
                                                                                                       0
 130215768610242351694508862346278500156938682918095617783210566496504278147166983745523044188838408832
 97661826457681763770881646759708875117704012188571713337407924872378208610375237809142283141628806624
----------------------------------------------------------------------------------------------------------------------------------------------------------------------------------------------------------
1107664333517037801448700849723172511113336593729501479144210536168035045296806128199982829957654036151299006518808758383361097697911547885834540440264371668736837803317591032499330276034878440347887168

