                                                                 71747026826783712209576777114181265078751329790921988555276685812319295338308300498344871540121363393
                                                                                                    *92675659764647196812323547270109466032908373183775917271999019056
                                                                ------------------------------------------------------------------------------------------------------
                                                                430482160960702273257460662685087590472507978745531931331660114873915772029849802990069229240728180358
                                                               358735134133918561047883885570906325393756648954609942776383429061596476691541502491724357700606816965
                                                                                                                                                                   0
                                                             645723241441053409886190994027631385708761968118297896997490172310873658044774704485103843861092270537
                                                             71747026826783712209576777114181265078751329790921988555276685812319295338308300498344871540121363393
                                                                                                                                                                0
                                                          645723241441053409886190994027631385708761968118297896997490172310873658044774704485103843861092270537
                                                         645723241441053409886190994027631385708761968118297896997490172310873658044774704485103843861092270537
                                                        645723241441053409886190994027631385708761968118297896997490172310873658044774704485103843861092270537
                                                        71747026826783712209576777114181265078751329790921988555276685812319295338308300498344871540121363393
                                                      502229187787485985467037439799268855551259308536453919886936800686235067368158103488414100780849543751
                                                     143494053653567424419153554228362530157502659581843977110553371624638590676616600996689743080242726786
                                                    502229187787485985467037439799268855551259308536453919886936800686235067368158103488414100780849543751
                                                    71747026826783712209576777114181265078751329790921988555276685812319295338308300498344871540121363393
                                                  645723241441053409886190994027631385708761968118297896997490172310873658044774704485103843861092270537
                                                 358735134133918561047883885570906325393756648954609942776383429061596476691541502491724357700606816965
                                                502229187787485985467037439799268855551259308536453919886936800686235067368158103488414100780849543751
                                               502229187787485985467037439799268855551259308536453919886936800686235067368158103488414100780849543751
                                              215241080480351136628730331342543795236253989372765965665830057436957886014924901495034614620364090179
                                             573976214614269697676614216913450120630010638327375908442213486498554362706466403986758972320970907144
                                             71747026826783712209576777114181265078751329790921988555276685812319295338308300498344871540121363393
                                           215241080480351136628730331342543795236253989372765965665830057436957886014924901495034614620364090179
                                          502229187787485985467037439799268855551259308536453919886936800686235067368158103488414100780849543751
                                         215241080480351136628730331342543795236253989372765965665830057436957886014924901495034614620364090179
                                        573976214614269697676614216913450120630010638327375908442213486498554362706466403986758972320970907144
                                                                                                                                            0
                                      645723241441053409886190994027631385708761968118297896997490172310873658044774704485103843861092270537
                                     143494053653567424419153554228362530157502659581843977110553371624638590676616600996689743080242726786
                                    215241080480351136628730331342543795236253989372765965665830057436957886014924901495034614620364090179
                                                                                                                                        0
                                  430482160960702273257460662685087590472507978745531931331660114873915772029849802990069229240728180358
                                 430482160960702273257460662685087590472507978745531931331660114873915772029849802990069229240728180358
                                286988107307134848838307108456725060315005319163687954221106743249277181353233201993379486160485453572
                               645723241441053409886190994027631385708761968118297896997490172310873658044774704485103843861092270537
                                                                                                                                   0
                              71747026826783712209576777114181265078751329790921988555276685812319295338308300498344871540121363393
                                                                                                                                 0
                           502229187787485985467037439799268855551259308536453919886936800686235067368158103488414100780849543751
                          143494053653567424419153554228362530157502659581843977110553371624638590676616600996689743080242726786
                         502229187787485985467037439799268855551259308536453919886936800686235067368158103488414100780849543751
                        286988107307134848838307108456725060315005319163687954221106743249277181353233201993379486160485453572
                       358735134133918561047883885570906325393756648954609942776383429061596476691541502491724357700606816965
                      215241080480351136628730331342543795236253989372765965665830057436957886014924901495034614620364090179
                     143494053653567424419153554228362530157502659581843977110553371624638590676616600996689743080242726786
                    215241080480351136628730331342543795236253989372765965665830057436957886014924901495034614620364090179
                   143494053653567424419153554228362530157502659581843977110553371624638590676616600996689743080242726786
                   71747026826783712209576777114181265078751329790921988555276685812319295338308300498344871540121363393
                 573976214614269697676614216913450120630010638327375908442213486498554362706466403986758972320970907144
                430482160960702273257460662685087590472507978745531931331660114873915772029849802990069229240728180358
               645723241441053409886190994027631385708761968118297896997490172310873658044774704485103843861092270537
               71747026826783712209576777114181265078751329790921988555276685812319295338308300498344871540121363393
             502229187787485985467037439799268855551259308536453919886936800686235067368158103488414100780849543751
            286988107307134848838307108456725060315005319163687954221106743249277181353233201993379486160485453572
           430482160960702273257460662685087590472507978745531931331660114873915772029849802990069229240728180358
          286988107307134848838307108456725060315005319163687954221106743249277181353233201993379486160485453572
         430482160960702273257460662685087590472507978745531931331660114873915772029849802990069229240728180358
        502229187787485985467037439799268855551259308536453919886936800686235067368158103488414100780849543751
       645723241441053409886190994027631385708761968118297896997490172310873658044774704485103843861092270537
      358735134133918561047883885570906325393756648954609942776383429061596476691541502491724357700606816965
     430482160960702273257460662685087590472507978745531931331660114873915772029849802990069229240728180358
    358735134133918561047883885570906325393756648954609942776383429061596476691541502491724357700606816965
   502229187787485985467037439799268855551259308536453919886936800686235067368158103488414100780849543751
  430482160960702273257460662685087590472507978745531931331660114873915772029849802990069229240728180358
 143494053653567424419153554228362530157502659581843977110553371624638590676616600996689743080242726786
645723241441053409886190994027631385708761968118297896997490172310873658044774704485103843861092270537
----------------------------------------------------------------------------------------------------------------------------------------------------------------------
6649203047324022322207616507693364763244558453988744073229831215343632809957666585827666380174758991854291025686898198423106932630473573390676448340149171085307817008

