                        583215047296854433293114244869618030544373958
                                            *402721043567054916710765
                       ----------------------------------------------
                       2916075236484272166465571224348090152721869790
                      3499290283781126599758685469217708183266243748
                     4082505331077981033051799714087326213810617706
                                                                 0
                    583215047296854433293114244869618030544373958
                  4082505331077981033051799714087326213810617706
                 3499290283781126599758685469217708183266243748
                 583215047296854433293114244869618030544373958
               5248935425671689899638028203826562274899365622
              2332860189187417733172456979478472122177495832
             2916075236484272166465571224348090152721869790
                                                         0
           4082505331077981033051799714087326213810617706
          3499290283781126599758685469217708183266243748
         2916075236484272166465571224348090152721869790
        1749645141890563299879342734608854091633121874
       2332860189187417733172456979478472122177495832
                                                   0
      583215047296854433293114244869618030544373958
    1166430094593708866586228489739236061088747916
   4082505331077981033051799714087326213810617706
  1166430094593708866586228489739236061088747916
                                              0
2332860189187417733172456979478472122177495832
---------------------------------------------------------------------
234872972471398508064359554239253215054961167664977662506149484257870

