             542592507423633642157700923730585744095747100475790571574848906480980465176
                                                                          *2237938400974
            ----------------------------------------------------------------------------
            2170370029694534568630803694922342976382988401903162286299395625923921860704
           3798147551965435495103906466114100208670229703330534001023942345366863256232
          4883332566812702779419308313575271696861723904282115144173640158328824186584
                                                                                    0
                                                                                   0
       2170370029694534568630803694922342976382988401903162286299395625923921860704
      4340740059389069137261607389844685952765976803806324572598791251847843721408
     1627777522270900926473102771191757232287241301427371714724546719442941395528
    4883332566812702779419308313575271696861723904282115144173640158328824186584
   3798147551965435495103906466114100208670229703330534001023942345366863256232
  1627777522270900926473102771191757232287241301427371714724546719442941395528
 1085185014847267284315401847461171488191494200951581143149697812961960930352
1085185014847267284315401847461171488191494200951581143149697812961960930352
----------------------------------------------------------------------------------------
1214288608444119897547196920393749790918036227592687666348722858725697887579708131481424

