                                                                                            6603231771382705244316135809779449873040179459983415038628606540527822940885
                                                                           *88312563950146102518896016515473215562957962583734514226977414746202598285533817379802490142
                                                                           ---------------------------------------------------------------------------------------------
                                                                                           13206463542765410488632271619558899746080358919966830077257213081055645881770
                                                                                          26412927085530820977264543239117799492160717839933660154514426162111291763540
                                                                                          6603231771382705244316135809779449873040179459983415038628606540527822940885
                                                                                                                                                                    0
                                                                                       59429085942444347198845222288015048857361615139850735347657458864750406467965
                                                                                      26412927085530820977264543239117799492160717839933660154514426162111291763540
                                                                                     13206463542765410488632271619558899746080358919966830077257213081055645881770
                                                                                                                                                                0
                                                                                   52825854171061641954529086478235598984321435679867320309028852324222583527080
                                                                                  59429085942444347198845222288015048857361615139850735347657458864750406467965
                                                                                 46222622399678936710212950668456149111281256219883905270400245783694760586195
                                                                                19809695314148115732948407429338349619120538379950245115885819621583468822655
                                                                               46222622399678936710212950668456149111281256219883905270400245783694760586195
                                                                               6603231771382705244316135809779449873040179459983415038628606540527822940885
                                                                             52825854171061641954529086478235598984321435679867320309028852324222583527080
                                                                            19809695314148115732948407429338349619120538379950245115885819621583468822655
                                                                           19809695314148115732948407429338349619120538379950245115885819621583468822655
                                                                          33016158856913526221580679048897249365200897299917075193143032702639114704425
                                                                         33016158856913526221580679048897249365200897299917075193143032702639114704425
                                                                        52825854171061641954529086478235598984321435679867320309028852324222583527080
                                                                       13206463542765410488632271619558899746080358919966830077257213081055645881770
                                                                      52825854171061641954529086478235598984321435679867320309028852324222583527080
                                                                     59429085942444347198845222288015048857361615139850735347657458864750406467965
                                                                    33016158856913526221580679048897249365200897299917075193143032702639114704425
                                                                   13206463542765410488632271619558899746080358919966830077257213081055645881770
                                                                                                                                              0
                                                                 13206463542765410488632271619558899746080358919966830077257213081055645881770
                                                                39619390628296231465896814858676699238241076759900490231771639243166937645310
                                                               26412927085530820977264543239117799492160717839933660154514426162111291763540
                                                              46222622399678936710212950668456149111281256219883905270400245783694760586195
                                                             26412927085530820977264543239117799492160717839933660154514426162111291763540
                                                             6603231771382705244316135809779449873040179459983415038628606540527822940885
                                                           26412927085530820977264543239117799492160717839933660154514426162111291763540
                                                          46222622399678936710212950668456149111281256219883905270400245783694760586195
                                                         46222622399678936710212950668456149111281256219883905270400245783694760586195
                                                        59429085942444347198845222288015048857361615139850735347657458864750406467965
                                                       39619390628296231465896814858676699238241076759900490231771639243166937645310
                                                      13206463542765410488632271619558899746080358919966830077257213081055645881770
                                                     13206463542765410488632271619558899746080358919966830077257213081055645881770
                                                    26412927085530820977264543239117799492160717839933660154514426162111291763540
                                                    6603231771382705244316135809779449873040179459983415038628606540527822940885
                                                  33016158856913526221580679048897249365200897299917075193143032702639114704425
                                                 26412927085530820977264543239117799492160717839933660154514426162111291763540
                                                19809695314148115732948407429338349619120538379950245115885819621583468822655
                                               46222622399678936710212950668456149111281256219883905270400245783694760586195
                                              19809695314148115732948407429338349619120538379950245115885819621583468822655
                                             52825854171061641954529086478235598984321435679867320309028852324222583527080
                                            33016158856913526221580679048897249365200897299917075193143032702639114704425
                                           13206463542765410488632271619558899746080358919966830077257213081055645881770
                                          39619390628296231465896814858676699238241076759900490231771639243166937645310
                                         59429085942444347198845222288015048857361615139850735347657458864750406467965
                                        46222622399678936710212950668456149111281256219883905270400245783694760586195
                                       33016158856913526221580679048897249365200897299917075193143032702639114704425
                                      59429085942444347198845222288015048857361615139850735347657458864750406467965
                                     13206463542765410488632271619558899746080358919966830077257213081055645881770
                                    39619390628296231465896814858676699238241076759900490231771639243166937645310
                                   33016158856913526221580679048897249365200897299917075193143032702639114704425
                                  33016158856913526221580679048897249365200897299917075193143032702639114704425
                                  6603231771382705244316135809779449873040179459983415038628606540527822940885
                                13206463542765410488632271619558899746080358919966830077257213081055645881770
                               19809695314148115732948407429338349619120538379950245115885819621583468822655
                              46222622399678936710212950668456149111281256219883905270400245783694760586195
                             26412927085530820977264543239117799492160717839933660154514426162111291763540
                            33016158856913526221580679048897249365200897299917075193143032702639114704425
                            6603231771382705244316135809779449873040179459983415038628606540527822940885
                          33016158856913526221580679048897249365200897299917075193143032702639114704425
                         39619390628296231465896814858676699238241076759900490231771639243166937645310
                         6603231771382705244316135809779449873040179459983415038628606540527822940885
                                                                                                   0
                      39619390628296231465896814858676699238241076759900490231771639243166937645310
                     59429085942444347198845222288015048857361615139850735347657458864750406467965
                    52825854171061641954529086478235598984321435679867320309028852324222583527080
                   52825854171061641954529086478235598984321435679867320309028852324222583527080
                   6603231771382705244316135809779449873040179459983415038628606540527822940885
                 33016158856913526221580679048897249365200897299917075193143032702639114704425
                13206463542765410488632271619558899746080358919966830077257213081055645881770
                                                                                           0
               6603231771382705244316135809779449873040179459983415038628606540527822940885
             39619390628296231465896814858676699238241076759900490231771639243166937645310
            26412927085530820977264543239117799492160717839933660154514426162111291763540
            6603231771382705244316135809779449873040179459983415038628606540527822940885
                                                                                      0
         33016158856913526221580679048897249365200897299917075193143032702639114704425
        59429085942444347198845222288015048857361615139850735347657458864750406467965
       19809695314148115732948407429338349619120538379950245115885819621583468822655
      39619390628296231465896814858676699238241076759900490231771639243166937645310
     33016158856913526221580679048897249365200897299917075193143032702639114704425
    13206463542765410488632271619558899746080358919966830077257213081055645881770
    6603231771382705244316135809779449873040179459983415038628606540527822940885
  19809695314148115732948407429338349619120538379950245115885819621583468822655
 52825854171061641954529086478235598984321435679867320309028852324222583527080
52825854171061641954529086478235598984321435679867320309028852324222583527080
------------------------------------------------------------------------------------------------------------------------------------------------------------------------
583148328087871685607322336018535455262840115044894059656790358434737881781391838848680572412220013955007590421809195148573372318696285762697783049074604027196661255670

