                                 173849519896446975297
                   *1743237556629578198985422407695760
                   -----------------------------------
                                                     0
                               1043097119378681851782
                              1216946639275128827079
                              869247599482234876485
                            1564645679068022777673
                           1043097119378681851782
                          1216946639275128827079
                                              0
                         695398079585787901188
                        347699039792893950594
                       347699039792893950594
                      695398079585787901188
                     869247599482234876485
                   1390796159171575802376
                  1564645679068022777673
                 1390796159171575802376
                1564645679068022777673
                173849519896446975297
              1390796159171575802376
             1216946639275128827079
             869247599482234876485
           1564645679068022777673
           347699039792893950594
         1043097119378681851782
        1043097119378681851782
        869247599482234876485
       869247599482234876485
     1216946639275128827079
     521548559689340925891
    347699039792893950594
   521548559689340925891
  695398079585787901188
1216946639275128827079
173849519896446975297
------------------------------------------------------
303061012285507465931220099915144485914191227411640720

