                                                                                                    10531789923927729715233971328109262331333635308280803100333254280414657911552380361682725041469411986
                                                                                                   *78883407211938755915429124343111999330061154920421074086421842941975981197690642750258891085289477065
                                                                                                   ------------------------------------------------------------------------------------------------------
                                                                                                    52658949619638648576169856640546311656668176541404015501666271402073289557761901808413625207347059930
                                                                                                   63190739543566378291403827968655573988001811849684818601999525682487947469314282170096350248816471916
                                                                                                                                                                                                      0
                                                                                                 73722529467494108006637799296764836319335447157965621702332779962902605380866662531779075290285883902
                                                                                                73722529467494108006637799296764836319335447157965621702332779962902605380866662531779075290285883902
                                                                                               42127159695710918860935885312437049325334541233123212401333017121658631646209521446730900165877647944
                                                                                              94786109315349567437105741952983360982002717774527227902999288523731921203971423255144525373224707874
                                                                                             84254319391421837721871770624874098650669082466246424802666034243317263292419042893461800331755295888
                                                                                            21063579847855459430467942656218524662667270616561606200666508560829315823104760723365450082938823972
                                                                                           52658949619638648576169856640546311656668176541404015501666271402073289557761901808413625207347059930
                                                                                          84254319391421837721871770624874098650669082466246424802666034243317263292419042893461800331755295888
                                                                                                                                                                                             0
                                                                                        10531789923927729715233971328109262331333635308280803100333254280414657911552380361682725041469411986
                                                                                       94786109315349567437105741952983360982002717774527227902999288523731921203971423255144525373224707874
                                                                                      84254319391421837721871770624874098650669082466246424802666034243317263292419042893461800331755295888
                                                                                     84254319391421837721871770624874098650669082466246424802666034243317263292419042893461800331755295888
                                                                                    52658949619638648576169856640546311656668176541404015501666271402073289557761901808413625207347059930
                                                                                   21063579847855459430467942656218524662667270616561606200666508560829315823104760723365450082938823972
                                                                                                                                                                                      0
                                                                                 52658949619638648576169856640546311656668176541404015501666271402073289557761901808413625207347059930
                                                                                73722529467494108006637799296764836319335447157965621702332779962902605380866662531779075290285883902
                                                                               21063579847855459430467942656218524662667270616561606200666508560829315823104760723365450082938823972
                                                                              42127159695710918860935885312437049325334541233123212401333017121658631646209521446730900165877647944
                                                                             63190739543566378291403827968655573988001811849684818601999525682487947469314282170096350248816471916
                                                                                                                                                                                0
                                                                           94786109315349567437105741952983360982002717774527227902999288523731921203971423255144525373224707874
                                                                          63190739543566378291403827968655573988001811849684818601999525682487947469314282170096350248816471916
                                                                         73722529467494108006637799296764836319335447157965621702332779962902605380866662531779075290285883902
                                                                        94786109315349567437105741952983360982002717774527227902999288523731921203971423255144525373224707874
                                                                       10531789923927729715233971328109262331333635308280803100333254280414657911552380361682725041469411986
                                                                      10531789923927729715233971328109262331333635308280803100333254280414657911552380361682725041469411986
                                                                     84254319391421837721871770624874098650669082466246424802666034243317263292419042893461800331755295888
                                                                    94786109315349567437105741952983360982002717774527227902999288523731921203971423255144525373224707874
                                                                   52658949619638648576169856640546311656668176541404015501666271402073289557761901808413625207347059930
                                                                  73722529467494108006637799296764836319335447157965621702332779962902605380866662531779075290285883902
                                                                 94786109315349567437105741952983360982002717774527227902999288523731921203971423255144525373224707874
                                                                10531789923927729715233971328109262331333635308280803100333254280414657911552380361682725041469411986
                                                               42127159695710918860935885312437049325334541233123212401333017121658631646209521446730900165877647944
                                                              94786109315349567437105741952983360982002717774527227902999288523731921203971423255144525373224707874
                                                             21063579847855459430467942656218524662667270616561606200666508560829315823104760723365450082938823972
                                                            42127159695710918860935885312437049325334541233123212401333017121658631646209521446730900165877647944
                                                           84254319391421837721871770624874098650669082466246424802666034243317263292419042893461800331755295888
                                                          10531789923927729715233971328109262331333635308280803100333254280414657911552380361682725041469411986
                                                         21063579847855459430467942656218524662667270616561606200666508560829315823104760723365450082938823972
                                                        42127159695710918860935885312437049325334541233123212401333017121658631646209521446730900165877647944
                                                       63190739543566378291403827968655573988001811849684818601999525682487947469314282170096350248816471916
                                                      84254319391421837721871770624874098650669082466246424802666034243317263292419042893461800331755295888
                                                                                                                                                         0
                                                    42127159695710918860935885312437049325334541233123212401333017121658631646209521446730900165877647944
                                                   73722529467494108006637799296764836319335447157965621702332779962902605380866662531779075290285883902
                                                                                                                                                      0
                                                 10531789923927729715233971328109262331333635308280803100333254280414657911552380361682725041469411986
                                                21063579847855459430467942656218524662667270616561606200666508560829315823104760723365450082938823972
                                               42127159695710918860935885312437049325334541233123212401333017121658631646209521446730900165877647944
                                                                                                                                                  0
                                             21063579847855459430467942656218524662667270616561606200666508560829315823104760723365450082938823972
                                            94786109315349567437105741952983360982002717774527227902999288523731921203971423255144525373224707874
                                           42127159695710918860935885312437049325334541233123212401333017121658631646209521446730900165877647944
                                          52658949619638648576169856640546311656668176541404015501666271402073289557761901808413625207347059930
                                         10531789923927729715233971328109262331333635308280803100333254280414657911552380361682725041469411986
                                        10531789923927729715233971328109262331333635308280803100333254280414657911552380361682725041469411986
                                       63190739543566378291403827968655573988001811849684818601999525682487947469314282170096350248816471916
                                                                                                                                          0
                                                                                                                                         0
                                    31595369771783189145701913984327786994000905924842409300999762841243973734657141085048175124408235958
                                   31595369771783189145701913984327786994000905924842409300999762841243973734657141085048175124408235958
                                  94786109315349567437105741952983360982002717774527227902999288523731921203971423255144525373224707874
                                 94786109315349567437105741952983360982002717774527227902999288523731921203971423255144525373224707874
                                94786109315349567437105741952983360982002717774527227902999288523731921203971423255144525373224707874
                               10531789923927729715233971328109262331333635308280803100333254280414657911552380361682725041469411986
                              10531789923927729715233971328109262331333635308280803100333254280414657911552380361682725041469411986
                             10531789923927729715233971328109262331333635308280803100333254280414657911552380361682725041469411986
                            31595369771783189145701913984327786994000905924842409300999762841243973734657141085048175124408235958
                           42127159695710918860935885312437049325334541233123212401333017121658631646209521446730900165877647944
                          31595369771783189145701913984327786994000905924842409300999762841243973734657141085048175124408235958
                         42127159695710918860935885312437049325334541233123212401333017121658631646209521446730900165877647944
                        21063579847855459430467942656218524662667270616561606200666508560829315823104760723365450082938823972
                       10531789923927729715233971328109262331333635308280803100333254280414657911552380361682725041469411986
                      94786109315349567437105741952983360982002717774527227902999288523731921203971423255144525373224707874
                     21063579847855459430467942656218524662667270616561606200666508560829315823104760723365450082938823972
                    42127159695710918860935885312437049325334541233123212401333017121658631646209521446730900165877647944
                   52658949619638648576169856640546311656668176541404015501666271402073289557761901808413625207347059930
                  10531789923927729715233971328109262331333635308280803100333254280414657911552380361682725041469411986
                 94786109315349567437105741952983360982002717774527227902999288523731921203971423255144525373224707874
                52658949619638648576169856640546311656668176541404015501666271402073289557761901808413625207347059930
               52658949619638648576169856640546311656668176541404015501666271402073289557761901808413625207347059930
              73722529467494108006637799296764836319335447157965621702332779962902605380866662531779075290285883902
             84254319391421837721871770624874098650669082466246424802666034243317263292419042893461800331755295888
            31595369771783189145701913984327786994000905924842409300999762841243973734657141085048175124408235958
           94786109315349567437105741952983360982002717774527227902999288523731921203971423255144525373224707874
          10531789923927729715233971328109262331333635308280803100333254280414657911552380361682725041469411986
         10531789923927729715233971328109262331333635308280803100333254280414657911552380361682725041469411986
        21063579847855459430467942656218524662667270616561606200666508560829315823104760723365450082938823972
       73722529467494108006637799296764836319335447157965621702332779962902605380866662531779075290285883902
                                                                                                          0
     42127159695710918860935885312437049325334541233123212401333017121658631646209521446730900165877647944
    31595369771783189145701913984327786994000905924842409300999762841243973734657141085048175124408235958
   84254319391421837721871770624874098650669082466246424802666034243317263292419042893461800331755295888
  84254319391421837721871770624874098650669082466246424802666034243317263292419042893461800331755295888
 84254319391421837721871770624874098650669082466246424802666034243317263292419042893461800331755295888
73722529467494108006637799296764836319335447157965621702332779962902605380866662531779075290285883902
---------------------------------------------------------------------------------------------------------------------------------------------------------------------------------------------------------
830783473239784595752690434151537647785973417012580541711057877575050299308696389837607089365151416318097733971932618994652722903928905850275200242853206179567385966500671749500241269574113478983101090

