                    6476689
      *16188062123696229083
      ---------------------
                   19430067
                  51813512
                        0
                58290201
               12953378
              12953378
             38860134
            58290201
           38860134
          19430067
         12953378
         6476689
       12953378
      38860134
            0
    51813512
   51813512
   6476689
 38860134
 6476689
---------------------------
104845043887860006243346187

