                                                            6386374116627091732719504299888416043555127937101382232762640491196542064858569707930206461
                                                                                          *510630285591077833704407527264305479497956154847228668420147
                                                           --------------------------------------------------------------------------------------------
                                                           44704618816389642129036530099218912304885895559709675629338483438375794454009987955511445227
                                                          25545496466508366930878017199553664174220511748405528931050561964786168259434278831720825844
                                                          6386374116627091732719504299888416043555127937101382232762640491196542064858569707930206461
                                                                                                                                                   0
                                                       12772748233254183465439008599776832087110255874202764465525280982393084129717139415860412922
                                                      25545496466508366930878017199553664174220511748405528931050561964786168259434278831720825844
                                                     51090992933016733861756034399107328348441023496811057862101123929572336518868557663441651688
                                                    38318244699762550396317025799330496261330767622608293396575842947179252389151418247581238766
                                                   38318244699762550396317025799330496261330767622608293396575842947179252389151418247581238766
                                                  51090992933016733861756034399107328348441023496811057862101123929572336518868557663441651688
                                                 12772748233254183465439008599776832087110255874202764465525280982393084129717139415860412922
                                                12772748233254183465439008599776832087110255874202764465525280982393084129717139415860412922
                                               44704618816389642129036530099218912304885895559709675629338483438375794454009987955511445227
                                              25545496466508366930878017199553664174220511748405528931050561964786168259434278831720825844
                                             51090992933016733861756034399107328348441023496811057862101123929572336518868557663441651688
                                            25545496466508366930878017199553664174220511748405528931050561964786168259434278831720825844
                                           31931870583135458663597521499442080217775639685506911163813202455982710324292848539651032305
                                           6386374116627091732719504299888416043555127937101382232762640491196542064858569707930206461
                                         38318244699762550396317025799330496261330767622608293396575842947179252389151418247581238766
                                        31931870583135458663597521499442080217775639685506911163813202455982710324292848539651032305
                                       57477367049643825594475538698995744391996151433912440094863764420768878583727127371371858149
                                      44704618816389642129036530099218912304885895559709675629338483438375794454009987955511445227
                                     57477367049643825594475538698995744391996151433912440094863764420768878583727127371371858149
                                    25545496466508366930878017199553664174220511748405528931050561964786168259434278831720825844
                                   57477367049643825594475538698995744391996151433912440094863764420768878583727127371371858149
                                  44704618816389642129036530099218912304885895559709675629338483438375794454009987955511445227
                                 25545496466508366930878017199553664174220511748405528931050561964786168259434278831720825844
                                31931870583135458663597521499442080217775639685506911163813202455982710324292848539651032305
                                                                                                                          0
                              19159122349881275198158512899665248130665383811304146698287921473589626194575709123790619383
                             25545496466508366930878017199553664174220511748405528931050561964786168259434278831720825844
                            38318244699762550396317025799330496261330767622608293396575842947179252389151418247581238766
                           12772748233254183465439008599776832087110255874202764465525280982393084129717139415860412922
                          44704618816389642129036530099218912304885895559709675629338483438375794454009987955511445227
                         12772748233254183465439008599776832087110255874202764465525280982393084129717139415860412922
                        31931870583135458663597521499442080217775639685506911163813202455982710324292848539651032305
                       44704618816389642129036530099218912304885895559709675629338483438375794454009987955511445227
                                                                                                                 0
                     25545496466508366930878017199553664174220511748405528931050561964786168259434278831720825844
                    25545496466508366930878017199553664174220511748405528931050561964786168259434278831720825844
                                                                                                              0
                  44704618816389642129036530099218912304885895559709675629338483438375794454009987955511445227
                 19159122349881275198158512899665248130665383811304146698287921473589626194575709123790619383
                19159122349881275198158512899665248130665383811304146698287921473589626194575709123790619383
               51090992933016733861756034399107328348441023496811057862101123929572336518868557663441651688
              44704618816389642129036530099218912304885895559709675629338483438375794454009987955511445227
             44704618816389642129036530099218912304885895559709675629338483438375794454009987955511445227
                                                                                                       0
            6386374116627091732719504299888416043555127937101382232762640491196542064858569707930206461
          57477367049643825594475538698995744391996151433912440094863764420768878583727127371371858149
         31931870583135458663597521499442080217775639685506911163813202455982710324292848539651032305
        31931870583135458663597521499442080217775639685506911163813202455982710324292848539651032305
       51090992933016733861756034399107328348441023496811057862101123929572336518868557663441651688
      12772748233254183465439008599776832087110255874202764465525280982393084129717139415860412922
                                                                                                0
    19159122349881275198158512899665248130665383811304146698287921473589626194575709123790619383
   38318244699762550396317025799330496261330767622608293396575842947179252389151418247581238766
                                                                                             0
  6386374116627091732719504299888416043555127937101382232762640491196542064858569707930206461
31931870583135458663597521499442080217775639685506911163813202455982710324292848539651032305
-------------------------------------------------------------------------------------------------------------------------------------------------------
3261076039064759268281544955856860092726905140435666888614591999466771207713905105262175141803062202819394617885844364216177909704502337995776401969767

