                                                          8739579490947889627271712513170954811851855533595212394645963059430625
                                                                     *7003646232455849495358307848564275549263518002052597438213
                                                         -----------------------------------------------------------------------
                                                         26218738472843668881815137539512864435555566600785637183937889178291875
                                                         8739579490947889627271712513170954811851855533595212394645963059430625
                                                       17479158981895779254543425026341909623703711067190424789291926118861250
                                                      69916635927583117018173700105367638494814844268761699157167704475445000
                                                     26218738472843668881815137539512864435555566600785637183937889178291875
                                                    34958317963791558509086850052683819247407422134380849578583852237722500
                                                   61177056436635227390901987592196683682962988735166486762521741416014375
                                                  78656215418531006645445412618538593306666699802356911551813667534875625
                                                 43697897454739448136358562565854774059259277667976061973229815297153125
                                                17479158981895779254543425026341909623703711067190424789291926118861250
                                               43697897454739448136358562565854774059259277667976061973229815297153125
                                                                                                                    0
                                             17479158981895779254543425026341909623703711067190424789291926118861250
                                                                                                                  0
                                                                                                                 0
                                          69916635927583117018173700105367638494814844268761699157167704475445000
                                          8739579490947889627271712513170954811851855533595212394645963059430625
                                        43697897454739448136358562565854774059259277667976061973229815297153125
                                       26218738472843668881815137539512864435555566600785637183937889178291875
                                      52437476945687337763630275079025728871111133201571274367875778356583750
                                     17479158981895779254543425026341909623703711067190424789291926118861250
                                    78656215418531006645445412618538593306666699802356911551813667534875625
                                   34958317963791558509086850052683819247407422134380849578583852237722500
                                  43697897454739448136358562565854774059259277667976061973229815297153125
                                 43697897454739448136358562565854774059259277667976061973229815297153125
                                61177056436635227390901987592196683682962988735166486762521741416014375
                               17479158981895779254543425026341909623703711067190424789291926118861250
                              34958317963791558509086850052683819247407422134380849578583852237722500
                             52437476945687337763630275079025728871111133201571274367875778356583750
                            43697897454739448136358562565854774059259277667976061973229815297153125
                           69916635927583117018173700105367638494814844268761699157167704475445000
                          34958317963791558509086850052683819247407422134380849578583852237722500
                         69916635927583117018173700105367638494814844268761699157167704475445000
                        61177056436635227390901987592196683682962988735166486762521741416014375
                                                                                             0
                      26218738472843668881815137539512864435555566600785637183937889178291875
                     69916635927583117018173700105367638494814844268761699157167704475445000
                    43697897454739448136358562565854774059259277667976061973229815297153125
                   26218738472843668881815137539512864435555566600785637183937889178291875
                  43697897454739448136358562565854774059259277667976061973229815297153125
                 78656215418531006645445412618538593306666699802356911551813667534875625
                34958317963791558509086850052683819247407422134380849578583852237722500
               78656215418531006645445412618538593306666699802356911551813667534875625
              34958317963791558509086850052683819247407422134380849578583852237722500
             69916635927583117018173700105367638494814844268761699157167704475445000
            43697897454739448136358562565854774059259277667976061973229815297153125
           43697897454739448136358562565854774059259277667976061973229815297153125
          34958317963791558509086850052683819247407422134380849578583852237722500
         17479158981895779254543425026341909623703711067190424789291926118861250
        26218738472843668881815137539512864435555566600785637183937889178291875
       17479158981895779254543425026341909623703711067190424789291926118861250
      52437476945687337763630275079025728871111133201571274367875778356583750
     34958317963791558509086850052683819247407422134380849578583852237722500
    52437476945687337763630275079025728871111133201571274367875778356583750
   26218738472843668881815137539512864435555566600785637183937889178291875
                                                                        0
                                                                       0
61177056436635227390901987592196683682962988735166486762521741416014375
--------------------------------------------------------------------------------------------------------------------------------
61208922975025598196985826265722561246858724447646498939061722778133257750327448691885161073579351561755093371639532745397473125

