               555555555555555
              *555555555555555
              ----------------
              2777777777777775
             2777777777777775
            2777777777777775
           2777777777777775
          2777777777777775
         2777777777777775
        2777777777777775
       2777777777777775
      2777777777777775
     2777777777777775
    2777777777777775
   2777777777777775
  2777777777777775
 2777777777777775
2777777777777775
------------------------------
308641975308641358024691358025

