                            45191262825282784998372763436829349466658186
                                           *4549537919683019938288744302
                            --------------------------------------------
                            90382525650565569996745526873658698933316372
                                                                      0
                         135573788475848354995118290310488048399974558
                        180765051301131139993491053747317397866632744
                       180765051301131139993491053747317397866632744
                      316338839776979494988609344057805446266607302
                     361530102602262279986982107494634795733265488
                    361530102602262279986982107494634795733265488
                    90382525650565569996745526873658698933316372
                  361530102602262279986982107494634795733265488
                 135573788475848354995118290310488048399974558
                406721365427545064985354870931464145199923674
               406721365427545064985354870931464145199923674
               45191262825282784998372763436829349466658186
                                                         0
            135573788475848354995118290310488048399974558
           361530102602262279986982107494634795733265488
          271147576951696709990236580620976096799949116
         406721365427545064985354870931464145199923674
         45191262825282784998372763436829349466658186
       406721365427545064985354870931464145199923674
      316338839776979494988609344057805446266607302
     135573788475848354995118290310488048399974558
    225956314126413924991863817184146747333290930
   406721365427545064985354870931464145199923674
  180765051301131139993491053747317397866632744
 225956314126413924991863817184146747333290930
180765051301131139993491053747317397866632744
------------------------------------------------------------------------
205599363861985635794136312835712607221146907322430552873776758189156172

