                                                                                  48874286105217721840979039247211099527147769441635633537561383493445160836781944517961628857106
                                                                                              *5401561408289134742614332189385826082123941965340611045254283776474697092188723784
                                                                                 ------------------------------------------------------------------------------------------------
                                                                                 195497144420870887363916156988844398108591077766542534150245533973780643347127778071846515428424
                                                                                390994288841741774727832313977688796217182155533085068300491067947561286694255556143693030856848
                                                                               342120002736524052886853274730477696690034386091449434762929684454116125857473611625731401999742
                                                                              146622858315653165522937117741633298581443308324906900612684150480335482510345833553884886571318
                                                                              97748572210435443681958078494422199054295538883271267075122766986890321673563889035923257714212
                                                                            342120002736524052886853274730477696690034386091449434762929684454116125857473611625731401999742
                                                                           390994288841741774727832313977688796217182155533085068300491067947561286694255556143693030856848
                                                                          390994288841741774727832313977688796217182155533085068300491067947561286694255556143693030856848
                                                                          48874286105217721840979039247211099527147769441635633537561383493445160836781944517961628857106
                                                                         97748572210435443681958078494422199054295538883271267075122766986890321673563889035923257714212
                                                                       439868574946959496568811353224899895744329924974720701838052451441006447531037500661654659713954
                                                                                                                                                                     0
                                                                     342120002736524052886853274730477696690034386091449434762929684454116125857473611625731401999742
                                                                    439868574946959496568811353224899895744329924974720701838052451441006447531037500661654659713954
                                                                   293245716631306331045874235483266597162886616649813801225368300960670965020691667107769773142636
                                                                  195497144420870887363916156988844398108591077766542534150245533973780643347127778071846515428424
                                                                 342120002736524052886853274730477696690034386091449434762929684454116125857473611625731401999742
                                                                195497144420870887363916156988844398108591077766542534150245533973780643347127778071846515428424
                                                               293245716631306331045874235483266597162886616649813801225368300960670965020691667107769773142636
                                                              342120002736524052886853274730477696690034386091449434762929684454116125857473611625731401999742
                                                             342120002736524052886853274730477696690034386091449434762929684454116125857473611625731401999742
                                                            146622858315653165522937117741633298581443308324906900612684150480335482510345833553884886571318
                                                           390994288841741774727832313977688796217182155533085068300491067947561286694255556143693030856848
                                                           97748572210435443681958078494422199054295538883271267075122766986890321673563889035923257714212
                                                         195497144420870887363916156988844398108591077766542534150245533973780643347127778071846515428424
                                                        244371430526088609204895196236055497635738847208178167687806917467225804183909722589808144285530
                                                        97748572210435443681958078494422199054295538883271267075122766986890321673563889035923257714212
                                                      244371430526088609204895196236055497635738847208178167687806917467225804183909722589808144285530
                                                     195497144420870887363916156988844398108591077766542534150245533973780643347127778071846515428424
                                                                                                                                                   0
                                                    48874286105217721840979039247211099527147769441635633537561383493445160836781944517961628857106
                                                   48874286105217721840979039247211099527147769441635633537561383493445160836781944517961628857106
                                                 293245716631306331045874235483266597162886616649813801225368300960670965020691667107769773142636
                                                                                                                                               0
                                               195497144420870887363916156988844398108591077766542534150245533973780643347127778071846515428424
                                              146622858315653165522937117741633298581443308324906900612684150480335482510345833553884886571318
                                             244371430526088609204895196236055497635738847208178167687806917467225804183909722589808144285530
                                            293245716631306331045874235483266597162886616649813801225368300960670965020691667107769773142636
                                           439868574946959496568811353224899895744329924974720701838052451441006447531037500661654659713954
                                           48874286105217721840979039247211099527147769441635633537561383493445160836781944517961628857106
                                         195497144420870887363916156988844398108591077766542534150245533973780643347127778071846515428424
                                        439868574946959496568811353224899895744329924974720701838052451441006447531037500661654659713954
                                       146622858315653165522937117741633298581443308324906900612684150480335482510345833553884886571318
                                       97748572210435443681958078494422199054295538883271267075122766986890321673563889035923257714212
                                      48874286105217721840979039247211099527147769441635633537561383493445160836781944517961628857106
                                     97748572210435443681958078494422199054295538883271267075122766986890321673563889035923257714212
                                   390994288841741774727832313977688796217182155533085068300491067947561286694255556143693030856848
                                                                                                                                 0
                                 293245716631306331045874235483266597162886616649813801225368300960670965020691667107769773142636
                                 97748572210435443681958078494422199054295538883271267075122766986890321673563889035923257714212
                               390994288841741774727832313977688796217182155533085068300491067947561286694255556143693030856848
                              244371430526088609204895196236055497635738847208178167687806917467225804183909722589808144285530
                             390994288841741774727832313977688796217182155533085068300491067947561286694255556143693030856848
                            146622858315653165522937117741633298581443308324906900612684150480335482510345833553884886571318
                           439868574946959496568811353224899895744329924974720701838052451441006447531037500661654659713954
                          390994288841741774727832313977688796217182155533085068300491067947561286694255556143693030856848
                          48874286105217721840979039247211099527147769441635633537561383493445160836781944517961628857106
                         97748572210435443681958078494422199054295538883271267075122766986890321673563889035923257714212
                       146622858315653165522937117741633298581443308324906900612684150480335482510345833553884886571318
                      146622858315653165522937117741633298581443308324906900612684150480335482510345833553884886571318
                     195497144420870887363916156988844398108591077766542534150245533973780643347127778071846515428424
                     48874286105217721840979039247211099527147769441635633537561383493445160836781944517961628857106
                   293245716631306331045874235483266597162886616649813801225368300960670965020691667107769773142636
                   97748572210435443681958078494422199054295538883271267075122766986890321673563889035923257714212
                 195497144420870887363916156988844398108591077766542534150245533973780643347127778071846515428424
                342120002736524052886853274730477696690034386091449434762929684454116125857473611625731401999742
               195497144420870887363916156988844398108591077766542534150245533973780643347127778071846515428424
              146622858315653165522937117741633298581443308324906900612684150480335482510345833553884886571318
              48874286105217721840979039247211099527147769441635633537561383493445160836781944517961628857106
            439868574946959496568811353224899895744329924974720701838052451441006447531037500661654659713954
           390994288841741774727832313977688796217182155533085068300491067947561286694255556143693030856848
           97748572210435443681958078494422199054295538883271267075122766986890321673563889035923257714212
         390994288841741774727832313977688796217182155533085068300491067947561286694255556143693030856848
                                                                                                       0
       195497144420870887363916156988844398108591077766542534150245533973780643347127778071846515428424
       48874286105217721840979039247211099527147769441635633537561383493445160836781944517961628857106
     293245716631306331045874235483266597162886616649813801225368300960670965020691667107769773142636
    244371430526088609204895196236055497635738847208178167687806917467225804183909722589808144285530
    48874286105217721840979039247211099527147769441635633537561383493445160836781944517961628857106
                                                                                                 0
 195497144420870887363916156988844398108591077766542534150245533973780643347127778071846515428424
244371430526088609204895196236055497635738847208178167687806917467225804183909722589808144285530
---------------------------------------------------------------------------------------------------------------------------------------------------------------------------------
263997457683625927867402449380659748079981226743765818376139618435415998611174438062881953817683585627094753899228099602736272646022695404711598795053300050615276300468639609104

