                                      876538350963642187148562657797475138064060435643468314589369006520426833976441787519078004905667
                                                                                               *60038367122539315506286236382969062898
                                     -------------------------------------------------------------------------------------------------
                                     7012306807709137497188501262379801104512483485147746516714952052163414671811534300152624039245336
                                    7888845158672779684337063920177276242576543920791214831304321058683841505787976087671702044151003
                                   7012306807709137497188501262379801104512483485147746516714952052163414671811534300152624039245336
                                  1753076701927284374297125315594950276128120871286936629178738013040853667952883575038156009811334
                                 5259230105781853122891375946784850828384362613860809887536214039122561003858650725114468029434002
                                                                                                                                0
                               7888845158672779684337063920177276242576543920791214831304321058683841505787976087671702044151003
                              5259230105781853122891375946784850828384362613860809887536214039122561003858650725114468029434002
                             7888845158672779684337063920177276242576543920791214831304321058683841505787976087671702044151003
                            1753076701927284374297125315594950276128120871286936629178738013040853667952883575038156009811334
                           7012306807709137497188501262379801104512483485147746516714952052163414671811534300152624039245336
                          2629615052890926561445687973392425414192181306930404943768107019561280501929325362557234014717001
                         5259230105781853122891375946784850828384362613860809887536214039122561003858650725114468029434002
                        2629615052890926561445687973392425414192181306930404943768107019561280501929325362557234014717001
                       1753076701927284374297125315594950276128120871286936629178738013040853667952883575038156009811334
                      5259230105781853122891375946784850828384362613860809887536214039122561003858650725114468029434002
                     7012306807709137497188501262379801104512483485147746516714952052163414671811534300152624039245336
                    1753076701927284374297125315594950276128120871286936629178738013040853667952883575038156009811334
                   5259230105781853122891375946784850828384362613860809887536214039122561003858650725114468029434002
                                                                                                                  0
                 4382691754818210935742813288987375690320302178217341572946845032602134169882208937595390024528335
                4382691754818210935742813288987375690320302178217341572946845032602134169882208937595390024528335
                876538350963642187148562657797475138064060435643468314589369006520426833976441787519078004905667
              2629615052890926561445687973392425414192181306930404943768107019561280501929325362557234014717001
             7888845158672779684337063920177276242576543920791214831304321058683841505787976087671702044151003
            2629615052890926561445687973392425414192181306930404943768107019561280501929325362557234014717001
           4382691754818210935742813288987375690320302178217341572946845032602134169882208937595390024528335
          1753076701927284374297125315594950276128120871286936629178738013040853667952883575038156009811334
         1753076701927284374297125315594950276128120871286936629178738013040853667952883575038156009811334
         876538350963642187148562657797475138064060435643468314589369006520426833976441787519078004905667
       6135768456745495310039938604582325966448423049504278202125583045642987837835092512633546034339669
      5259230105781853122891375946784850828384362613860809887536214039122561003858650725114468029434002
     2629615052890926561445687973392425414192181306930404943768107019561280501929325362557234014717001
    7012306807709137497188501262379801104512483485147746516714952052163414671811534300152624039245336
   2629615052890926561445687973392425414192181306930404943768107019561280501929325362557234014717001
                                                                                                  0
                                                                                                 0
5259230105781853122891375946784850828384362613860809887536214039122561003858650725114468029434002
--------------------------------------------------------------------------------------------------------------------------------------
52625931312140362830801694644343341978505386600946741444908973339182769506101537135430796527700345457572793466814016335098737879642966

