                                                          462990
     *8341009604299096230420037490490235346306826735469401515354
     -----------------------------------------------------------
                                                         1851960
                                                        2314950
                                                       1388970
                                                      2314950
                                                      462990
                                                    2314950
                                                    462990
                                                        0
                                                 1851960
                                                4166910
                                               2777940
                                              1851960
                                             2314950
                                            1388970
                                           3240930
                                          2777940
                                          925980
                                        3703920
                                       2777940
                                            0
                                     1388970
                                    2777940
                                   1851960
                                  1388970
                                 2314950
                                1388970
                                925980
                                    0
                             4166910
                            1851960
                                 0
                          4166910
                         1851960
                        3240930
                       1388970
                            0
                           0
                     925980
                   1851960
                        0
                 1388970
                 925980
               2777940
              4166910
                   0
            4166910
           4166910
           925980
         1851960
              0
       2777940
      4166910
           0
          0
    462990
  1851960
 1388970
3703920
----------------------------------------------------------------
3861804036694438563722173157722074062986597710254978207593748460

