                                                           5096078583778255904
                  *91823701663613674369196989538578760031207568836362382080934
                  ------------------------------------------------------------
                                                          20384314335113023616
                                                         15288235751334767712
                                                        45864707254004303136
                                                                          0
                                                      40768628670226047232
                                                                        0
                                                    10192157167556511808
                                                   40768628670226047232
                                                  15288235751334767712
                                                 10192157167556511808
                                                30576471502669535424
                                               15288235751334767712
                                              30576471502669535424
                                             15288235751334767712
                                            40768628670226047232
                                           40768628670226047232
                                          30576471502669535424
                                         25480392918891279520
                                        35672550086447791328
                                                          0
                                      10192157167556511808
                                      5096078583778255904
                                    15288235751334767712
                                                      0
                                                     0
                                 30576471502669535424
                                35672550086447791328
                               40768628670226047232
                              35672550086447791328
                             25480392918891279520
                            40768628670226047232
                           15288235751334767712
                          25480392918891279520
                         45864707254004303136
                        40768628670226047232
                       45864707254004303136
                      30576471502669535424
                     45864707254004303136
                     5096078583778255904
                   45864707254004303136
                  30576471502669535424
                 15288235751334767712
                20384314335113023616
               35672550086447791328
              30576471502669535424
             15288235751334767712
             5096078583778255904
           30576471502669535424
          15288235751334767712
         30576471502669535424
        30576471502669535424
        5096078583778255904
                         0
     35672550086447791328
    15288235751334767712
   10192157167556511808
  40768628670226047232
  5096078583778255904
45864707254004303136
------------------------------------------------------------------------------
467940799531185454285642777348587304101158458937771081645896163774512691334336

