          6641942752642272089615671387474949144419684911210281749877515019923465333734956974148136997498
                                                                                             *4917383727
         -----------------------------------------------------------------------------------------------
         46493599268495904627309699712324644010937794378471972249142605139464257336144698819036958982486
        13283885505284544179231342774949898288839369822420563499755030039846930667469913948296273994996
       46493599268495904627309699712324644010937794378471972249142605139464257336144698819036958982486
      19925828257926816268847014162424847433259054733630845249632545059770396001204870922444410992494
     53135542021138176716925371099799593155357479289682253999020120159387722669879655793185095979984
    19925828257926816268847014162424847433259054733630845249632545059770396001204870922444410992494
   46493599268495904627309699712324644010937794378471972249142605139464257336144698819036958982486
   6641942752642272089615671387474949144419684911210281749877515019923465333734956974148136997498
 59777484773780448806541042487274542299777164200892535748897635179311188003614612767333232977482
26567771010569088358462685549899796577678739644841126999510060079693861334939827896592547989992
--------------------------------------------------------------------------------------------------------
32660981207508695025782388164948826542921931440852879351932776602169729217556901555721208558863304915046

