                                              91756104569332682881248439354223398018475419677856981824850272612414361902869655253446822
                                                                                        *9501114638999902761327671017949809021484284274
                                             ------------------------------------------------------------------------------------------
                                             367024418277330731524993757416893592073901678711427927299401090449657447611478621013787288
                                            642292731985328780168739075479563786129327937744998872773951908286900533320087586774127754
                                           183512209138665365762496878708446796036950839355713963649700545224828723805739310506893644
                                          367024418277330731524993757416893592073901678711427927299401090449657447611478621013787288
                                         734048836554661463049987514833787184147803357422855854598802180899314895222957242027574576
                                        183512209138665365762496878708446796036950839355713963649700545224828723805739310506893644
                                       367024418277330731524993757416893592073901678711427927299401090449657447611478621013787288
                                      734048836554661463049987514833787184147803357422855854598802180899314895222957242027574576
                                     367024418277330731524993757416893592073901678711427927299401090449657447611478621013787288
                                     91756104569332682881248439354223398018475419677856981824850272612414361902869655253446822
                                   183512209138665365762496878708446796036950839355713963649700545224828723805739310506893644
                                                                                                                           0
                                 825804941123994145931235954188010582166278777100712836423652453511729257125826897281021398
                                                                                                                         0
                               734048836554661463049987514833787184147803357422855854598802180899314895222957242027574576
                              825804941123994145931235954188010582166278777100712836423652453511729257125826897281021398
                             367024418277330731524993757416893592073901678711427927299401090449657447611478621013787288
                            825804941123994145931235954188010582166278777100712836423652453511729257125826897281021398
                           642292731985328780168739075479563786129327937744998872773951908286900533320087586774127754
                           91756104569332682881248439354223398018475419677856981824850272612414361902869655253446822
                                                                                                                  0
                         91756104569332682881248439354223398018475419677856981824850272612414361902869655253446822
                       642292731985328780168739075479563786129327937744998872773951908286900533320087586774127754
                      550536627415996097287490636125340388110852518067141890949101635674486171417217931520680932
                     642292731985328780168739075479563786129327937744998872773951908286900533320087586774127754
                    183512209138665365762496878708446796036950839355713963649700545224828723805739310506893644
                   275268313707998048643745318062670194055426259033570945474550817837243085708608965760340466
                   91756104569332682881248439354223398018475419677856981824850272612414361902869655253446822
                 550536627415996097287490636125340388110852518067141890949101635674486171417217931520680932
                642292731985328780168739075479563786129327937744998872773951908286900533320087586774127754
               183512209138665365762496878708446796036950839355713963649700545224828723805739310506893644
                                                                                                       0
             825804941123994145931235954188010582166278777100712836423652453511729257125826897281021398
            825804941123994145931235954188010582166278777100712836423652453511729257125826897281021398
           825804941123994145931235954188010582166278777100712836423652453511729257125826897281021398
          825804941123994145931235954188010582166278777100712836423652453511729257125826897281021398
         734048836554661463049987514833787184147803357422855854598802180899314895222957242027574576
        275268313707998048643745318062670194055426259033570945474550817837243085708608965760340466
       550536627415996097287490636125340388110852518067141890949101635674486171417217931520680932
      367024418277330731524993757416893592073901678711427927299401090449657447611478621013787288
      91756104569332682881248439354223398018475419677856981824850272612414361902869655253446822
     91756104569332682881248439354223398018475419677856981824850272612414361902869655253446822
    91756104569332682881248439354223398018475419677856981824850272612414361902869655253446822
                                                                                           0
 458780522846663414406242196771116990092377098389284909124251363062071809514348276267234110
825804941123994145931235954188010582166278777100712836423652453511729257125826897281021398
---------------------------------------------------------------------------------------------------------------------------------------
871785268341292621542387844590907306779910744023986320141447856074754995428619306267518956580398630195921351908346296390427042189877228

