                                                                                                     67
 *45367108532609214484509978166730367187930191122660111119935519546264058177399566677889773334388915320
 ------------------------------------------------------------------------------------------------------
                                                                                                      0
                                                                                                   134
                                                                                                  201
                                                                                                 335
                                                                                                 67
                                                                                               603
                                                                                              536
                                                                                             536
                                                                                            201
                                                                                           268
                                                                                          201
                                                                                         201
                                                                                        201
                                                                                       469
                                                                                      469
                                                                                     603
                                                                                    536
                                                                                   536
                                                                                  469
                                                                                 469
                                                                                402
                                                                               402
                                                                              402
                                                                             335
                                                                            603
                                                                           603
                                                                          201
                                                                         469
                                                                        469
                                                                        67
                                                                      536
                                                                     335
                                                                      0
                                                                   268
                                                                  402
                                                                 134
                                                                402
                                                               268
                                                              335
                                                             603
                                                             67
                                                           335
                                                          335
                                                         201
                                                        603
                                                       603
                                                       67
                                                      67
                                                     67
                                                    67
                                                   67
                                                   0
                                                402
                                               402
                                              134
                                             134
                                             67
                                            67
                                          603
                                          67
                                          0
                                       201
                                      603
                                     469
                                    536
                                    67
                                  469
                                 402
                                201
                                 0
                              201
                             469
                            402
                           402
                           67
                         536
                        469
                       603
                      603
                       0
                    335
                   268
                  536
                 268
                268
                67
              134
             603
              0
           402
          134
         201
        335
       536
        0
      67
    469
   402
  201
 335
268
-------------------------------------------------------------------------------------------------------
3039596271684817370462168537170934601591322805218227445035679809599691897885770967418614813404057326440

