                                                                                                178035501747281535476
                    *749802804502316877041779922470034025306857198785590668660917911323954540359138787754610601493535
                    -------------------------------------------------------------------------------------------------
                                                                                                890177508736407677380
                                                                                               534106505241844606428
                                                                                              890177508736407677380
                                                                                             534106505241844606428
                                                                                           1602319515725533819284
                                                                                           712142006989126141904
                                                                                          178035501747281535476
                                                                                                             0
                                                                                       1068213010483689212856
                                                                                                           0
                                                                                      178035501747281535476
                                                                                    1068213010483689212856
                                                                                    712142006989126141904
                                                                                   890177508736407677380
                                                                                 1246248512230970748332
                                                                                1246248512230970748332
                                                                               1424284013978252283808
                                                                              1246248512230970748332
                                                                             1424284013978252283808
                                                                             534106505241844606428
                                                                            178035501747281535476
                                                                          1602319515725533819284
                                                                          890177508736407677380
                                                                         534106505241844606428
                                                                                            0
                                                                       712142006989126141904
                                                                      890177508736407677380
                                                                     712142006989126141904
                                                                    890177508736407677380
                                                                  1602319515725533819284
                                                                  534106505241844606428
                                                                 356071003494563070952
                                                                534106505241844606428
                                                               178035501747281535476
                                                              178035501747281535476
                                                            1602319515725533819284
                                                           1246248512230970748332
                                                           178035501747281535476
                                                         1602319515725533819284
                                                                             0
                                                       1068213010483689212856
                                                      1068213010483689212856
                                                     1424284013978252283808
                                                    1068213010483689212856
                                                   1068213010483689212856
                                                                       0
                                                 1602319515725533819284
                                                 890177508736407677380
                                                890177508736407677380
                                              1424284013978252283808
                                             1246248512230970748332
                                            1424284013978252283808
                                           1602319515725533819284
                                           178035501747281535476
                                         1246248512230970748332
                                         890177508736407677380
                                       1424284013978252283808
                                      1068213010483689212856
                                                          0
                                     534106505241844606428
                                    890177508736407677380
                                   356071003494563070952
                                                      0
                                 712142006989126141904
                                534106505241844606428
                                                   0
                                                  0
                            1246248512230970748332
                            712142006989126141904
                           356071003494563070952
                          356071003494563070952
                        1602319515725533819284
                       1602319515725533819284
                      1246248512230970748332
                     1246248512230970748332
                     178035501747281535476
                    712142006989126141904
                                       0
                 1246248512230970748332
                1246248512230970748332
               1424284013978252283808
              1068213010483689212856
              178035501747281535476
             534106505241844606428
            356071003494563070952
                               0
          890177508736407677380
         712142006989126141904
                            0
      1424284013978252283808
      356071003494563070952
                         0
   1424284013978252283808
  1602319515725533819284
  712142006989126141904
1246248512230970748332
---------------------------------------------------------------------------------------------------------------------
133491518511088831917591088303984058250028261150522515856331876842982109459819550986423809299067528568591773687147660

