                   469816527580881904514140162080826708451210298499851365372680663343189300330279
                                                                             *2652918390971644987
                  -------------------------------------------------------------------------------
                  3288715693066173331598981134565786959158472089498959557608764643402325102311953
                 3758532220647055236113121296646613667609682387998810922981445306745514402642232
                4228348748227937140627261458727440376060892686498662288354125970088703702972511
               1879266110323527618056560648323306833804841193999405461490722653372757201321116
              1879266110323527618056560648323306833804841193999405461490722653372757201321116
             2818899165485291427084840972484960250707261790999108192236083980059135801981674
             469816527580881904514140162080826708451210298499851365372680663343189300330279
           3288715693066173331598981134565786959158472089498959557608764643402325102311953
          4228348748227937140627261458727440376060892686498662288354125970088703702972511
                                                                                       0
        4228348748227937140627261458727440376060892686498662288354125970088703702972511
       1409449582742645713542420486242480125353630895499554096118041990029567900990837
      3758532220647055236113121296646613667609682387998810922981445306745514402642232
      469816527580881904514140162080826708451210298499851365372680663343189300330279
    4228348748227937140627261458727440376060892686498662288354125970088703702972511
    939633055161763809028280324161653416902420596999702730745361326686378600660558
  2349082637904409522570700810404133542256051492499256826863403316715946501651395
 2818899165485291427084840972484960250707261790999108192236083980059135801981674
 939633055161763809028280324161653416902420596999702730745361326686378600660558
-------------------------------------------------------------------------------------------------
1246384906401758690737497590581982800354586978729974120083947934790016329386674777188763034661373

