                                            436956738715344916394
                    *23346841025494951349493832906948272967060509
                    ---------------------------------------------
                                           3932610648438104247546
                                                               0
                                         2184783693576724581970
                                                             0
                                       2621740432292069498364
                                                           0
                                     3058697171007414414758
                                    2621740432292069498364
                                   3932610648438104247546
                                   873913477430689832788
                                 3058697171007414414758
                                 873913477430689832788
                               3495653909722759331152
                              1747826954861379665576
                             3932610648438104247546
                            2621740432292069498364
                                                0
                          3932610648438104247546
                          873913477430689832788
                        1310870216146034749182
                       3495653909722759331152
                      1310870216146034749182
                     3932610648438104247546
                    1747826954861379665576
                   3932610648438104247546
                  1747826954861379665576
                 1310870216146034749182
                 436956738715344916394
               2184783693576724581970
              3932610648438104247546
             1747826954861379665576
            3932610648438104247546
           1747826954861379665576
          2184783693576724581970
          873913477430689832788
                             0
        436956738715344916394
      1747826954861379665576
     3495653909722759331152
    2621740432292069498364
   1747826954861379665576
  1310870216146034749182
 1310870216146034749182
 873913477430689832788
-----------------------------------------------------------------
10201559513805892818590218373709938265459859768564232126544084546

