                                                                32980764098308886875043314590963161237746
                                        *6773560435589803494367528865502180536589138028378715477354805123
                                        -----------------------------------------------------------------
                                                                98942292294926660625129943772889483713238
                                                               65961528196617773750086629181926322475492
                                                              32980764098308886875043314590963161237746
                                                            164903820491544434375216572954815806188730
                                                                                                    0
                                                          263846112786471095000346516727705289901968
                                                         131923056393235547500173258363852644950984
                                                        164903820491544434375216572954815806188730
                                                        98942292294926660625129943772889483713238
                                                      230865348688162208125303202136742128664222
                                                     230865348688162208125303202136742128664222
                                                    131923056393235547500173258363852644950984
                                                   164903820491544434375216572954815806188730
                                                   32980764098308886875043314590963161237746
                                                 230865348688162208125303202136742128664222
                                                263846112786471095000346516727705289901968
                                               230865348688162208125303202136742128664222
                                               98942292294926660625129943772889483713238
                                             263846112786471095000346516727705289901968
                                             65961528196617773750086629181926322475492
                                                                                    0
                                          263846112786471095000346516727705289901968
                                          98942292294926660625129943772889483713238
                                         32980764098308886875043314590963161237746
                                       296826876884779981875389831318668451139714
                                      263846112786471095000346516727705289901968
                                     164903820491544434375216572954815806188730
                                    197884584589853321250259887545778967426476
                                    98942292294926660625129943772889483713238
                                  164903820491544434375216572954815806188730
                                                                          0
                                263846112786471095000346516727705289901968
                                32980764098308886875043314590963161237746
                               65961528196617773750086629181926322475492
                                                                      0
                            164903820491544434375216572954815806188730
                           164903820491544434375216572954815806188730
                          197884584589853321250259887545778967426476
                         263846112786471095000346516727705289901968
                        263846112786471095000346516727705289901968
                        65961528196617773750086629181926322475492
                      164903820491544434375216572954815806188730
                     230865348688162208125303202136742128664222
                    197884584589853321250259887545778967426476
                    98942292294926660625129943772889483713238
                  131923056393235547500173258363852644950984
                 296826876884779981875389831318668451139714
                131923056393235547500173258363852644950984
                98942292294926660625129943772889483713238
                                                       0
             263846112786471095000346516727705289901968
            296826876884779981875389831318668451139714
           263846112786471095000346516727705289901968
          164903820491544434375216572954815806188730
         164903820491544434375216572954815806188730
         98942292294926660625129943772889483713238
       131923056393235547500173258363852644950984
                                               0
     197884584589853321250259887545778967426476
    164903820491544434375216572954815806188730
    98942292294926660625129943772889483713238
  230865348688162208125303202136742128664222
 230865348688162208125303202136742128664222
197884584589853321250259887545778967426476
---------------------------------------------------------------------------------------------------------
223397198831825696457777908407204077274219789580046423703006653426374910124778219966243265906269301772758

