                                                                            92670
    *3028015083253166431028108890461674475083309625379472292171118386733332673636
    -----------------------------------------------------------------------------
                                                                           556020
                                                                          278010
                                                                         556020
                                                                        278010
                                                                       648690
                                                                      556020
                                                                     185340
                                                                    278010
                                                                   278010
                                                                  278010
                                                                 278010
                                                                648690
                                                               556020
                                                              741360
                                                             278010
                                                            741360
                                                            92670
                                                           92670
                                                          92670
                                                        648690
                                                        92670
                                                      185340
                                                     834030
                                                    185340
                                                   185340
                                                  648690
                                                 370680
                                                834030
                                               648690
                                              278010
                                             463350
                                            185340
                                           556020
                                          834030
                                              0
                                        278010
                                       278010
                                      741360
                                          0
                                    463350
                                   648690
                                  370680
                                 370680
                                648690
                               556020
                               92670
                             556020
                            370680
                                0
                          834030
                         741360
                        741360
                            0
                       92670
                     741360
                    185340
                        0
                   92670
                 278010
                370680
               556020
              556020
              92670
            278010
           463350
          185340
         278010
        741360
            0
      463350
      92670
         0
   741360
  185340
      0
278010
---------------------------------------------------------------------------------
280606157765070933163374850879083373605970302983915697315497540898577938865848120

