     70571812557354891592219001022029176358514349739988210120323535543278130664548546368480523886431769
                                                                                                 *67263
    ---------------------------------------------------------------------------------------------------
    211715437672064674776657003066087529075543049219964630360970606629834391993645639105441571659295307
   423430875344129349553314006132175058151086098439929260721941213259668783987291278210883143318590614
  141143625114709783184438002044058352717028699479976420240647071086556261329097092736961047772863538
 494002687901484241145533007154204234509600448179917470842264748802946914651839824579363667205022383
423430875344129349553314006132175058151086098439929260721941213259668783987291278210883143318590614
-------------------------------------------------------------------------------------------------------
4746871828045362073167426665744748489402750706560826977323321971247516902889528874383105478173060078247

