                                                  78591568651
          *24573540252509684193879794381993340705730090959468
          ---------------------------------------------------
                                                 628732549208
                                                471549411906
                                               314366274604
                                              707324117859
                                             392957843255
                                            707324117859
                                                      0
                                          707324117859
                                                    0
                                                   0
                                       235774705953
                                      550140980557
                                     392957843255
                                               0
                                   550140980557
                                             0
                                 314366274604
                                235774705953
                               235774705953
                              707324117859
                             707324117859
                             78591568651
                           628732549208
                          235774705953
                         314366274604
                        707324117859
                       550140980557
                      707324117859
                     550140980557
                    628732549208
                   235774705953
                  707324117859
                  78591568651
                314366274604
               628732549208
              471549411906
             707324117859
                       0
           392957843255
          157183137302
         392957843255
        157183137302
                  0
      314366274604
     392957843255
    235774705953
   550140980557
  392957843255
 314366274604
157183137302
-------------------------------------------------------------
1931273075753226720365633454214193754299219232717503780437668

