                                                                                             69781598826994065614971833472978947096988678085646034127
                                                       *565862756466054912720395909322178654830576282683966095595527745601094152771940346046505158923
                                                       ----------------------------------------------------------------------------------------------
                                                                                            209344796480982196844915500418936841290966034256938102381
                                                                                           139563197653988131229943666945957894193977356171292068254
                                                                                          628034389442946590534746501256810523872898102770814307143
                                                                                         558252790615952524919774667783831576775909424685168273016
                                                                                        348907994134970328074859167364894735484943390428230170635
                                                                                        69781598826994065614971833472978947096988678085646034127
                                                                                      348907994134970328074859167364894735484943390428230170635
                                                                                                                                             0
                                                                                    348907994134970328074859167364894735484943390428230170635
                                                                                   418689592961964393689831000837873682581932068513876204762
                                                                                  279126395307976262459887333891915788387954712342584136508
                                                                                                                                         0
                                                                                418689592961964393689831000837873682581932068513876204762
                                                                               279126395307976262459887333891915788387954712342584136508
                                                                              209344796480982196844915500418936841290966034256938102381
                                                                                                                                     0
                                                                            279126395307976262459887333891915788387954712342584136508
                                                                           628034389442946590534746501256810523872898102770814307143
                                                                           69781598826994065614971833472978947096988678085646034127
                                                                         488471191788958459304802834310852629678920746599522238889
                                                                        488471191788958459304802834310852629678920746599522238889
                                                                       139563197653988131229943666945957894193977356171292068254
                                                                      348907994134970328074859167364894735484943390428230170635
                                                                      69781598826994065614971833472978947096988678085646034127
                                                                    279126395307976262459887333891915788387954712342584136508
                                                                   628034389442946590534746501256810523872898102770814307143
                                                                                                                          0
                                                                  69781598826994065614971833472978947096988678085646034127
                                                                                                                        0
                                                               418689592961964393689831000837873682581932068513876204762
                                                              348907994134970328074859167364894735484943390428230170635
                                                             279126395307976262459887333891915788387954712342584136508
                                                            488471191788958459304802834310852629678920746599522238889
                                                           488471191788958459304802834310852629678920746599522238889
                                                          139563197653988131229943666945957894193977356171292068254
                                                         348907994134970328074859167364894735484943390428230170635
                                                        348907994134970328074859167364894735484943390428230170635
                                                       628034389442946590534746501256810523872898102770814307143
                                                      348907994134970328074859167364894735484943390428230170635
                                                     348907994134970328074859167364894735484943390428230170635
                                                    628034389442946590534746501256810523872898102770814307143
                                                                                                           0
                                                  418689592961964393689831000837873682581932068513876204762
                                                 418689592961964393689831000837873682581932068513876204762
                                                628034389442946590534746501256810523872898102770814307143
                                               209344796480982196844915500418936841290966034256938102381
                                              558252790615952524919774667783831576775909424685168273016
                                             418689592961964393689831000837873682581932068513876204762
                                            139563197653988131229943666945957894193977356171292068254
                                           558252790615952524919774667783831576775909424685168273016
                                          139563197653988131229943666945957894193977356171292068254
                                         418689592961964393689831000837873682581932068513876204762
                                        488471191788958459304802834310852629678920746599522238889
                                       348907994134970328074859167364894735484943390428230170635
                                                                                              0
                                     209344796480982196844915500418936841290966034256938102381
                                    558252790615952524919774667783831576775909424685168273016
                                   279126395307976262459887333891915788387954712342584136508
                                  348907994134970328074859167364894735484943390428230170635
                                 418689592961964393689831000837873682581932068513876204762
                                558252790615952524919774667783831576775909424685168273016
                               488471191788958459304802834310852629678920746599522238889
                               69781598826994065614971833472978947096988678085646034127
                             139563197653988131229943666945957894193977356171292068254
                            139563197653988131229943666945957894193977356171292068254
                           209344796480982196844915500418936841290966034256938102381
                          628034389442946590534746501256810523872898102770814307143
                                                                                 0
                        628034389442946590534746501256810523872898102770814307143
                       348907994134970328074859167364894735484943390428230170635
                      628034389442946590534746501256810523872898102770814307143
                     209344796480982196844915500418936841290966034256938102381
                                                                            0
                   139563197653988131229943666945957894193977356171292068254
                  488471191788958459304802834310852629678920746599522238889
                 139563197653988131229943666945957894193977356171292068254
                 69781598826994065614971833472978947096988678085646034127
               628034389442946590534746501256810523872898102770814307143
              279126395307976262459887333891915788387954712342584136508
             348907994134970328074859167364894735484943390428230170635
                                                                    0
           418689592961964393689831000837873682581932068513876204762
          418689592961964393689831000837873682581932068513876204762
         279126395307976262459887333891915788387954712342584136508
        418689592961964393689831000837873682581932068513876204762
       348907994134970328074859167364894735484943390428230170635
      488471191788958459304802834310852629678920746599522238889
     139563197653988131229943666945957894193977356171292068254
    418689592961964393689831000837873682581932068513876204762
   558252790615952524919774667783831576775909424685168273016
  348907994134970328074859167364894735484943390428230170635
 418689592961964393689831000837873682581932068513876204762
348907994134970328074859167364894735484943390428230170635
-----------------------------------------------------------------------------------------------------------------------------------------------------
39486807862851286115337197367028707544319216112931325778470876229906148059682808894815339097288077513261799760932452551227010490628844164200816565221

