                                                  989446789896695
              *82379296878033133027484382249297524553130044357760
              ---------------------------------------------------
                                                                0
                                                5936680739380170
                                               6926127529276865
                                              6926127529276865
                                             4947233949483475
                                            2968340369690085
                                           3957787159586780
                                          3957787159586780
                                                        0
                                                       0
                                       2968340369690085
                                       989446789896695
                                     2968340369690085
                                    4947233949483475
                                   4947233949483475
                                  3957787159586780
                                 1978893579793390
                                4947233949483475
                               6926127529276865
                              8905021109070255
                             1978893579793390
                            8905021109070255
                           3957787159586780
                          1978893579793390
                         1978893579793390
                        7915574319173560
                       2968340369690085
                      3957787159586780
                     7915574319173560
                    3957787159586780
                   6926127529276865
                  1978893579793390
                                0
                2968340369690085
               2968340369690085
               989446789896695
             2968340369690085
            2968340369690085
                          0
          7915574319173560
         6926127529276865
        7915574319173560
       5936680739380170
      8905021109070255
     1978893579793390
    8905021109070255
   6926127529276865
  2968340369690085
 1978893579793390
7915574319173560
-----------------------------------------------------------------
81509930849916711723702190984296141315777026068382144358021603200

