                                                                                                     93529288639285734515369325850349702630403422996357984917503537408671711163363098897389049493144011183
                                                                                                    *39963503581564355859781231343186183433892048584169048261496715423777166361120537531468607389832109816
                                                                                                    ------------------------------------------------------------------------------------------------------
                                                                                                    561175731835714407092215955102098215782420537978147909505021224452030266980178593384334296958864067098
                                                                                                    93529288639285734515369325850349702630403422996357984917503537408671711163363098897389049493144011183
                                                                                                  748234309114285876122954606802797621043227383970863879340028299269373689306904791179112395945152089464
                                                                                                 841763597753571610638323932653147323673630806967221864257531836678045400470267890076501445438296100647
                                                                                                                                                                                                     0
                                                                                                93529288639285734515369325850349702630403422996357984917503537408671711163363098897389049493144011183
                                                                                              187058577278571469030738651700699405260806845992715969835007074817343422326726197794778098986288022366
                                                                                             280587865917857203546107977551049107891210268989073954752510612226015133490089296692167148479432033549
                                                                                            748234309114285876122954606802797621043227383970863879340028299269373689306904791179112395945152089464
                                                                                           841763597753571610638323932653147323673630806967221864257531836678045400470267890076501445438296100647
                                                                                          748234309114285876122954606802797621043227383970863879340028299269373689306904791179112395945152089464
                                                                                         280587865917857203546107977551049107891210268989073954752510612226015133490089296692167148479432033549
                                                                                        654705020475000141607585280952447918412823960974505894422524761860701978143541692281723346452008078281
                                                                                                                                                                                            0
                                                                                      561175731835714407092215955102098215782420537978147909505021224452030266980178593384334296958864067098
                                                                                     748234309114285876122954606802797621043227383970863879340028299269373689306904791179112395945152089464
                                                                                    561175731835714407092215955102098215782420537978147909505021224452030266980178593384334296958864067098
                                                                                   374117154557142938061477303401398810521613691985431939670014149634686844653452395589556197972576044732
                                                                                   93529288639285734515369325850349702630403422996357984917503537408671711163363098897389049493144011183
                                                                                 280587865917857203546107977551049107891210268989073954752510612226015133490089296692167148479432033549
                                                                                467646443196428672576846629251748513152017114981789924587517687043358555816815494486945247465720055915
                                                                               654705020475000141607585280952447918412823960974505894422524761860701978143541692281723346452008078281
                                                                              280587865917857203546107977551049107891210268989073954752510612226015133490089296692167148479432033549
                                                                             467646443196428672576846629251748513152017114981789924587517687043358555816815494486945247465720055915
                                                                                                                                                                                 0
                                                                           187058577278571469030738651700699405260806845992715969835007074817343422326726197794778098986288022366
                                                                           93529288639285734515369325850349702630403422996357984917503537408671711163363098897389049493144011183
                                                                          93529288639285734515369325850349702630403422996357984917503537408671711163363098897389049493144011183
                                                                        561175731835714407092215955102098215782420537978147909505021224452030266980178593384334296958864067098
                                                                       280587865917857203546107977551049107891210268989073954752510612226015133490089296692167148479432033549
                                                                      561175731835714407092215955102098215782420537978147909505021224452030266980178593384334296958864067098
                                                                     561175731835714407092215955102098215782420537978147909505021224452030266980178593384334296958864067098
                                                                     93529288639285734515369325850349702630403422996357984917503537408671711163363098897389049493144011183
                                                                   654705020475000141607585280952447918412823960974505894422524761860701978143541692281723346452008078281
                                                                  654705020475000141607585280952447918412823960974505894422524761860701978143541692281723346452008078281
                                                                 654705020475000141607585280952447918412823960974505894422524761860701978143541692281723346452008078281
                                                                280587865917857203546107977551049107891210268989073954752510612226015133490089296692167148479432033549
                                                               187058577278571469030738651700699405260806845992715969835007074817343422326726197794778098986288022366
                                                              374117154557142938061477303401398810521613691985431939670014149634686844653452395589556197972576044732
                                                             467646443196428672576846629251748513152017114981789924587517687043358555816815494486945247465720055915
                                                             93529288639285734515369325850349702630403422996357984917503537408671711163363098897389049493144011183
                                                           654705020475000141607585280952447918412823960974505894422524761860701978143541692281723346452008078281
                                                          561175731835714407092215955102098215782420537978147909505021224452030266980178593384334296958864067098
                                                         841763597753571610638323932653147323673630806967221864257531836678045400470267890076501445438296100647
                                                        374117154557142938061477303401398810521613691985431939670014149634686844653452395589556197972576044732
                                                        93529288639285734515369325850349702630403422996357984917503537408671711163363098897389049493144011183
                                                      561175731835714407092215955102098215782420537978147909505021224452030266980178593384334296958864067098
                                                     187058577278571469030738651700699405260806845992715969835007074817343422326726197794778098986288022366
                                                    748234309114285876122954606802797621043227383970863879340028299269373689306904791179112395945152089464
                                                   374117154557142938061477303401398810521613691985431939670014149634686844653452395589556197972576044732
                                                                                                                                                       0
                                                 841763597753571610638323932653147323673630806967221864257531836678045400470267890076501445438296100647
                                                561175731835714407092215955102098215782420537978147909505021224452030266980178593384334296958864067098
                                                93529288639285734515369325850349702630403422996357984917503537408671711163363098897389049493144011183
                                              374117154557142938061477303401398810521613691985431939670014149634686844653452395589556197972576044732
                                             748234309114285876122954606802797621043227383970863879340028299269373689306904791179112395945152089464
                                            467646443196428672576846629251748513152017114981789924587517687043358555816815494486945247465720055915
                                           748234309114285876122954606802797621043227383970863879340028299269373689306904791179112395945152089464
                                          374117154557142938061477303401398810521613691985431939670014149634686844653452395589556197972576044732
                                                                                                                                              0
                                        187058577278571469030738651700699405260806845992715969835007074817343422326726197794778098986288022366
                                       841763597753571610638323932653147323673630806967221864257531836678045400470267890076501445438296100647
                                      748234309114285876122954606802797621043227383970863879340028299269373689306904791179112395945152089464
                                     280587865917857203546107977551049107891210268989073954752510612226015133490089296692167148479432033549
                                    280587865917857203546107977551049107891210268989073954752510612226015133490089296692167148479432033549
                                   374117154557142938061477303401398810521613691985431939670014149634686844653452395589556197972576044732
                                  280587865917857203546107977551049107891210268989073954752510612226015133490089296692167148479432033549
                                 748234309114285876122954606802797621043227383970863879340028299269373689306904791179112395945152089464
                                 93529288639285734515369325850349702630403422996357984917503537408671711163363098897389049493144011183
                               561175731835714407092215955102098215782420537978147909505021224452030266980178593384334296958864067098
                              748234309114285876122954606802797621043227383970863879340028299269373689306904791179112395945152089464
                              93529288639285734515369325850349702630403422996357984917503537408671711163363098897389049493144011183
                            280587865917857203546107977551049107891210268989073954752510612226015133490089296692167148479432033549
                           374117154557142938061477303401398810521613691985431939670014149634686844653452395589556197972576044732
                          280587865917857203546107977551049107891210268989073954752510612226015133490089296692167148479432033549
                          93529288639285734515369325850349702630403422996357984917503537408671711163363098897389049493144011183
                        280587865917857203546107977551049107891210268989073954752510612226015133490089296692167148479432033549
                       187058577278571469030738651700699405260806845992715969835007074817343422326726197794778098986288022366
                       93529288639285734515369325850349702630403422996357984917503537408671711163363098897389049493144011183
                     748234309114285876122954606802797621043227383970863879340028299269373689306904791179112395945152089464
                    654705020475000141607585280952447918412823960974505894422524761860701978143541692281723346452008078281
                   841763597753571610638323932653147323673630806967221864257531836678045400470267890076501445438296100647
                  467646443196428672576846629251748513152017114981789924587517687043358555816815494486945247465720055915
                 748234309114285876122954606802797621043227383970863879340028299269373689306904791179112395945152089464
                467646443196428672576846629251748513152017114981789924587517687043358555816815494486945247465720055915
               467646443196428672576846629251748513152017114981789924587517687043358555816815494486945247465720055915
              280587865917857203546107977551049107891210268989073954752510612226015133490089296692167148479432033549
             374117154557142938061477303401398810521613691985431939670014149634686844653452395589556197972576044732
            561175731835714407092215955102098215782420537978147909505021224452030266980178593384334296958864067098
           467646443196428672576846629251748513152017114981789924587517687043358555816815494486945247465720055915
           93529288639285734515369325850349702630403422996357984917503537408671711163363098897389049493144011183
         748234309114285876122954606802797621043227383970863879340028299269373689306904791179112395945152089464
        467646443196428672576846629251748513152017114981789924587517687043358555816815494486945247465720055915
       280587865917857203546107977551049107891210268989073954752510612226015133490089296692167148479432033549
                                                                                                           0
     467646443196428672576846629251748513152017114981789924587517687043358555816815494486945247465720055915
    280587865917857203546107977551049107891210268989073954752510612226015133490089296692167148479432033549
   561175731835714407092215955102098215782420537978147909505021224452030266980178593384334296958864067098
  841763597753571610638323932653147323673630806967221864257531836678045400470267890076501445438296100647
 841763597753571610638323932653147323673630806967221864257531836678045400470267890076501445438296100647
280587865917857203546107977551049107891210268989073954752510612226015133490089296692167148479432033549
----------------------------------------------------------------------------------------------------------------------------------------------------------------------------------------------------------
3737758061517261870691928406797790856829463545072070420954891905232555250046226457757882807754210007103778223864396861471912982815766182979785403407725671690020968015181271163305402508607387593988072328

