                                    43171474259419373361224801864268585722148180
                                          *1274546860662536794379192230320448893
                                   ---------------------------------------------
                                   129514422778258120083674405592805757166444540
                                  388543268334774360251023216778417271499333620
                                 345371794075354986889798414914148685777185440
                                345371794075354986889798414914148685777185440
                               172685897037677493444899207457074342888592720
                              172685897037677493444899207457074342888592720
                                                                         0
                             86342948518838746722449603728537171444296360
                           129514422778258120083674405592805757166444540
                                                                      0
                         129514422778258120083674405592805757166444540
                         86342948518838746722449603728537171444296360
                        86342948518838746722449603728537171444296360
                      388543268334774360251023216778417271499333620
                      43171474259419373361224801864268585722148180
                    388543268334774360251023216778417271499333620
                   302200319815935613528573613049880100055037260
                  129514422778258120083674405592805757166444540
                 172685897037677493444899207457074342888592720
                388543268334774360251023216778417271499333620
               302200319815935613528573613049880100055037260
              259028845556516240167348811185611514332889080
             129514422778258120083674405592805757166444540
            215857371297096866806124009321342928610740900
            86342948518838746722449603728537171444296360
          259028845556516240167348811185611514332889080
         259028845556516240167348811185611514332889080
                                                    0
       259028845556516240167348811185611514332889080
      345371794075354986889798414914148685777185440
     259028845556516240167348811185611514332889080
    172685897037677493444899207457074342888592720
   215857371297096866806124009321342928610740900
  172685897037677493444899207457074342888592720
 302200319815935613528573613049880100055037260
 86342948518838746722449603728537171444296360
43171474259419373361224801864268585722148180
--------------------------------------------------------------------------------
55024066987516477905176240509111638094896888379559369190611653313979389862964740

