              280653995008985737898896934448267222521
                                     *232020503383172
              ---------------------------------------
              561307990017971475797793868896534445042
            1964577965062900165292278541137870557647
            280653995008985737898896934448267222521
           841961985026957213696690803344801667563
         2245231960071885903191175475586137780168
         841961985026957213696690803344801667563
        841961985026957213696690803344801667563
                                             0
     1403269975044928689494484672241336112605
                                           0
    561307990017971475797793868896534445042
                                         0
  561307990017971475797793868896534445042
 841961985026957213696690803344801667563
561307990017971475797793868896534445042
-----------------------------------------------------
65117481198483113002711313038041124614146796250816612

