              39527608356899748317030723704407350111956535510342155238509049784896
                                                                   *98154519613134
             ---------------------------------------------------------------------
             158110433427598993268122894817629400447826142041368620954036199139584
            118582825070699244951092171113222050335869606531026465715527149354688
            39527608356899748317030723704407350111956535510342155238509049784896
          118582825070699244951092171113222050335869606531026465715527149354688
          39527608356899748317030723704407350111956535510342155238509049784896
        237165650141398489902184342226444100671739213062052931431054298709376
       355748475212097734853276513339666151007608819593079397146581448064064
       39527608356899748317030723704407350111956535510342155238509049784896
     197638041784498741585153618522036750559782677551710776192545248924480
    158110433427598993268122894817629400447826142041368620954036199139584
   197638041784498741585153618522036750559782677551710776192545248924480
   39527608356899748317030723704407350111956535510342155238509049784896
 316220866855197986536245789635258800895652284082737241908072398279168
355748475212097734853276513339666151007608819593079397146581448064064
----------------------------------------------------------------------------------
3879813409727595749578580478042317378081786095468412216457313068791528075836424064

