                                                    164653019000497448529107590754451827228229
                                        *37901386677753751205814086378671362400168833219339921
                                        ------------------------------------------------------
                                                    164653019000497448529107590754451827228229
                                                   329306038000994897058215181508903654456458
                                                 1481877171004477036761968316790066445054061
                                                1481877171004477036761968316790066445054061
                                                493959057001492345587322772263355481684687
                                               493959057001492345587322772263355481684687
                                             1481877171004477036761968316790066445054061
                                             164653019000497448529107590754451827228229
                                            329306038000994897058215181508903654456458
                                           493959057001492345587322772263355481684687
                                          493959057001492345587322772263355481684687
                                        1317224152003979588232860726035614617825832
                                       1317224152003979588232860726035614617825832
                                       987918114002984691174645544526710963369374
                                      164653019000497448529107590754451827228229
                                                                              0
                                                                             0
                                   658612076001989794116430363017807308912916
                                  329306038000994897058215181508903654456458
                                 987918114002984691174645544526710963369374
                                493959057001492345587322772263355481684687
                               164653019000497448529107590754451827228229
                             1152571133003482139703753135281162790597603
                             987918114002984691174645544526710963369374
                           1317224152003979588232860726035614617825832
                          1152571133003482139703753135281162790597603
                          493959057001492345587322772263355481684687
                         987918114002984691174645544526710963369374
                       1317224152003979588232860726035614617825832
                                                                0
                      658612076001989794116430363017807308912916
                     164653019000497448529107590754451827228229
                   1317224152003979588232860726035614617825832
                   823265095002487242645537953772259136141145
                                                           0
                 329306038000994897058215181508903654456458
                164653019000497448529107590754451827228229
               823265095002487242645537953772259136141145
             1152571133003482139703753135281162790597603
             493959057001492345587322772263355481684687
            823265095002487242645537953772259136141145
          1152571133003482139703753135281162790597603
         1152571133003482139703753135281162790597603
        1152571133003482139703753135281162790597603
        987918114002984691174645544526710963369374
       987918114002984691174645544526710963369374
     1317224152003979588232860726035614617825832
     493959057001492345587322772263355481684687
    164653019000497448529107590754451827228229
                                            0
 1481877171004477036761968316790066445054061
1152571133003482139703753135281162790597603
493959057001492345587322772263355481684687
----------------------------------------------------------------------------------------------
6240577740797389263666166314324011181154640476432629701864906458322762691117817769302397829909

