                                                                                                     49
 *65398311401796159545685243532929558399540619335280848472736028974714778730663292286024307900808380757
 ------------------------------------------------------------------------------------------------------
                                                                                                    343
                                                                                                   245
                                                                                                  343
                                                                                                   0
                                                                                                392
                                                                                               147
                                                                                              392
                                                                                               0
                                                                                            392
                                                                                             0
                                                                                            0
                                                                                         441
                                                                                        343
                                                                                         0
                                                                                      147
                                                                                     196
                                                                                     98
                                                                                     0
                                                                                  294
                                                                                 392
                                                                                 98
                                                                                98
                                                                              441
                                                                              98
                                                                            147
                                                                           294
                                                                          294
                                                                           0
                                                                        147
                                                                       343
                                                                      392
                                                                     343
                                                                    343
                                                                   196
                                                                   49
                                                                 343
                                                                196
                                                               343
                                                              441
                                                             392
                                                             98
                                                             0
                                                          294
                                                         147
                                                        343
                                                        98
                                                      343
                                                     196
                                                    392
                                                   196
                                                  392
                                                   0
                                                392
                                                98
                                              245
                                             147
                                            147
                                           441
                                           49
                                         294
                                          0
                                       196
                                      245
                                     441
                                    441
                                   147
                                  392
                                 245
                                245
                               441
                               98
                             441
                             98
                           147
                          245
                         147
                        196
                        98
                      245
                     392
                    294
                   245
                  196
                 245
                441
               245
               49
             294
            441
           343
           49
           0
        196
        49
       49
     147
    392
   441
  147
 245
294
-------------------------------------------------------------------------------------------------------
3204517258688011817738576933113548361577490347428761575164065419761024157802501322015191087139610657093

