                                                                                 12165646057633303310847947615585802477172846276617602406178726317554362656284846607858575348079
                                                                                              *835272438156631301197944488296270897040965629769979673022852589569273260833709797
                                                                                 -----------------------------------------------------------------------------------------------
                                                                                 85159522403433123175935633309100617340209923936323216843251084222880538593993926255010027436553
                                                                               109490814518699729797631528540272222294555616489558421655608536857989263906563619470727178132711
                                                                               85159522403433123175935633309100617340209923936323216843251084222880538593993926255010027436553
                                                                             109490814518699729797631528540272222294555616489558421655608536857989263906563619470727178132711
                                                                                                                                                                           0
                                                                            85159522403433123175935633309100617340209923936323216843251084222880538593993926255010027436553
                                                                           36496938172899909932543842846757407431518538829852807218536178952663087968854539823575726044237
                                                                          36496938172899909932543842846757407431518538829852807218536178952663087968854539823575726044237
                                                                         97325168461066426486783580924686419817382770212940819249429810540434901250278772862868602784632
                                                                                                                                                                      0
                                                                       72993876345799819865087685693514814863037077659705614437072357905326175937709079647151452088474
                                                                      24331292115266606621695895231171604954345692553235204812357452635108725312569693215717150696158
                                                                     36496938172899909932543842846757407431518538829852807218536178952663087968854539823575726044237
                                                                    85159522403433123175935633309100617340209923936323216843251084222880538593993926255010027436553
                                                                   24331292115266606621695895231171604954345692553235204812357452635108725312569693215717150696158
                                                                 109490814518699729797631528540272222294555616489558421655608536857989263906563619470727178132711
                                                                 72993876345799819865087685693514814863037077659705614437072357905326175937709079647151452088474
                                                                60828230288166516554239738077929012385864231383088012030893631587771813281424233039292876740395
                                                              109490814518699729797631528540272222294555616489558421655608536857989263906563619470727178132711
                                                              97325168461066426486783580924686419817382770212940819249429810540434901250278772862868602784632
                                                             60828230288166516554239738077929012385864231383088012030893631587771813281424233039292876740395
                                                            24331292115266606621695895231171604954345692553235204812357452635108725312569693215717150696158
                                                           60828230288166516554239738077929012385864231383088012030893631587771813281424233039292876740395
                                                          97325168461066426486783580924686419817382770212940819249429810540434901250278772862868602784632
                                                         24331292115266606621695895231171604954345692553235204812357452635108725312569693215717150696158
                                                        24331292115266606621695895231171604954345692553235204812357452635108725312569693215717150696158
                                                                                                                                                     0
                                                      36496938172899909932543842846757407431518538829852807218536178952663087968854539823575726044237
                                                     85159522403433123175935633309100617340209923936323216843251084222880538593993926255010027436553
                                                    72993876345799819865087685693514814863037077659705614437072357905326175937709079647151452088474
                                                  109490814518699729797631528540272222294555616489558421655608536857989263906563619470727178132711
                                                  85159522403433123175935633309100617340209923936323216843251084222880538593993926255010027436553
                                                109490814518699729797631528540272222294555616489558421655608536857989263906563619470727178132711
                                               109490814518699729797631528540272222294555616489558421655608536857989263906563619470727178132711
                                               72993876345799819865087685693514814863037077659705614437072357905326175937709079647151452088474
                                              85159522403433123175935633309100617340209923936323216843251084222880538593993926255010027436553
                                            109490814518699729797631528540272222294555616489558421655608536857989263906563619470727178132711
                                            24331292115266606621695895231171604954345692553235204812357452635108725312569693215717150696158
                                           72993876345799819865087685693514814863037077659705614437072357905326175937709079647151452088474
                                          60828230288166516554239738077929012385864231383088012030893631587771813281424233039292876740395
                                         72993876345799819865087685693514814863037077659705614437072357905326175937709079647151452088474
                                       109490814518699729797631528540272222294555616489558421655608536857989263906563619470727178132711
                                                                                                                                     0
                                      48662584230533213243391790462343209908691385106470409624714905270217450625139386431434301392316
                                                                                                                                   0
                                    85159522403433123175935633309100617340209923936323216843251084222880538593993926255010027436553
                                  109490814518699729797631528540272222294555616489558421655608536857989263906563619470727178132711
                                  97325168461066426486783580924686419817382770212940819249429810540434901250278772862868602784632
                                                                                                                               0
                                85159522403433123175935633309100617340209923936323216843251084222880538593993926255010027436553
                               24331292115266606621695895231171604954345692553235204812357452635108725312569693215717150696158
                              72993876345799819865087685693514814863037077659705614437072357905326175937709079647151452088474
                            109490814518699729797631528540272222294555616489558421655608536857989263906563619470727178132711
                            24331292115266606621695895231171604954345692553235204812357452635108725312569693215717150696158
                           97325168461066426486783580924686419817382770212940819249429810540434901250278772862868602784632
                          97325168461066426486783580924686419817382770212940819249429810540434901250278772862868602784632
                         48662584230533213243391790462343209908691385106470409624714905270217450625139386431434301392316
                        48662584230533213243391790462343209908691385106470409624714905270217450625139386431434301392316
                       48662584230533213243391790462343209908691385106470409624714905270217450625139386431434301392316
                     109490814518699729797631528540272222294555616489558421655608536857989263906563619470727178132711
                     85159522403433123175935633309100617340209923936323216843251084222880538593993926255010027436553
                   109490814518699729797631528540272222294555616489558421655608536857989263906563619470727178132711
                   12165646057633303310847947615585802477172846276617602406178726317554362656284846607858575348079
                  12165646057633303310847947615585802477172846276617602406178726317554362656284846607858575348079
                                                                                                               0
                36496938172899909932543842846757407431518538829852807218536178952663087968854539823575726044237
               12165646057633303310847947615585802477172846276617602406178726317554362656284846607858575348079
              36496938172899909932543842846757407431518538829852807218536178952663087968854539823575726044237
             72993876345799819865087685693514814863037077659705614437072357905326175937709079647151452088474
            72993876345799819865087685693514814863037077659705614437072357905326175937709079647151452088474
           60828230288166516554239738077929012385864231383088012030893631587771813281424233039292876740395
          12165646057633303310847947615585802477172846276617602406178726317554362656284846607858575348079
         97325168461066426486783580924686419817382770212940819249429810540434901250278772862868602784632
        36496938172899909932543842846757407431518538829852807218536178952663087968854539823575726044237
       48662584230533213243391790462343209908691385106470409624714905270217450625139386431434301392316
      24331292115266606621695895231171604954345692553235204812357452635108725312569693215717150696158
     85159522403433123175935633309100617340209923936323216843251084222880538593993926255010027436553
    24331292115266606621695895231171604954345692553235204812357452635108725312569693215717150696158
   60828230288166516554239738077929012385864231383088012030893631587771813281424233039292876740395
  36496938172899909932543842846757407431518538829852807218536178952663087968854539823575726044237
 97325168461066426486783580924686419817382770212940819249429810540434901250278772862868602784632
--------------------------------------------------------------------------------------------------------------------------------------------------------------------------------
10161628844309978738366184914344131067696062433903775326839834814311681759957755855999241518551486126813692944586057259757341182080025840400505134413394373501478525696147429963

