                                                                                                     50
 *55821651133457028439659742069564157212335781583437392367573520936668801470529872612848596949942609499
 ------------------------------------------------------------------------------------------------------
                                                                                                    450
                                                                                                   450
                                                                                                  200
                                                                                                 450
                                                                                                  0
                                                                                               300
                                                                                              100
                                                                                             200
                                                                                            450
                                                                                           450
                                                                                          200
                                                                                         450
                                                                                        300
                                                                                       450
                                                                                      250
                                                                                     400
                                                                                    200
                                                                                   400
                                                                                  100
                                                                                  50
                                                                                300
                                                                               100
                                                                              350
                                                                             400
                                                                            450
                                                                           100
                                                                          250
                                                                           0
                                                                        350
                                                                       200
                                                                       50
                                                                       0
                                                                    400
                                                                   400
                                                                  300
                                                                 300
                                                                300
                                                               150
                                                              450
                                                               0
                                                            100
                                                           250
                                                          150
                                                         350
                                                        250
                                                       350
                                                      300
                                                     150
                                                    100
                                                   450
                                                  150
                                                 350
                                                150
                                               200
                                              150
                                             400
                                            250
                                            50
                                          400
                                         350
                                        250
                                       150
                                      150
                                     100
                                     50
                                   100
                                  350
                                 250
                                 50
                               200
                              300
                             250
                            450
                           300
                            0
                         100
                        200
                       350
                      450
                     250
                    300
                   450
                  150
                 200
                400
               100
                0
             350
            250
           200
          150
         150
         50
        50
      250
     300
     50
   100
  400
 250
250
-------------------------------------------------------------------------------------------------------
2791082556672851421982987103478207860616789079171869618378676046833440073526493630642429847497130474950

