                                                                                                     59
 *99305272894479554182353070067567497025215653509028263660777523273076597162423325151428595248666963523
 ------------------------------------------------------------------------------------------------------
                                                                                                    177
                                                                                                   118
                                                                                                  295
                                                                                                 177
                                                                                                354
                                                                                               531
                                                                                              354
                                                                                             354
                                                                                            354
                                                                                           472
                                                                                          236
                                                                                         118
                                                                                        295
                                                                                       531
                                                                                      295
                                                                                     472
                                                                                    118
                                                                                   236
                                                                                   59
                                                                                 295
                                                                                 59
                                                                               295
                                                                              118
                                                                             177
                                                                            177
                                                                           118
                                                                          236
                                                                         118
                                                                        354
                                                                        59
                                                                      413
                                                                     531
                                                                    295
                                                                   354
                                                                  413
                                                                   0
                                                                177
                                                               413
                                                              118
                                                             177
                                                            118
                                                           295
                                                          413
                                                         413
                                                        413
                                                         0
                                                      354
                                                     354
                                                    177
                                                   354
                                                  118
                                                 472
                                                118
                                                 0
                                              531
                                               0
                                            295
                                           177
                                          295
                                         354
                                        295
                                        59
                                      118
                                     295
                                    118
                                     0
                                  413
                                 531
                                236
                               413
                              354
                             295
                            413
                           354
                            0
                           0
                        413
                         0
                      177
                     295
                    177
                   118
                  472
                  59
                236
               295
              295
             531
            413
           236
          236
         531
        472
       118
      413
     118
    295
     0
  177
 531
531
-------------------------------------------------------------------------------------------------------
5859011100774293696758831133986482324487723557032667555985873873111519232582976183934287119671350847857

