                                                      38408666475248451
                *893148050746919759526263788634713038933907599575437054
                -------------------------------------------------------
                                                     153634665900993804
                                                    192043332376242255
                                                                    0
                                                  268860665326739157
                                                 115225999425745353
                                                153634665900993804
                                               192043332376242255
                                              268860665326739157
                                             192043332376242255
                                            345677998277236059
                                           345677998277236059
                                          192043332376242255
                                         268860665326739157
                                                         0
                                       345677998277236059
                                      115225999425745353
                                     115225999425745353
                                    345677998277236059
                                   307269331801987608
                                  115225999425745353
                                                  0
                                115225999425745353
                                38408666475248451
                              268860665326739157
                             153634665900993804
                            115225999425745353
                           230451998851490706
                          307269331801987608
                         307269331801987608
                        268860665326739157
                       115225999425745353
                      230451998851490706
                      76817332950496902
                    230451998851490706
                    76817332950496902
                  192043332376242255
                 345677998277236059
                192043332376242255
               268860665326739157
              345677998277236059
              38408666475248451
            345677998277236059
           230451998851490706
          153634665900993804
         268860665326739157
                         0
       192043332376242255
                       0
     307269331801987608
    153634665900993804
    38408666475248451
  115225999425745353
 345677998277236059
307269331801987608
-----------------------------------------------------------------------
34304625594156719203587592821714648484296229649796981686464681561503354

