                                             45390609215264738171557839664
                            *957587648569096560388533227283688436200067076
                            ----------------------------------------------
                                            272343655291588429029347037984
                                           317734264506853167200904877648
                                                                       0
                                         317734264506853167200904877648
                                        272343655291588429029347037984
                                                                    0
                                                                   0
                                                                  0
                                     90781218430529476343115679328
                                   272343655291588429029347037984
                                  136171827645794214514673518992
                                 181562436861058952686231358656
                                363124873722117905372462717312
                               363124873722117905372462717312
                              272343655291588429029347037984
                             136171827645794214514673518992
                            363124873722117905372462717312
                            90781218430529476343115679328
                          317734264506853167200904877648
                          90781218430529476343115679328
                         90781218430529476343115679328
                       136171827645794214514673518992
                      136171827645794214514673518992
                     226953046076323690857789198320
                    363124873722117905372462717312
                   363124873722117905372462717312
                  136171827645794214514673518992
                                              0
                272343655291588429029347037984
               226953046076323690857789198320
              272343655291588429029347037984
             408515482937382643544020556976
                                         0
           408515482937382643544020556976
          272343655291588429029347037984
         226953046076323690857789198320
        363124873722117905372462717312
       181562436861058952686231358656
      272343655291588429029347037984
     317734264506853167200904877648
    363124873722117905372462717312
   226953046076323690857789198320
  317734264506853167200904877648
 226953046076323690857789198320
408515482937382643544020556976
--------------------------------------------------------------------------
43465486745564125901385114049324663993366210263197929677708088850453302464

