                             833936180778291278654027263980973277886963782919785297913212309727415001480
                                                                          *78266018997130363360634795819
                            ----------------------------------------------------------------------------
                            7505425627004621507886245375828759500982674046278067681218910787546735013320
                            833936180778291278654027263980973277886963782919785297913212309727415001480
                          6671489446226330229232218111847786223095710263358282383305698477819320011840
                         4169680903891456393270136319904866389434818914598926489566061548637075007400
                        7505425627004621507886245375828759500982674046278067681218910787546735013320
                       5837553265448038950578190847866812945208746480438497085392486168091905010360
                      3335744723113165114616109055923893111547855131679141191652849238909660005920
                     2501808542334873835962081791942919833660891348759355893739636929182245004440
                    5003617084669747671924163583885839667321782697518711787479273858364490008880
                                                                                              0
                  5003617084669747671924163583885839667321782697518711787479273858364490008880
                 2501808542334873835962081791942919833660891348759355893739636929182245004440
                2501808542334873835962081791942919833660891348759355893739636929182245004440
               5003617084669747671924163583885839667321782697518711787479273858364490008880
              2501808542334873835962081791942919833660891348759355893739636929182245004440
                                                                                        0
            2501808542334873835962081791942919833660891348759355893739636929182245004440
            833936180778291278654027263980973277886963782919785297913212309727415001480
          5837553265448038950578190847866812945208746480438497085392486168091905010360
         7505425627004621507886245375828759500982674046278067681218910787546735013320
        7505425627004621507886245375828759500982674046278067681218910787546735013320
       6671489446226330229232218111847786223095710263358282383305698477819320011840
       833936180778291278654027263980973277886963782919785297913212309727415001480
                                                                                0
    5003617084669747671924163583885839667321782697518711787479273858364490008880
   5003617084669747671924163583885839667321782697518711787479273858364490008880
  1667872361556582557308054527961946555773927565839570595826424619454830002960
 6671489446226330229232218111847786223095710263358282383305698477819320011840
5837553265448038950578190847866812945208746480438497085392486168091905010360
--------------------------------------------------------------------------------------------------------
65268864967188086183416723100305711154968374559913589684929882676336581062118866218341633845417382812120

