                                                                                     3688288196977478195088229376143411239159847594404902824852476718941967
                                                                     *9415010414427251013580208250217069661702154870081439560395416122199269584072071125172
                                                                     --------------------------------------------------------------------------------------
                                                                                     7376576393954956390176458752286822478319695188809805649704953437883934
                                                                                   25818017378842347365617605633003878674118933160834319773967337032593769
                                                                                   3688288196977478195088229376143411239159847594404902824852476718941967
                                                                                 18441440984887390975441146880717056195799237972024514124262383594709835
                                                                                 7376576393954956390176458752286822478319695188809805649704953437883934
                                                                                3688288196977478195088229376143411239159847594404902824852476718941967
                                                                               3688288196977478195088229376143411239159847594404902824852476718941967
                                                                             25818017378842347365617605633003878674118933160834319773967337032593769
                                                                                                                                                  0
                                                                            7376576393954956390176458752286822478319695188809805649704953437883934
                                                                          25818017378842347365617605633003878674118933160834319773967337032593769
                                                                                                                                               0
                                                                        14753152787909912780352917504573644956639390377619611299409906875767868
                                                                       29506305575819825560705835009147289913278780755239222598819813751535736
                                                                      18441440984887390975441146880717056195799237972024514124262383594709835
                                                                     33194593772797303755794064385290701152438628349644125423672290470477703
                                                                    22129729181864869170529376256860467434959085566429416949114860313651802
                                                                    7376576393954956390176458752286822478319695188809805649704953437883934
                                                                  33194593772797303755794064385290701152438628349644125423672290470477703
                                                                 33194593772797303755794064385290701152438628349644125423672290470477703
                                                                 3688288196977478195088229376143411239159847594404902824852476718941967
                                                                7376576393954956390176458752286822478319695188809805649704953437883934
                                                               7376576393954956390176458752286822478319695188809805649704953437883934
                                                              3688288196977478195088229376143411239159847594404902824852476718941967
                                                            22129729181864869170529376256860467434959085566429416949114860313651802
                                                            3688288196977478195088229376143411239159847594404902824852476718941967
                                                          14753152787909912780352917504573644956639390377619611299409906875767868
                                                         18441440984887390975441146880717056195799237972024514124262383594709835
                                                        33194593772797303755794064385290701152438628349644125423672290470477703
                                                       11064864590932434585264688128430233717479542783214708474557430156825901
                                                                                                                            0
                                                     22129729181864869170529376256860467434959085566429416949114860313651802
                                                    18441440984887390975441146880717056195799237972024514124262383594709835
                                                   33194593772797303755794064385290701152438628349644125423672290470477703
                                                  11064864590932434585264688128430233717479542783214708474557430156825901
                                                 14753152787909912780352917504573644956639390377619611299409906875767868
                                                 3688288196977478195088229376143411239159847594404902824852476718941967
                                               29506305575819825560705835009147289913278780755239222598819813751535736
                                                                                                                    0
                                                                                                                   0
                                            25818017378842347365617605633003878674118933160834319773967337032593769
                                           29506305575819825560705835009147289913278780755239222598819813751535736
                                          14753152787909912780352917504573644956639390377619611299409906875767868
                                         18441440984887390975441146880717056195799237972024514124262383594709835
                                         3688288196977478195088229376143411239159847594404902824852476718941967
                                        7376576393954956390176458752286822478319695188809805649704953437883934
                                                                                                            0
                                     25818017378842347365617605633003878674118933160834319773967337032593769
                                     3688288196977478195088229376143411239159847594404902824852476718941967
                                   22129729181864869170529376256860467434959085566429416949114860313651802
                                  22129729181864869170529376256860467434959085566429416949114860313651802
                                 33194593772797303755794064385290701152438628349644125423672290470477703
                                22129729181864869170529376256860467434959085566429416949114860313651802
                                                                                                     0
                              25818017378842347365617605633003878674118933160834319773967337032593769
                              3688288196977478195088229376143411239159847594404902824852476718941967
                             7376576393954956390176458752286822478319695188809805649704953437883934
                                                                                                 0
                          18441440984887390975441146880717056195799237972024514124262383594709835
                          7376576393954956390176458752286822478319695188809805649704953437883934
                        29506305575819825560705835009147289913278780755239222598819813751535736
                                                                                             0
                       7376576393954956390176458752286822478319695188809805649704953437883934
                                                                                           0
                    29506305575819825560705835009147289913278780755239222598819813751535736
                   18441440984887390975441146880717056195799237972024514124262383594709835
                  11064864590932434585264688128430233717479542783214708474557430156825901
                  3688288196977478195088229376143411239159847594404902824852476718941967
                                                                                      0
                3688288196977478195088229376143411239159847594404902824852476718941967
              18441440984887390975441146880717056195799237972024514124262383594709835
              7376576393954956390176458752286822478319695188809805649704953437883934
            25818017378842347365617605633003878674118933160834319773967337032593769
            7376576393954956390176458752286822478319695188809805649704953437883934
          14753152787909912780352917504573644956639390377619611299409906875767868
         14753152787909912780352917504573644956639390377619611299409906875767868
         3688288196977478195088229376143411239159847594404902824852476718941967
       14753152787909912780352917504573644956639390377619611299409906875767868
                                                                            0
      3688288196977478195088229376143411239159847594404902824852476718941967
                                                                          0
   18441440984887390975441146880717056195799237972024514124262383594709835
   3688288196977478195088229376143411239159847594404902824852476718941967
 14753152787909912780352917504573644956639390377619611299409906875767868
33194593772797303755794064385290701152438628349644125423672290470477703
-----------------------------------------------------------------------------------------------------------------------------------------------------------
34725271785952065400748149563312370983671492295326720746525610701356256907680053397619904371304775333839455319801205741875413269685663926276810367060893324

