                                                                                                    794739187040407127644155490584563937955
                                      *7507904131776932322917570518464124815338506199331632380431378780272815766385329482720764901770707089
                                      -----------------------------------------------------------------------------------------------------
                                                                                                   7152652683363664148797399415261075441595
                                                                                                  6357913496323257021153243924676511503640
                                                                                                                                        0
                                                                                                5563174309282849893509088434091947565685
                                                                                                                                      0
                                                                                              5563174309282849893509088434091947565685
                                                                                                                                    0
                                                                                            5563174309282849893509088434091947565685
                                                                                           5563174309282849893509088434091947565685
                                                                                           794739187040407127644155490584563937955
                                                                                                                                0
                                                                                        7152652683363664148797399415261075441595
                                                                                       3178956748161628510576621962338255751820
                                                                                      4768435122242442765864932943507383627730
                                                                                     5563174309282849893509088434091947565685
                                                                                                                           0
                                                                                   1589478374080814255288310981169127875910
                                                                                  5563174309282849893509088434091947565685
                                                                                 1589478374080814255288310981169127875910
                                                                                6357913496323257021153243924676511503640
                                                                               3178956748161628510576621962338255751820
                                                                              7152652683363664148797399415261075441595
                                                                             1589478374080814255288310981169127875910
                                                                            2384217561121221382932466471753691813865
                                                                           3973695935202035638220777452922819689775
                                                                          6357913496323257021153243924676511503640
                                                                         2384217561121221382932466471753691813865
                                                                        4768435122242442765864932943507383627730
                                                                       4768435122242442765864932943507383627730
                                                                      5563174309282849893509088434091947565685
                                                                     3973695935202035638220777452922819689775
                                                                     794739187040407127644155490584563937955
                                                                   6357913496323257021153243924676511503640
                                                                  1589478374080814255288310981169127875910
                                                                 5563174309282849893509088434091947565685
                                                                1589478374080814255288310981169127875910
                                                                                                      0
                                                              6357913496323257021153243924676511503640
                                                             5563174309282849893509088434091947565685
                                                            6357913496323257021153243924676511503640
                                                           5563174309282849893509088434091947565685
                                                          2384217561121221382932466471753691813865
                                                          794739187040407127644155490584563937955
                                                        2384217561121221382932466471753691813865
                                                       3178956748161628510576621962338255751820
                                                                                             0
                                                     6357913496323257021153243924676511503640
                                                    2384217561121221382932466471753691813865
                                                   1589478374080814255288310981169127875910
                                                  2384217561121221382932466471753691813865
                                                 4768435122242442765864932943507383627730
                                                 794739187040407127644155490584563937955
                                               2384217561121221382932466471753691813865
                                              2384217561121221382932466471753691813865
                                             7152652683363664148797399415261075441595
                                            7152652683363664148797399415261075441595
                                            794739187040407127644155490584563937955
                                          4768435122242442765864932943507383627730
                                                                                0
                                        3973695935202035638220777452922819689775
                                       6357913496323257021153243924676511503640
                                      2384217561121221382932466471753691813865
                                     2384217561121221382932466471753691813865
                                    3973695935202035638220777452922819689775
                                    794739187040407127644155490584563937955
                                  6357913496323257021153243924676511503640
                                 3178956748161628510576621962338255751820
                                1589478374080814255288310981169127875910
                                794739187040407127644155490584563937955
                              3178956748161628510576621962338255751820
                             4768435122242442765864932943507383627730
                            3178956748161628510576621962338255751820
                           6357913496323257021153243924676511503640
                           794739187040407127644155490584563937955
                         3973695935202035638220777452922819689775
                                                               0
                       5563174309282849893509088434091947565685
                      3973695935202035638220777452922819689775
                     5563174309282849893509088434091947565685
                     794739187040407127644155490584563937955
                   7152652683363664148797399415261075441595
                  1589478374080814255288310981169127875910
                 1589478374080814255288310981169127875910
                2384217561121221382932466471753691813865
               1589478374080814255288310981169127875910
              2384217561121221382932466471753691813865
             7152652683363664148797399415261075441595
            4768435122242442765864932943507383627730
           5563174309282849893509088434091947565685
          5563174309282849893509088434091947565685
          794739187040407127644155490584563937955
        2384217561121221382932466471753691813865
        794739187040407127644155490584563937955
      3178956748161628510576621962338255751820
                                            0
    7152652683363664148797399415261075441595
   5563174309282849893509088434091947565685
                                         0
 3973695935202035638220777452922819689775
5563174309282849893509088434091947565685
-------------------------------------------------------------------------------------------------------------------------------------------
5966825626065712900262324371168526743105629960253549114373924082981891976282567866030161020518698160637848496059348454190101898410674662995

