                                                                                                     88
 *49303364507441603679176229896670500947498232302770697220100778828923663487717085054876997974767659916
 ------------------------------------------------------------------------------------------------------
                                                                                                    528
                                                                                                    88
                                                                                                  792
                                                                                                 792
                                                                                                440
                                                                                               528
                                                                                              616
                                                                                             528
                                                                                            616
                                                                                           352
                                                                                          616
                                                                                         792
                                                                                        616
                                                                                       792
                                                                                      792
                                                                                     528
                                                                                    616
                                                                                   704
                                                                                  352
                                                                                 440
                                                                                  0
                                                                               440
                                                                              704
                                                                               0
                                                                            616
                                                                            88
                                                                          616
                                                                         616
                                                                        704
                                                                       352
                                                                      264
                                                                     528
                                                                    528
                                                                   264
                                                                  176
                                                                 792
                                                                704
                                                               176
                                                              704
                                                             704
                                                            616
                                                           616
                                                            0
                                                           0
                                                         88
                                                         0
                                                      176
                                                     176
                                                    616
                                                   792
                                                  528
                                                   0
                                                616
                                               616
                                              176
                                               0
                                            264
                                           176
                                          264
                                         176
                                        704
                                       792
                                      352
                                     616
                                    352
                                   792
                                    0
                                   0
                                440
                                 0
                              616
                             528
                            528
                           792
                          704
                         792
                        176
                       176
                      528
                     616
                     88
                   792
                  616
                 528
                264
                 0
              528
              88
            352
           352
          616
           0
        440
       352
      528
     264
    264
     0
  264
 792
352
-------------------------------------------------------------------------------------------------------
4338696076654861123767508230907004083379844442643821355368868536945282386919103484829175821779554072608

