                                                                                     74370225293308914309378572720108645668
                                     *3975274299698977540371479115883071608128088975630767814726204612772694493291864831512
                                     --------------------------------------------------------------------------------------
                                                                                    148740450586617828618757145440217291336
                                                                                    74370225293308914309378572720108645668
                                                                                  371851126466544571546892863600543228340
                                                                                  74370225293308914309378572720108645668
                                                                                223110675879926742928135718160325937004
                                                                               594961802346471314475028581760869165344
                                                                              297480901173235657237514290880434582672
                                                                             446221351759853485856271436320651874008
                                                                            594961802346471314475028581760869165344
                                                                            74370225293308914309378572720108645668
                                                                          669332027639780228784407154480977811012
                                                                         148740450586617828618757145440217291336
                                                                        223110675879926742928135718160325937004
                                                                       669332027639780228784407154480977811012
                                                                      297480901173235657237514290880434582672
                                                                     297480901173235657237514290880434582672
                                                                    669332027639780228784407154480977811012
                                                                   446221351759853485856271436320651874008
                                                                  148740450586617828618757145440217291336
                                                                 520591577053162400165650009040760519676
                                                                520591577053162400165650009040760519676
                                                               148740450586617828618757145440217291336
                                                               74370225293308914309378572720108645668
                                                             446221351759853485856271436320651874008
                                                            297480901173235657237514290880434582672
                                                                                                 0
                                                          148740450586617828618757145440217291336
                                                         446221351759853485856271436320651874008
                                                        148740450586617828618757145440217291336
                                                       520591577053162400165650009040760519676
                                                      297480901173235657237514290880434582672
                                                      74370225293308914309378572720108645668
                                                    594961802346471314475028581760869165344
                                                   520591577053162400165650009040760519676
                                                  446221351759853485856271436320651874008
                                                 520591577053162400165650009040760519676
                                                                                      0
                                               223110675879926742928135718160325937004
                                              446221351759853485856271436320651874008
                                             371851126466544571546892863600543228340
                                            520591577053162400165650009040760519676
                                           669332027639780228784407154480977811012
                                          594961802346471314475028581760869165344
                                         594961802346471314475028581760869165344
                                                                              0
                                       594961802346471314475028581760869165344
                                      148740450586617828618757145440217291336
                                      74370225293308914309378572720108645668
                                    594961802346471314475028581760869165344
                                                                         0
                                  446221351759853485856271436320651874008
                                  74370225293308914309378572720108645668
                                520591577053162400165650009040760519676
                                                                     0
                              223110675879926742928135718160325937004
                             594961802346471314475028581760869165344
                            594961802346471314475028581760869165344
                           371851126466544571546892863600543228340
                           74370225293308914309378572720108645668
                          74370225293308914309378572720108645668
                        669332027639780228784407154480977811012
                       520591577053162400165650009040760519676
                      297480901173235657237514290880434582672
                      74370225293308914309378572720108645668
                    520591577053162400165650009040760519676
                   223110675879926742928135718160325937004
                                                        0
                 297480901173235657237514290880434582672
                371851126466544571546892863600543228340
               520591577053162400165650009040760519676
              520591577053162400165650009040760519676
             669332027639780228784407154480977811012
            594961802346471314475028581760869165344
           669332027639780228784407154480977811012
          446221351759853485856271436320651874008
         669332027639780228784407154480977811012
        669332027639780228784407154480977811012
       148740450586617828618757145440217291336
      297480901173235657237514290880434582672
     520591577053162400165650009040760519676
    148740450586617828618757145440217291336
   371851126466544571546892863600543228340
  520591577053162400165650009040760519676
 669332027639780228784407154480977811012
223110675879926742928135718160325937004
---------------------------------------------------------------------------------------------------------------------------
295642045271313780874055803719573898656180105382945902490495607118010164330553950043232021826077824653729455726225328690016

