                                                           56353559512331072704372719744139865211262405513793
                                                 *22049237679977539741465520658580894827585483146120267719874
                                                 ------------------------------------------------------------
                                                          225414238049324290817490878976559460845049622055172
                                                         394474916586317508930609038208979056478836838596551
                                                        450828476098648581634981757953118921690099244110344
                                                       507182035610979654339354477697258786901361649624137
                                                       56353559512331072704372719744139865211262405513793
                                                     394474916586317508930609038208979056478836838596551
                                                    394474916586317508930609038208979056478836838596551
                                                   338121357073986436226236318464839191267574433082758
                                                  112707119024662145408745439488279730422524811027586
                                                                                                   0
                                                112707119024662145408745439488279730422524811027586
                                                56353559512331072704372719744139865211262405513793
                                              338121357073986436226236318464839191267574433082758
                                             225414238049324290817490878976559460845049622055172
                                             56353559512331072704372719744139865211262405513793
                                           169060678536993218113118159232419595633787216541379
                                          450828476098648581634981757953118921690099244110344
                                         225414238049324290817490878976559460845049622055172
                                        281767797561655363521863598720699326056312027568965
                                       450828476098648581634981757953118921690099244110344
                                      281767797561655363521863598720699326056312027568965
                                     394474916586317508930609038208979056478836838596551
                                    112707119024662145408745439488279730422524811027586
                                   450828476098648581634981757953118921690099244110344
                                  225414238049324290817490878976559460845049622055172
                                 507182035610979654339354477697258786901361649624137
                                450828476098648581634981757953118921690099244110344
                                                                                 0
                              450828476098648581634981757953118921690099244110344
                             281767797561655363521863598720699326056312027568965
                            450828476098648581634981757953118921690099244110344
                           281767797561655363521863598720699326056312027568965
                          338121357073986436226236318464839191267574433082758
                                                                           0
                        112707119024662145408745439488279730422524811027586
                       281767797561655363521863598720699326056312027568965
                      281767797561655363521863598720699326056312027568965
                     338121357073986436226236318464839191267574433082758
                    225414238049324290817490878976559460845049622055172
                    56353559512331072704372719744139865211262405513793
                  225414238049324290817490878976559460845049622055172
                 394474916586317508930609038208979056478836838596551
                507182035610979654339354477697258786901361649624137
               169060678536993218113118159232419595633787216541379
              281767797561655363521863598720699326056312027568965
             394474916586317508930609038208979056478836838596551
            394474916586317508930609038208979056478836838596551
           507182035610979654339354477697258786901361649624137
          507182035610979654339354477697258786901361649624137
         394474916586317508930609038208979056478836838596551
        338121357073986436226236318464839191267574433082758
       394474916586317508930609038208979056478836838596551
      169060678536993218113118159232419595633787216541379
     112707119024662145408745439488279730422524811027586
    507182035610979654339354477697258786901361649624137
   225414238049324290817490878976559460845049622055172
                                                    0
 112707119024662145408745439488279730422524811027586
112707119024662145408745439488279730422524811027586
-------------------------------------------------------------------------------------------------------------
1242553027800146997392089349497438644804229647053522263201749665851887088159314220922858496849018249567222082

