                                                                                    40416541870218038860257596954948980534621643546333359008703198996059422696941674019920891210010715
                                                                                                 *757816511779170172261382493464030822573650568586802030379626129211469724881640220424
                                                                                   ---------------------------------------------------------------------------------------------------
                                                                                   161666167480872155441030387819795922138486574185333436034812795984237690787766696079683564840042860
                                                                                   80833083740436077720515193909897961069243287092666718017406397992118845393883348039841782420021430
                                                                                 161666167480872155441030387819795922138486574185333436034812795984237690787766696079683564840042860
                                                                                                                                                                                  0
                                                                                80833083740436077720515193909897961069243287092666718017406397992118845393883348039841782420021430
                                                                               80833083740436077720515193909897961069243287092666718017406397992118845393883348039841782420021430
                                                                                                                                                                               0
                                                                            161666167480872155441030387819795922138486574185333436034812795984237690787766696079683564840042860
                                                                           242499251221308233161545581729693883207729861278000154052219193976356536181650044119525347260064290
                                                                           40416541870218038860257596954948980534621643546333359008703198996059422696941674019920891210010715
                                                                         323332334961744310882060775639591844276973148370666872069625591968475381575533392159367129680085720
                                                                        323332334961744310882060775639591844276973148370666872069625591968475381575533392159367129680085720
                                                                       161666167480872155441030387819795922138486574185333436034812795984237690787766696079683564840042860
                                                                       80833083740436077720515193909897961069243287092666718017406397992118845393883348039841782420021430
                                                                     282915793091526272021803178684642863742351504824333513060922392972415958878591718139446238470075005
                                                                    363748876831962349742318372594540824811594791917000231078328790964534804272475066179288020890096435
                                                                   242499251221308233161545581729693883207729861278000154052219193976356536181650044119525347260064290
                                                                  161666167480872155441030387819795922138486574185333436034812795984237690787766696079683564840042860
                                                                  40416541870218038860257596954948980534621643546333359008703198996059422696941674019920891210010715
                                                                 40416541870218038860257596954948980534621643546333359008703198996059422696941674019920891210010715
                                                                80833083740436077720515193909897961069243287092666718017406397992118845393883348039841782420021430
                                                              363748876831962349742318372594540824811594791917000231078328790964534804272475066179288020890096435
                                                              80833083740436077720515193909897961069243287092666718017406397992118845393883348039841782420021430
                                                             40416541870218038860257596954948980534621643546333359008703198996059422696941674019920891210010715
                                                           242499251221308233161545581729693883207729861278000154052219193976356536181650044119525347260064290
                                                           80833083740436077720515193909897961069243287092666718017406397992118845393883348039841782420021430
                                                         242499251221308233161545581729693883207729861278000154052219193976356536181650044119525347260064290
                                                        363748876831962349742318372594540824811594791917000231078328790964534804272475066179288020890096435
                                                       282915793091526272021803178684642863742351504824333513060922392972415958878591718139446238470075005
                                                      121249625610654116580772790864846941603864930639000077026109596988178268090825022059762673630032145
                                                                                                                                                       0
                                                    121249625610654116580772790864846941603864930639000077026109596988178268090825022059762673630032145
                                                                                                                                                     0
                                                   80833083740436077720515193909897961069243287092666718017406397992118845393883348039841782420021430
                                                                                                                                                   0
                                                323332334961744310882060775639591844276973148370666872069625591968475381575533392159367129680085720
                                               242499251221308233161545581729693883207729861278000154052219193976356536181650044119525347260064290
                                              323332334961744310882060775639591844276973148370666872069625591968475381575533392159367129680085720
                                             202082709351090194301287984774744902673108217731666795043515994980297113484708370099604456050053575
                                            323332334961744310882060775639591844276973148370666872069625591968475381575533392159367129680085720
                                           242499251221308233161545581729693883207729861278000154052219193976356536181650044119525347260064290
                                          202082709351090194301287984774744902673108217731666795043515994980297113484708370099604456050053575
                                                                                                                                           0
                                        202082709351090194301287984774744902673108217731666795043515994980297113484708370099604456050053575
                                       242499251221308233161545581729693883207729861278000154052219193976356536181650044119525347260064290
                                      121249625610654116580772790864846941603864930639000077026109596988178268090825022059762673630032145
                                     282915793091526272021803178684642863742351504824333513060922392972415958878591718139446238470075005
                                    202082709351090194301287984774744902673108217731666795043515994980297113484708370099604456050053575
                                    80833083740436077720515193909897961069243287092666718017406397992118845393883348039841782420021430
                                   80833083740436077720515193909897961069243287092666718017406397992118845393883348039841782420021430
                                 323332334961744310882060775639591844276973148370666872069625591968475381575533392159367129680085720
                                                                                                                                  0
                               121249625610654116580772790864846941603864930639000077026109596988178268090825022059762673630032145
                                                                                                                                0
                             161666167480872155441030387819795922138486574185333436034812795984237690787766696079683564840042860
                            242499251221308233161545581729693883207729861278000154052219193976356536181650044119525347260064290
                           161666167480872155441030387819795922138486574185333436034812795984237690787766696079683564840042860
                          121249625610654116580772790864846941603864930639000077026109596988178268090825022059762673630032145
                         363748876831962349742318372594540824811594791917000231078328790964534804272475066179288020890096435
                        161666167480872155441030387819795922138486574185333436034812795984237690787766696079683564840042860
                        80833083740436077720515193909897961069243287092666718017406397992118845393883348039841782420021430
                      323332334961744310882060775639591844276973148370666872069625591968475381575533392159367129680085720
                     121249625610654116580772790864846941603864930639000077026109596988178268090825022059762673630032145
                     40416541870218038860257596954948980534621643546333359008703198996059422696941674019920891210010715
                   242499251221308233161545581729693883207729861278000154052219193976356536181650044119525347260064290
                   80833083740436077720515193909897961069243287092666718017406397992118845393883348039841782420021430
                  80833083740436077720515193909897961069243287092666718017406397992118845393883348039841782420021430
                282915793091526272021803178684642863742351504824333513060922392972415958878591718139446238470075005
                40416541870218038860257596954948980534621643546333359008703198996059422696941674019920891210010715
                                                                                                                0
             282915793091526272021803178684642863742351504824333513060922392972415958878591718139446238470075005
             40416541870218038860257596954948980534621643546333359008703198996059422696941674019920891210010715
           363748876831962349742318372594540824811594791917000231078328790964534804272475066179288020890096435
          282915793091526272021803178684642863742351504824333513060922392972415958878591718139446238470075005
         282915793091526272021803178684642863742351504824333513060922392972415958878591718139446238470075005
         40416541870218038860257596954948980534621643546333359008703198996059422696941674019920891210010715
        40416541870218038860257596954948980534621643546333359008703198996059422696941674019920891210010715
      202082709351090194301287984774744902673108217731666795043515994980297113484708370099604456050053575
     242499251221308233161545581729693883207729861278000154052219193976356536181650044119525347260064290
     40416541870218038860257596954948980534621643546333359008703198996059422696941674019920891210010715
   323332334961744310882060775639591844276973148370666872069625591968475381575533392159367129680085720
  282915793091526272021803178684642863742351504824333513060922392972415958878591718139446238470075005
 202082709351090194301287984774744902673108217731666795043515994980297113484708370099604456050053575
282915793091526272021803178684642863742351504824333513060922392972415958878591718139446238470075005
--------------------------------------------------------------------------------------------------------------------------------------------------------------------------------------
30628322778265412909569996193124251015932837461743729096902640824965697395381306664045707836823900500404547472830297736142857049880308896843357083062431183581835631529030848001843160

