                                                                                                     83803468826199453667747228721599879126908628574930605437200350337349040812769163234777507532575310315
                                                                                                    *40677379901349015080416279373437404132132367278887828545583827667181304531269147830785333725482291321
                                                                                                    ------------------------------------------------------------------------------------------------------
                                                                                                     83803468826199453667747228721599879126908628574930605437200350337349040812769163234777507532575310315
                                                                                                   167606937652398907335494457443199758253817257149861210874400700674698081625538326469555015065150620630
                                                                                                  251410406478598361003241686164799637380725885724791816311601051012047122438307489704332522597725930945
                                                                                                  83803468826199453667747228721599879126908628574930605437200350337349040812769163234777507532575310315
                                                                                                754231219435795083009725058494398912142177657174375448934803153036141367314922469112997567793177792835
                                                                                               167606937652398907335494457443199758253817257149861210874400700674698081625538326469555015065150620630
                                                                                              167606937652398907335494457443199758253817257149861210874400700674698081625538326469555015065150620630
                                                                                             670427750609595629341977829772799033015269028599444843497602802698792326502153305878220060260602482520
                                                                                            335213875304797814670988914886399516507634514299722421748801401349396163251076652939110030130301241260
                                                                                           419017344130997268338736143607999395634543142874653027186001751686745204063845816173887537662876551575
                                                                                          167606937652398907335494457443199758253817257149861210874400700674698081625538326469555015065150620630
                                                                                         586624281783396175674230601051199153888360400024514238060402452361443285689384142643442552728027172205
                                                                                        251410406478598361003241686164799637380725885724791816311601051012047122438307489704332522597725930945
                                                                                       251410406478598361003241686164799637380725885724791816311601051012047122438307489704332522597725930945
                                                                                      251410406478598361003241686164799637380725885724791816311601051012047122438307489704332522597725930945
                                                                                     419017344130997268338736143607999395634543142874653027186001751686745204063845816173887537662876551575
                                                                                    670427750609595629341977829772799033015269028599444843497602802698792326502153305878220060260602482520
                                                                                   586624281783396175674230601051199153888360400024514238060402452361443285689384142643442552728027172205
                                                                                                                                                                                       0
                                                                                 251410406478598361003241686164799637380725885724791816311601051012047122438307489704332522597725930945
                                                                                670427750609595629341977829772799033015269028599444843497602802698792326502153305878220060260602482520
                                                                               586624281783396175674230601051199153888360400024514238060402452361443285689384142643442552728027172205
                                                                              335213875304797814670988914886399516507634514299722421748801401349396163251076652939110030130301241260
                                                                              83803468826199453667747228721599879126908628574930605437200350337349040812769163234777507532575310315
                                                                            754231219435795083009725058494398912142177657174375448934803153036141367314922469112997567793177792835
                                                                           502820812957196722006483372329599274761451771449583632623202102024094244876614979408665045195451861890
                                                                          167606937652398907335494457443199758253817257149861210874400700674698081625538326469555015065150620630
                                                                          83803468826199453667747228721599879126908628574930605437200350337349040812769163234777507532575310315
                                                                        251410406478598361003241686164799637380725885724791816311601051012047122438307489704332522597725930945
                                                                       419017344130997268338736143607999395634543142874653027186001751686745204063845816173887537662876551575
                                                                      335213875304797814670988914886399516507634514299722421748801401349396163251076652939110030130301241260
                                                                                                                                                                          0
                                                                    251410406478598361003241686164799637380725885724791816311601051012047122438307489704332522597725930945
                                                                    83803468826199453667747228721599879126908628574930605437200350337349040812769163234777507532575310315
                                                                  670427750609595629341977829772799033015269028599444843497602802698792326502153305878220060260602482520
                                                                  83803468826199453667747228721599879126908628574930605437200350337349040812769163234777507532575310315
                                                                586624281783396175674230601051199153888360400024514238060402452361443285689384142643442552728027172205
                                                               502820812957196722006483372329599274761451771449583632623202102024094244876614979408665045195451861890
                                                              502820812957196722006483372329599274761451771449583632623202102024094244876614979408665045195451861890
                                                             586624281783396175674230601051199153888360400024514238060402452361443285689384142643442552728027172205
                                                            167606937652398907335494457443199758253817257149861210874400700674698081625538326469555015065150620630
                                                           670427750609595629341977829772799033015269028599444843497602802698792326502153305878220060260602482520
                                                          251410406478598361003241686164799637380725885724791816311601051012047122438307489704332522597725930945
                                                         670427750609595629341977829772799033015269028599444843497602802698792326502153305878220060260602482520
                                                        419017344130997268338736143607999395634543142874653027186001751686745204063845816173887537662876551575
                                                       419017344130997268338736143607999395634543142874653027186001751686745204063845816173887537662876551575
                                                      335213875304797814670988914886399516507634514299722421748801401349396163251076652939110030130301241260
                                                     419017344130997268338736143607999395634543142874653027186001751686745204063845816173887537662876551575
                                                    670427750609595629341977829772799033015269028599444843497602802698792326502153305878220060260602482520
                                                   167606937652398907335494457443199758253817257149861210874400700674698081625538326469555015065150620630
                                                  670427750609595629341977829772799033015269028599444843497602802698792326502153305878220060260602482520
                                                 586624281783396175674230601051199153888360400024514238060402452361443285689384142643442552728027172205
                                                670427750609595629341977829772799033015269028599444843497602802698792326502153305878220060260602482520
                                               670427750609595629341977829772799033015269028599444843497602802698792326502153305878220060260602482520
                                              670427750609595629341977829772799033015269028599444843497602802698792326502153305878220060260602482520
                                             586624281783396175674230601051199153888360400024514238060402452361443285689384142643442552728027172205
                                            167606937652398907335494457443199758253817257149861210874400700674698081625538326469555015065150620630
                                           586624281783396175674230601051199153888360400024514238060402452361443285689384142643442552728027172205
                                          502820812957196722006483372329599274761451771449583632623202102024094244876614979408665045195451861890
                                         251410406478598361003241686164799637380725885724791816311601051012047122438307489704332522597725930945
                                        167606937652398907335494457443199758253817257149861210874400700674698081625538326469555015065150620630
                                       251410406478598361003241686164799637380725885724791816311601051012047122438307489704332522597725930945
                                       83803468826199453667747228721599879126908628574930605437200350337349040812769163234777507532575310315
                                     167606937652398907335494457443199758253817257149861210874400700674698081625538326469555015065150620630
                                    251410406478598361003241686164799637380725885724791816311601051012047122438307489704332522597725930945
                                    83803468826199453667747228721599879126908628574930605437200350337349040812769163234777507532575310315
                                  335213875304797814670988914886399516507634514299722421748801401349396163251076652939110030130301241260
                                                                                                                                      0
                                335213875304797814670988914886399516507634514299722421748801401349396163251076652939110030130301241260
                               586624281783396175674230601051199153888360400024514238060402452361443285689384142643442552728027172205
                              251410406478598361003241686164799637380725885724791816311601051012047122438307489704332522597725930945
                             335213875304797814670988914886399516507634514299722421748801401349396163251076652939110030130301241260
                            251410406478598361003241686164799637380725885724791816311601051012047122438307489704332522597725930945
                           586624281783396175674230601051199153888360400024514238060402452361443285689384142643442552728027172205
                          251410406478598361003241686164799637380725885724791816311601051012047122438307489704332522597725930945
                         754231219435795083009725058494398912142177657174375448934803153036141367314922469112997567793177792835
                        586624281783396175674230601051199153888360400024514238060402452361443285689384142643442552728027172205
                       167606937652398907335494457443199758253817257149861210874400700674698081625538326469555015065150620630
                      502820812957196722006483372329599274761451771449583632623202102024094244876614979408665045195451861890
                      83803468826199453667747228721599879126908628574930605437200350337349040812769163234777507532575310315
                    335213875304797814670988914886399516507634514299722421748801401349396163251076652939110030130301241260
                                                                                                                        0
                  670427750609595629341977829772799033015269028599444843497602802698792326502153305878220060260602482520
                                                                                                                      0
                419017344130997268338736143607999395634543142874653027186001751686745204063845816173887537662876551575
                83803468826199453667747228721599879126908628574930605437200350337349040812769163234777507532575310315
                                                                                                                   0
             754231219435795083009725058494398912142177657174375448934803153036141367314922469112997567793177792835
            335213875304797814670988914886399516507634514299722421748801401349396163251076652939110030130301241260
           251410406478598361003241686164799637380725885724791816311601051012047122438307489704332522597725930945
           83803468826199453667747228721599879126908628574930605437200350337349040812769163234777507532575310315
                                                                                                              0
        754231219435795083009725058494398912142177657174375448934803153036141367314922469112997567793177792835
       754231219435795083009725058494398912142177657174375448934803153036141367314922469112997567793177792835
      586624281783396175674230601051199153888360400024514238060402452361443285689384142643442552728027172205
     251410406478598361003241686164799637380725885724791816311601051012047122438307489704332522597725930945
    586624281783396175674230601051199153888360400024514238060402452361443285689384142643442552728027172205
   586624281783396175674230601051199153888360400024514238060402452361443285689384142643442552728027172205
  502820812957196722006483372329599274761451771449583632623202102024094244876614979408665045195451861890
                                                                                                      0
335213875304797814670988914886399516507634514299722421748801401349396163251076652939110030130301241260
----------------------------------------------------------------------------------------------------------------------------------------------------------------------------------------------------------
3408905538494174393253141017461113278310347990513840198059837835480079475557635372804811573469251701432022313971104031573397660789587742331276744036962815418638064709016059289197270991683070318806276115

