                                                                     363289130775109704516723860330356785798775386266628291678711757425905772301028690529687469634
                                                                                            *477977455685898657610679425388826613358927517372144101044583465127563
                                                                    ----------------------------------------------------------------------------------------------
                                                                    1089867392325329113550171580991070357396326158799884875036135272277717316903086071589062408902
                                                                   2179734784650658227100343161982140714792652317599769750072270544555434633806172143178124817804
                                                                  1816445653875548522583619301651783928993876931333141458393558787129528861505143452648437348170
                                                                 2543023915425767931617067022312497500591427703866398041750982301981340406107200833707812287438
                                                                 726578261550219409033447720660713571597550772533256583357423514851811544602057381059374939268
                                                                363289130775109704516723860330356785798775386266628291678711757425905772301028690529687469634
                                                              1816445653875548522583619301651783928993876931333141458393558787129528861505143452648437348170
                                                             2179734784650658227100343161982140714792652317599769750072270544555434633806172143178124817804
                                                            1453156523100438818066895441321427143195101545066513166714847029703623089204114762118749878536
                                                           1089867392325329113550171580991070357396326158799884875036135272277717316903086071589062408902
                                                          2906313046200877636133790882642854286390203090133026333429694059407246178408229524237499757072
                                                         1816445653875548522583619301651783928993876931333141458393558787129528861505143452648437348170
                                                        1453156523100438818066895441321427143195101545066513166714847029703623089204114762118749878536
                                                       1453156523100438818066895441321427143195101545066513166714847029703623089204114762118749878536
                                                                                                                                                   0
                                                      363289130775109704516723860330356785798775386266628291678711757425905772301028690529687469634
                                                                                                                                                 0
                                                    363289130775109704516723860330356785798775386266628291678711757425905772301028690529687469634
                                                  1453156523100438818066895441321427143195101545066513166714847029703623089204114762118749878536
                                                 1453156523100438818066895441321427143195101545066513166714847029703623089204114762118749878536
                                                 363289130775109704516723860330356785798775386266628291678711757425905772301028690529687469634
                                                726578261550219409033447720660713571597550772533256583357423514851811544602057381059374939268
                                              2543023915425767931617067022312497500591427703866398041750982301981340406107200833707812287438
                                             1089867392325329113550171580991070357396326158799884875036135272277717316903086071589062408902
                                            2543023915425767931617067022312497500591427703866398041750982301981340406107200833707812287438
                                            363289130775109704516723860330356785798775386266628291678711757425905772301028690529687469634
                                          1816445653875548522583619301651783928993876931333141458393558787129528861505143452648437348170
                                         2543023915425767931617067022312497500591427703866398041750982301981340406107200833707812287438
                                         726578261550219409033447720660713571597550772533256583357423514851811544602057381059374939268
                                       3269602176975987340650514742973211072188978476399654625108405816833151950709258214767187226706
                                      2906313046200877636133790882642854286390203090133026333429694059407246178408229524237499757072
                                     1816445653875548522583619301651783928993876931333141458393558787129528861505143452648437348170
                                    1089867392325329113550171580991070357396326158799884875036135272277717316903086071589062408902
                                   1089867392325329113550171580991070357396326158799884875036135272277717316903086071589062408902
                                   363289130775109704516723860330356785798775386266628291678711757425905772301028690529687469634
                                 2179734784650658227100343161982140714792652317599769750072270544555434633806172143178124817804
                                2179734784650658227100343161982140714792652317599769750072270544555434633806172143178124817804
                                726578261550219409033447720660713571597550772533256583357423514851811544602057381059374939268
                              2906313046200877636133790882642854286390203090133026333429694059407246178408229524237499757072
                             2906313046200877636133790882642854286390203090133026333429694059407246178408229524237499757072
                            2906313046200877636133790882642854286390203090133026333429694059407246178408229524237499757072
                           1089867392325329113550171580991070357396326158799884875036135272277717316903086071589062408902
                          1816445653875548522583619301651783928993876931333141458393558787129528861505143452648437348170
                          726578261550219409033447720660713571597550772533256583357423514851811544602057381059374939268
                        1453156523100438818066895441321427143195101545066513166714847029703623089204114762118749878536
                       3269602176975987340650514742973211072188978476399654625108405816833151950709258214767187226706
                      2543023915425767931617067022312497500591427703866398041750982301981340406107200833707812287438
                     2179734784650658227100343161982140714792652317599769750072270544555434633806172143178124817804
                                                                                                                 0
                    363289130775109704516723860330356785798775386266628291678711757425905772301028690529687469634
                  2179734784650658227100343161982140714792652317599769750072270544555434633806172143178124817804
                 2543023915425767931617067022312497500591427703866398041750982301981340406107200833707812287438
                1816445653875548522583619301651783928993876931333141458393558787129528861505143452648437348170
               2179734784650658227100343161982140714792652317599769750072270544555434633806172143178124817804
              2906313046200877636133790882642854286390203090133026333429694059407246178408229524237499757072
             3269602176975987340650514742973211072188978476399654625108405816833151950709258214767187226706
            2906313046200877636133790882642854286390203090133026333429694059407246178408229524237499757072
           1816445653875548522583619301651783928993876931333141458393558787129528861505143452648437348170
          2906313046200877636133790882642854286390203090133026333429694059407246178408229524237499757072
         2179734784650658227100343161982140714792652317599769750072270544555434633806172143178124817804
        1816445653875548522583619301651783928993876931333141458393558787129528861505143452648437348170
       1816445653875548522583619301651783928993876931333141458393558787129528861505143452648437348170
      1453156523100438818066895441321427143195101545066513166714847029703623089204114762118749878536
     2543023915425767931617067022312497500591427703866398041750982301981340406107200833707812287438
    2543023915425767931617067022312497500591427703866398041750982301981340406107200833707812287438
   3269602176975987340650514742973211072188978476399654625108405816833151950709258214767187226706
  2543023915425767931617067022312497500591427703866398041750982301981340406107200833707812287438
 2543023915425767931617067022312497500591427703866398041750982301981340406107200833707812287438
1453156523100438818066895441321427143195101545066513166714847029703623089204114762118749878536
------------------------------------------------------------------------------------------------------------------------------------------------------------------
173644014406228641033903988685917406614113363772967103073869623986722635953994027432889012919803429966675098920046559051285599321323976096172004647404524498921942

