                                        5572994136075431578469
                     *8017961155628512759835276745214125812927
                     -----------------------------------------
                                       39010958952528021049283
                                      11145988272150863156938
                                     50156947224678884206221
                                    11145988272150863156938
                                    5572994136075431578469
                                  44583953088603452627752
                                 27864970680377157892345
                                11145988272150863156938
                                5572994136075431578469
                              22291976544301726313876
                              5572994136075431578469
                            11145988272150863156938
                           27864970680377157892345
                          22291976544301726313876
                         39010958952528021049283
                        33437964816452589470814
                       39010958952528021049283
                      11145988272150863156938
                     27864970680377157892345
                    16718982408226294735407
                   44583953088603452627752
                  50156947224678884206221
                 27864970680377157892345
                39010958952528021049283
               11145988272150863156938
               5572994136075431578469
             27864970680377157892345
            44583953088603452627752
           11145988272150863156938
          33437964816452589470814
         27864970680377157892345
        27864970680377157892345
        5572994136075431578469
       5572994136075431578469
     33437964816452589470814
    50156947224678884206221
   39010958952528021049283
   5572994136075431578469
                       0
44583953088603452627752
--------------------------------------------------------------
44684050503598292471035359708272771649129354247537041415068763

