                                                                          49054
    *34596981503703991099062761052605054643804275664774770956162322928482773291
    ---------------------------------------------------------------------------
                                                                          49054
                                                                        441486
                                                                        98108
                                                                      147162
                                                                     343378
                                                                    343378
                                                                    98108
                                                                  392432
                                                                 196216
                                                                392432
                                                                98108
                                                              441486
                                                              98108
                                                             98108
                                                           147162
                                                           98108
                                                         294324
                                                         49054
                                                       294324
                                                      245270
                                                     441486
                                                         0
                                                   343378
                                                  343378
                                                 196216
                                                343378
                                               343378
                                              196216
                                             294324
                                            294324
                                           245270
                                          343378
                                          98108
                                        196216
                                            0
                                      392432
                                     147162
                                    196216
                                   294324
                                  196216
                                 245270
                                     0
                               245270
                                   0
                             294324
                             98108
                           245270
                               0
                          49054
                        294324
                       343378
                       98108
                     294324
                         0
                   441486
                  441486
                      0
                 49054
               441486
              441486
             147162
                 0
           343378
          147162
              0
        245270
        49054
      392432
     441486
    294324
   441486
  245270
 196216
147162
-------------------------------------------------------------------------------
1697120330682695579373424680674488350497174938459861614483586588933793961016714

