                                                                         54314594576979503209557
                      *5156028782197692269138732941498904617495705574790703576871011911383022603
                      --------------------------------------------------------------------------
                                                                        162943783730938509628671
                                                                                              0
                                                                      325887567461877019257342
                                                                     108629189153959006419114
                                                                    108629189153959006419114
                                                                                          0
                                                                  162943783730938509628671
                                                                 434516756615836025676456
                                                                162943783730938509628671
                                                                54314594576979503209557
                                                               54314594576979503209557
                                                             488831351192815528886013
                                                             54314594576979503209557
                                                            54314594576979503209557
                                                                                 0
                                                          54314594576979503209557
                                                        380202162038856522466899
                                                       434516756615836025676456
                                                      325887567461877019257342
                                                     380202162038856522466899
                                                    271572972884897516047785
                                                   162943783730938509628671
                                                                         0
                                                 380202162038856522466899
                                                                       0
                                               488831351192815528886013
                                              380202162038856522466899
                                             217258378307918012838228
                                            380202162038856522466899
                                           271572972884897516047785
                                          271572972884897516047785
                                                                0
                                        380202162038856522466899
                                       271572972884897516047785
                                      488831351192815528886013
                                     217258378307918012838228
                                    380202162038856522466899
                                    54314594576979503209557
                                  325887567461877019257342
                                 217258378307918012838228
                                                       0
                               488831351192815528886013
                              434516756615836025676456
                             488831351192815528886013
                            217258378307918012838228
                            54314594576979503209557
                          217258378307918012838228
                         488831351192815528886013
                        108629189153959006419114
                       162943783730938509628671
                      380202162038856522466899
                     434516756615836025676456
                    162943783730938509628671
                    54314594576979503209557
                  488831351192815528886013
                 325887567461877019257342
                108629189153959006419114
               108629189153959006419114
              488831351192815528886013
             325887567461877019257342
            380202162038856522466899
           488831351192815528886013
           54314594576979503209557
         108629189153959006419114
        434516756615836025676456
       380202162038856522466899
      434516756615836025676456
     108629189153959006419114
                           0
   325887567461877019257342
  271572972884897516047785
  54314594576979503209557
271572972884897516047785
------------------------------------------------------------------------------------------------
280047612932305008621810666097548925223676065307056961857713854275707068369983249230398376616871

