                                                                            82213035907371538502412603951
                            *3595709745742113642244666360311560141025599801276490967594626783897909568549
                            -----------------------------------------------------------------------------
                                                                           739917323166343846521713435559
                                                                          328852143629486154009650415804
                                                                         411065179536857692512063019755
                                                                        657704287258972308019300831608
                                                                       493278215444229231014475623706
                                                                      411065179536857692512063019755
                                                                     739917323166343846521713435559
                                                                                                 0
                                                                   739917323166343846521713435559
                                                                  575491251351600769516888227657
                                                                 739917323166343846521713435559
                                                                657704287258972308019300831608
                                                               246639107722114615507237811853
                                                              657704287258972308019300831608
                                                             575491251351600769516888227657
                                                            493278215444229231014475623706
                                                           164426071814743077004825207902
                                                          493278215444229231014475623706
                                                         328852143629486154009650415804
                                                        739917323166343846521713435559
                                                       411065179536857692512063019755
                                                      575491251351600769516888227657
                                                     493278215444229231014475623706
                                                    739917323166343846521713435559
                                                                                0
                                                  739917323166343846521713435559
                                                 328852143629486154009650415804
                                                493278215444229231014475623706
                                               575491251351600769516888227657
                                              164426071814743077004825207902
                                              82213035907371538502412603951
                                                                         0
                                           657704287258972308019300831608
                                          739917323166343846521713435559
                                         739917323166343846521713435559
                                        411065179536857692512063019755
                                       411065179536857692512063019755
                                      164426071814743077004825207902
                                                                  0
                                     82213035907371538502412603951
                                   328852143629486154009650415804
                                   82213035907371538502412603951
                                                              0
                                493278215444229231014475623706
                               411065179536857692512063019755
                               82213035907371538502412603951
                              82213035907371538502412603951
                            246639107722114615507237811853
                                                        0
                          493278215444229231014475623706
                         246639107722114615507237811853
                        493278215444229231014475623706
                       493278215444229231014475623706
                      493278215444229231014475623706
                     328852143629486154009650415804
                    328852143629486154009650415804
                   164426071814743077004825207902
                  164426071814743077004825207902
                 328852143629486154009650415804
                493278215444229231014475623706
               246639107722114615507237811853
               82213035907371538502412603951
              82213035907371538502412603951
            164426071814743077004825207902
           328852143629486154009650415804
          575491251351600769516888227657
         411065179536857692512063019755
        328852143629486154009650415804
       575491251351600769516888227657
      739917323166343846521713435559
                                  0
    575491251351600769516888227657
   411065179536857692512063019755
  739917323166343846521713435559
 411065179536857692512063019755
246639107722114615507237811853
---------------------------------------------------------------------------------------------------------
295614214439182173845978737388225042354208719425577115752797270016930901976541677908379862442222022737099

