                                                                                                     49601120789265498567824095846230291414492329968724407816400133253395834067953835276968508622947386860
                                                                                                    *46706245607377053149369743512116887511071719514829866830182403082733831013974467443137255496794078351
                                                                                                    ------------------------------------------------------------------------------------------------------
                                                                                                     49601120789265498567824095846230291414492329968724407816400133253395834067953835276968508622947386860
                                                                                                   248005603946327492839120479231151457072461649843622039082000666266979170339769176384842543114736934300
                                                                                                  148803362367796495703472287538690874243476989906173223449200399760187502203861505830905525868842160580
                                                                                                 396808966314123988542592766769842331315938639749795262531201066027166672543630682215748068983579094880
                                                                                                347207845524858489974768670923612039901446309781070854714800932773770838475676846938779560360631708020
                                                                                                                                                                                                    0
                                                                                              198404483157061994271296383384921165657969319874897631265600533013583336271815341107874034491789547440
                                                                                             446410087103389487110416862616072622730430969718519670347601199280562506611584517492716577606526481740
                                                                                            347207845524858489974768670923612039901446309781070854714800932773770838475676846938779560360631708020
                                                                                           297606724735592991406944575077381748486953979812346446898400799520375004407723011661811051737684321160
                                                                                          446410087103389487110416862616072622730430969718519670347601199280562506611584517492716577606526481740
                                                                                         198404483157061994271296383384921165657969319874897631265600533013583336271815341107874034491789547440
                                                                                        248005603946327492839120479231151457072461649843622039082000666266979170339769176384842543114736934300
                                                                                       248005603946327492839120479231151457072461649843622039082000666266979170339769176384842543114736934300
                                                                                       99202241578530997135648191692460582828984659937448815632800266506791668135907670553937017245894773720
                                                                                     347207845524858489974768670923612039901446309781070854714800932773770838475676846938779560360631708020
                                                                                    148803362367796495703472287538690874243476989906173223449200399760187502203861505830905525868842160580
                                                                                    49601120789265498567824095846230291414492329968724407816400133253395834067953835276968508622947386860
                                                                                  148803362367796495703472287538690874243476989906173223449200399760187502203861505830905525868842160580
                                                                                 198404483157061994271296383384921165657969319874897631265600533013583336271815341107874034491789547440
                                                                                198404483157061994271296383384921165657969319874897631265600533013583336271815341107874034491789547440
                                                                               347207845524858489974768670923612039901446309781070854714800932773770838475676846938779560360631708020
                                                                              297606724735592991406944575077381748486953979812346446898400799520375004407723011661811051737684321160
                                                                             198404483157061994271296383384921165657969319874897631265600533013583336271815341107874034491789547440
                                                                            198404483157061994271296383384921165657969319874897631265600533013583336271815341107874034491789547440
                                                                           347207845524858489974768670923612039901446309781070854714800932773770838475676846938779560360631708020
                                                                          446410087103389487110416862616072622730430969718519670347601199280562506611584517492716577606526481740
                                                                         148803362367796495703472287538690874243476989906173223449200399760187502203861505830905525868842160580
                                                                         49601120789265498567824095846230291414492329968724407816400133253395834067953835276968508622947386860
                                                                                                                                                                            0
                                                                       49601120789265498567824095846230291414492329968724407816400133253395834067953835276968508622947386860
                                                                     148803362367796495703472287538690874243476989906173223449200399760187502203861505830905525868842160580
                                                                    396808966314123988542592766769842331315938639749795262531201066027166672543630682215748068983579094880
                                                                   148803362367796495703472287538690874243476989906173223449200399760187502203861505830905525868842160580
                                                                  148803362367796495703472287538690874243476989906173223449200399760187502203861505830905525868842160580
                                                                 347207845524858489974768670923612039901446309781070854714800932773770838475676846938779560360631708020
                                                                 99202241578530997135648191692460582828984659937448815632800266506791668135907670553937017245894773720
                                                               396808966314123988542592766769842331315938639749795262531201066027166672543630682215748068983579094880
                                                                                                                                                                   0
                                                             148803362367796495703472287538690874243476989906173223449200399760187502203861505830905525868842160580
                                                                                                                                                                 0
                                                           198404483157061994271296383384921165657969319874897631265600533013583336271815341107874034491789547440
                                                           99202241578530997135648191692460582828984659937448815632800266506791668135907670553937017245894773720
                                                         396808966314123988542592766769842331315938639749795262531201066027166672543630682215748068983579094880
                                                         49601120789265498567824095846230291414492329968724407816400133253395834067953835276968508622947386860
                                                                                                                                                            0
                                                      148803362367796495703472287538690874243476989906173223449200399760187502203861505830905525868842160580
                                                     396808966314123988542592766769842331315938639749795262531201066027166672543630682215748068983579094880
                                                    297606724735592991406944575077381748486953979812346446898400799520375004407723011661811051737684321160
                                                   297606724735592991406944575077381748486953979812346446898400799520375004407723011661811051737684321160
                                                  396808966314123988542592766769842331315938639749795262531201066027166672543630682215748068983579094880
                                                 446410087103389487110416862616072622730430969718519670347601199280562506611584517492716577606526481740
                                                 99202241578530997135648191692460582828984659937448815632800266506791668135907670553937017245894773720
                                               396808966314123988542592766769842331315938639749795262531201066027166672543630682215748068983579094880
                                              198404483157061994271296383384921165657969319874897631265600533013583336271815341107874034491789547440
                                              49601120789265498567824095846230291414492329968724407816400133253395834067953835276968508622947386860
                                            248005603946327492839120479231151457072461649843622039082000666266979170339769176384842543114736934300
                                           446410087103389487110416862616072622730430969718519670347601199280562506611584517492716577606526481740
                                           49601120789265498567824095846230291414492329968724407816400133253395834067953835276968508622947386860
                                         347207845524858489974768670923612039901446309781070854714800932773770838475676846938779560360631708020
                                         49601120789265498567824095846230291414492329968724407816400133253395834067953835276968508622947386860
                                       347207845524858489974768670923612039901446309781070854714800932773770838475676846938779560360631708020
                                                                                                                                           0
                                      49601120789265498567824095846230291414492329968724407816400133253395834067953835276968508622947386860
                                     49601120789265498567824095846230291414492329968724407816400133253395834067953835276968508622947386860
                                   248005603946327492839120479231151457072461649843622039082000666266979170339769176384842543114736934300
                                  347207845524858489974768670923612039901446309781070854714800932773770838475676846938779560360631708020
                                 396808966314123988542592766769842331315938639749795262531201066027166672543630682215748068983579094880
                                396808966314123988542592766769842331315938639749795262531201066027166672543630682215748068983579094880
                               297606724735592991406944575077381748486953979812346446898400799520375004407723011661811051737684321160
                               49601120789265498567824095846230291414492329968724407816400133253395834067953835276968508622947386860
                              49601120789265498567824095846230291414492329968724407816400133253395834067953835276968508622947386860
                             99202241578530997135648191692460582828984659937448815632800266506791668135907670553937017245894773720
                            49601120789265498567824095846230291414492329968724407816400133253395834067953835276968508622947386860
                          248005603946327492839120479231151457072461649843622039082000666266979170339769176384842543114736934300
                         148803362367796495703472287538690874243476989906173223449200399760187502203861505830905525868842160580
                        198404483157061994271296383384921165657969319874897631265600533013583336271815341107874034491789547440
                       347207845524858489974768670923612039901446309781070854714800932773770838475676846938779560360631708020
                      446410087103389487110416862616072622730430969718519670347601199280562506611584517492716577606526481740
                     297606724735592991406944575077381748486953979812346446898400799520375004407723011661811051737684321160
                    148803362367796495703472287538690874243476989906173223449200399760187502203861505830905525868842160580
                   446410087103389487110416862616072622730430969718519670347601199280562506611584517492716577606526481740
                  198404483157061994271296383384921165657969319874897631265600533013583336271815341107874034491789547440
                  49601120789265498567824095846230291414492329968724407816400133253395834067953835276968508622947386860
                148803362367796495703472287538690874243476989906173223449200399760187502203861505830905525868842160580
               248005603946327492839120479231151457072461649843622039082000666266979170339769176384842543114736934300
                                                                                                                   0
             347207845524858489974768670923612039901446309781070854714800932773770838475676846938779560360631708020
            347207845524858489974768670923612039901446309781070854714800932773770838475676846938779560360631708020
           148803362367796495703472287538690874243476989906173223449200399760187502203861505830905525868842160580
          347207845524858489974768670923612039901446309781070854714800932773770838475676846938779560360631708020
                                                                                                              0
        297606724735592991406944575077381748486953979812346446898400799520375004407723011661811051737684321160
       248005603946327492839120479231151457072461649843622039082000666266979170339769176384842543114736934300
      198404483157061994271296383384921165657969319874897631265600533013583336271815341107874034491789547440
      99202241578530997135648191692460582828984659937448815632800266506791668135907670553937017245894773720
    297606724735592991406944575077381748486953979812346446898400799520375004407723011661811051737684321160
                                                                                                        0
  347207845524858489974768670923612039901446309781070854714800932773770838475676846938779560360631708020
 297606724735592991406944575077381748486953979812346446898400799520375004407723011661811051737684321160
198404483157061994271296383384921165657969319874897631265600533013583336271815341107874034491789547440
----------------------------------------------------------------------------------------------------------------------------------------------------------------------------------------------------------
2316682129984610324045960582404350550201684373254151383234273229932357285208420713560157468964579121438367546080412653890896944819291068428382798646104698902745248287496693865279701151612524277547867860

