                                                                        177974016279677660558476406875782470971609567233388236976654132470478639586219548471068
                                                                                      *724247585632495454075030887094877291959412752207715319307107585214419350
                                                                                      -------------------------------------------------------------------------
                                                                                                                                                              0
                                                                       889870081398388302792382034378912354858047836166941184883270662352393197931097742355340
                                                                      533922048839032981675429220627347412914828701700164710929962397411435918758658645413204
                                                                    1601766146517098945026287661882042238744486105100494132789887192234307756275975936239612
                                                                    177974016279677660558476406875782470971609567233388236976654132470478639586219548471068
                                                                   711896065118710642233905627503129883886438268933552947906616529881914558344878193884272
                                                                  711896065118710642233905627503129883886438268933552947906616529881914558344878193884272
                                                                 177974016279677660558476406875782470971609567233388236976654132470478639586219548471068
                                                                355948032559355321116952813751564941943219134466776473953308264940957279172439096942136
                                                               889870081398388302792382034378912354858047836166941184883270662352393197931097742355340
                                                             1423792130237421284467811255006259767772876537867105895813233059763829116689756387768544
                                                             889870081398388302792382034378912354858047836166941184883270662352393197931097742355340
                                                           1245818113957743623909334848130477296801266970633717658836578927293350477103536839297476
                                                                                                                                                 0
                                                          177974016279677660558476406875782470971609567233388236976654132470478639586219548471068
                                                        1245818113957743623909334848130477296801266970633717658836578927293350477103536839297476
                                                                                                                                              0
                                                       533922048839032981675429220627347412914828701700164710929962397411435918758658645413204
                                                     1601766146517098945026287661882042238744486105100494132789887192234307756275975936239612
                                                     177974016279677660558476406875782470971609567233388236976654132470478639586219548471068
                                                    533922048839032981675429220627347412914828701700164710929962397411435918758658645413204
                                                   889870081398388302792382034378912354858047836166941184883270662352393197931097742355340
                                                  177974016279677660558476406875782470971609567233388236976654132470478639586219548471068
                                                1245818113957743623909334848130477296801266970633717658836578927293350477103536839297476
                                               1245818113957743623909334848130477296801266970633717658836578927293350477103536839297476
                                                                                                                                     0
                                              355948032559355321116952813751564941943219134466776473953308264940957279172439096942136
                                             355948032559355321116952813751564941943219134466776473953308264940957279172439096942136
                                            889870081398388302792382034378912354858047836166941184883270662352393197931097742355340
                                          1245818113957743623909334848130477296801266970633717658836578927293350477103536839297476
                                          355948032559355321116952813751564941943219134466776473953308264940957279172439096942136
                                         177974016279677660558476406875782470971609567233388236976654132470478639586219548471068
                                        711896065118710642233905627503129883886438268933552947906616529881914558344878193884272
                                      1601766146517098945026287661882042238744486105100494132789887192234307756275975936239612
                                      889870081398388302792382034378912354858047836166941184883270662352393197931097742355340
                                    1601766146517098945026287661882042238744486105100494132789887192234307756275975936239612
                                    177974016279677660558476406875782470971609567233388236976654132470478639586219548471068
                                  1601766146517098945026287661882042238744486105100494132789887192234307756275975936239612
                                  355948032559355321116952813751564941943219134466776473953308264940957279172439096942136
                                1245818113957743623909334848130477296801266970633717658836578927293350477103536839297476
                               1245818113957743623909334848130477296801266970633717658836578927293350477103536839297476
                              1423792130237421284467811255006259767772876537867105895813233059763829116689756387768544
                              711896065118710642233905627503129883886438268933552947906616529881914558344878193884272
                            1601766146517098945026287661882042238744486105100494132789887192234307756275975936239612
                                                                                                                  0
                          1245818113957743623909334848130477296801266970633717658836578927293350477103536839297476
                         1423792130237421284467811255006259767772876537867105895813233059763829116689756387768544
                        1423792130237421284467811255006259767772876537867105895813233059763829116689756387768544
                                                                                                              0
                       533922048839032981675429220627347412914828701700164710929962397411435918758658645413204
                                                                                                            0
                     889870081398388302792382034378912354858047836166941184883270662352393197931097742355340
                   1245818113957743623909334848130477296801266970633717658836578927293350477103536839297476
                                                                                                         0
                  711896065118710642233905627503129883886438268933552947906616529881914558344878193884272
                 889870081398388302792382034378912354858047836166941184883270662352393197931097742355340
                711896065118710642233905627503129883886438268933552947906616529881914558344878193884272
               889870081398388302792382034378912354858047836166941184883270662352393197931097742355340
             1601766146517098945026287661882042238744486105100494132789887192234307756275975936239612
             711896065118710642233905627503129883886438268933552947906616529881914558344878193884272
            355948032559355321116952813751564941943219134466776473953308264940957279172439096942136
           533922048839032981675429220627347412914828701700164710929962397411435918758658645413204
         1067844097678065963350858441254694825829657403400329421859924794822871837517317290826408
         889870081398388302792382034378912354858047836166941184883270662352393197931097742355340
       1423792130237421284467811255006259767772876537867105895813233059763829116689756387768544
       889870081398388302792382034378912354858047836166941184883270662352393197931097742355340
     1245818113957743623909334848130477296801266970633717658836578927293350477103536839297476
     711896065118710642233905627503129883886438268933552947906616529881914558344878193884272
    355948032559355321116952813751564941943219134466776473953308264940957279172439096942136
   711896065118710642233905627503129883886438268933552947906616529881914558344878193884272
  355948032559355321116952813751564941943219134466776473953308264940957279172439096942136
1245818113957743623909334848130477296801266970633717658836578927293350477103536839297476
---------------------------------------------------------------------------------------------------------------------------------------------------------------
128897251595874986478297950169156625751251243957921498132845821023509781953357575412394488521724189023896761294171246769409286830383060790393600391239894365800

