                                                                          376140241
        *45412667215051292909002773286790242518330945075266277454882552586838671765
        ---------------------------------------------------------------------------
                                                                         1880701205
                                                                        2256841446
                                                                       2632981687
                                                                       376140241
                                                                     2632981687
                                                                    2256841446
                                                                   3009121928
                                                                  1128420723
                                                                 3009121928
                                                                2256841446
                                                               3009121928
                                                              1880701205
                                                              752280482
                                                            1880701205
                                                           1880701205
                                                           752280482
                                                         3009121928
                                                        3009121928
                                                       1504560964
                                                      1880701205
                                                     1504560964
                                                    2632981687
                                                   2632981687
                                                   752280482
                                                 2256841446
                                                2256841446
                                                752280482
                                              1880701205
                                             2632981687
                                                     0
                                           1880701205
                                          1504560964
                                         3385262169
                                                 0
                                       1128420723
                                      1128420723
                                     3009121928
                                     376140241
                                   1880701205
                                   752280482
                                 1504560964
                                 752280482
                                        0
                              3385262169
                             2632981687
                            2256841446
                           3009121928
                           752280482
                         1128420723
                        2632981687
                       2632981687
                       752280482
                              0
                             0
                   3385262169
                           0
                 3385262169
                 752280482
               3385262169
               752280482
              376140241
            1880701205
                    0
          1880701205
          376140241
         752280482
       2632981687
      2256841446
     2256841446
     752280482
    376140241
  1504560964
 1880701205
1504560964
-----------------------------------------------------------------------------------
17081531590722192142153894213761643937293448598368420741052389956708671425806995365

