                                                                                         4847116776526801465037246901898282994671324905051664388989178996296653895296702868397295
                                                                                      *202002621297677196776062892511122423696825582202989586765017230473832415973204492450027639
                                                                                      -------------------------------------------------------------------------------------------
                                                                                        43624050988741213185335222117084546952041924145464979500902610966669885057670325815575655
                                                                                       14541350329580404395111740705694848984013974715154993166967536988889961685890108605191885
                                                                                      29082700659160808790223481411389697968027949430309986333935073977779923371780217210383770
                                                                                     33929817435687610255260728313287980962699274335361650722924252974076577267076920078781065
                                                                                     9694233553053602930074493803796565989342649810103328777978357992593307790593405736794590
                                                                                                                                                                           0
                                                                                                                                                                          0
                                                                                 24235583882634007325186234509491414973356624525258321944945894981483269476483514341986475
                                                                                19388467106107205860148987607593131978685299620206657555956715985186615581186811473589180
                                                                                9694233553053602930074493803796565989342649810103328777978357992593307790593405736794590
                                                                              43624050988741213185335222117084546952041924145464979500902610966669885057670325815575655
                                                                             19388467106107205860148987607593131978685299620206657555956715985186615581186811473589180
                                                                            19388467106107205860148987607593131978685299620206657555956715985186615581186811473589180
                                                                                                                                                                   0
                                                                           9694233553053602930074493803796565989342649810103328777978357992593307790593405736794590
                                                                         14541350329580404395111740705694848984013974715154993166967536988889961685890108605191885
                                                                        33929817435687610255260728313287980962699274335361650722924252974076577267076920078781065
                                                                       43624050988741213185335222117084546952041924145464979500902610966669885057670325815575655
                                                                      24235583882634007325186234509491414973356624525258321944945894981483269476483514341986475
                                                                      4847116776526801465037246901898282994671324905051664388989178996296653895296702868397295
                                                                    19388467106107205860148987607593131978685299620206657555956715985186615581186811473589180
                                                                    9694233553053602930074493803796565989342649810103328777978357992593307790593405736794590
                                                                  14541350329580404395111740705694848984013974715154993166967536988889961685890108605191885
                                                                 38776934212214411720297975215186263957370599240413315111913431970373231162373622947178360
                                                                14541350329580404395111740705694848984013974715154993166967536988889961685890108605191885
                                                               33929817435687610255260728313287980962699274335361650722924252974076577267076920078781065
                                                              19388467106107205860148987607593131978685299620206657555956715985186615581186811473589180
                                                                                                                                                     0
                                                            14541350329580404395111740705694848984013974715154993166967536988889961685890108605191885
                                                            9694233553053602930074493803796565989342649810103328777978357992593307790593405736794590
                                                          33929817435687610255260728313287980962699274335361650722924252974076577267076920078781065
                                                          4847116776526801465037246901898282994671324905051664388989178996296653895296702868397295
                                                                                                                                                0
                                                       24235583882634007325186234509491414973356624525258321944945894981483269476483514341986475
                                                      29082700659160808790223481411389697968027949430309986333935073977779923371780217210383770
                                                     33929817435687610255260728313287980962699274335361650722924252974076577267076920078781065
                                                    29082700659160808790223481411389697968027949430309986333935073977779923371780217210383770
                                                   38776934212214411720297975215186263957370599240413315111913431970373231162373622947178360
                                                  24235583882634007325186234509491414973356624525258321944945894981483269476483514341986475
                                                 43624050988741213185335222117084546952041924145464979500902610966669885057670325815575655
                                                38776934212214411720297975215186263957370599240413315111913431970373231162373622947178360
                                               43624050988741213185335222117084546952041924145464979500902610966669885057670325815575655
                                               9694233553053602930074493803796565989342649810103328777978357992593307790593405736794590
                                                                                                                                     0
                                             9694233553053602930074493803796565989342649810103328777978357992593307790593405736794590
                                            9694233553053602930074493803796565989342649810103328777978357992593307790593405736794590
                                          38776934212214411720297975215186263957370599240413315111913431970373231162373622947178360
                                         24235583882634007325186234509491414973356624525258321944945894981483269476483514341986475
                                        24235583882634007325186234509491414973356624525258321944945894981483269476483514341986475
                                        9694233553053602930074493803796565989342649810103328777978357992593307790593405736794590
                                      38776934212214411720297975215186263957370599240413315111913431970373231162373622947178360
                                     29082700659160808790223481411389697968027949430309986333935073977779923371780217210383770
                                    43624050988741213185335222117084546952041924145464979500902610966669885057670325815575655
                                   29082700659160808790223481411389697968027949430309986333935073977779923371780217210383770
                                  14541350329580404395111740705694848984013974715154993166967536988889961685890108605191885
                                  9694233553053602930074493803796565989342649810103328777978357992593307790593405736794590
                                19388467106107205860148987607593131978685299620206657555956715985186615581186811473589180
                                9694233553053602930074493803796565989342649810103328777978357992593307790593405736794590
                               9694233553053602930074493803796565989342649810103328777978357992593307790593405736794590
                              4847116776526801465037246901898282994671324905051664388989178996296653895296702868397295
                             4847116776526801465037246901898282994671324905051664388989178996296653895296702868397295
                            4847116776526801465037246901898282994671324905051664388989178996296653895296702868397295
                          24235583882634007325186234509491414973356624525258321944945894981483269476483514341986475
                          9694233553053602930074493803796565989342649810103328777978357992593307790593405736794590
                        43624050988741213185335222117084546952041924145464979500902610966669885057670325815575655
                       38776934212214411720297975215186263957370599240413315111913431970373231162373622947178360
                       9694233553053602930074493803796565989342649810103328777978357992593307790593405736794590
                     29082700659160808790223481411389697968027949430309986333935073977779923371780217210383770
                                                                                                            0
                   29082700659160808790223481411389697968027949430309986333935073977779923371780217210383770
                  33929817435687610255260728313287980962699274335361650722924252974076577267076920078781065
                 33929817435687610255260728313287980962699274335361650722924252974076577267076920078781065
                29082700659160808790223481411389697968027949430309986333935073977779923371780217210383770
               43624050988741213185335222117084546952041924145464979500902610966669885057670325815575655
               4847116776526801465037246901898282994671324905051664388989178996296653895296702868397295
             33929817435687610255260728313287980962699274335361650722924252974076577267076920078781065
            33929817435687610255260728313287980962699274335361650722924252974076577267076920078781065
           29082700659160808790223481411389697968027949430309986333935073977779923371780217210383770
          33929817435687610255260728313287980962699274335361650722924252974076577267076920078781065
         43624050988741213185335222117084546952041924145464979500902610966669885057670325815575655
         9694233553053602930074493803796565989342649810103328777978357992593307790593405736794590
        4847116776526801465037246901898282994671324905051664388989178996296653895296702868397295
       9694233553053602930074493803796565989342649810103328777978357992593307790593405736794590
     29082700659160808790223481411389697968027949430309986333935073977779923371780217210383770
     9694233553053602930074493803796565989342649810103328777978357992593307790593405736794590
                                                                                           0
                                                                                          0
  9694233553053602930074493803796565989342649810103328777978357992593307790593405736794590
                                                                                        0
9694233553053602930074493803796565989342649810103328777978357992593307790593405736794590
---------------------------------------------------------------------------------------------------------------------------------------------------------------------------------
979130294594361307166888081699140068866670600895431099697456110946405113589428618402590010850092660966936251451375321748192275415786660296949777786789269731485730998502382836505

