                                               65101577126142180657601897831217738986708
                                        *41363260746864833155333612479563799026190787271
                                        ------------------------------------------------
                                               65101577126142180657601897831217738986708
                                             455711039882995264603213284818524172906956
                                            130203154252284361315203795662435477973416
                                           455711039882995264603213284818524172906956
                                          520812617009137445260815182649741911893664
                                         455711039882995264603213284818524172906956
                                                                                 0
                                       585914194135279625918417080480959650880372
                                       65101577126142180657601897831217738986708
                                     390609462756853083945611386987306433920248
                                    130203154252284361315203795662435477973416
                                                                            0
                                  585914194135279625918417080480959650880372
                                 585914194135279625918417080480959650880372
                                455711039882995264603213284818524172906956
                               195304731378426541972805693493653216960124
                              390609462756853083945611386987306433920248
                             325507885630710903288009489156088694933540
                            585914194135279625918417080480959650880372
                           455711039882995264603213284818524172906956
                          260406308504568722630407591324870955946832
                         130203154252284361315203795662435477973416
                         65101577126142180657601897831217738986708
                       390609462756853083945611386987306433920248
                      195304731378426541972805693493653216960124
                     195304731378426541972805693493653216960124
                    195304731378426541972805693493653216960124
                   325507885630710903288009489156088694933540
                  325507885630710903288009489156088694933540
                  65101577126142180657601897831217738986708
                195304731378426541972805693493653216960124
               195304731378426541972805693493653216960124
              520812617009137445260815182649741911893664
             260406308504568722630407591324870955946832
            390609462756853083945611386987306433920248
           520812617009137445260815182649741911893664
          390609462756853083945611386987306433920248
         260406308504568722630407591324870955946832
        455711039882995264603213284818524172906956
                                                0
      390609462756853083945611386987306433920248
     130203154252284361315203795662435477973416
    195304731378426541972805693493653216960124
   390609462756853083945611386987306433920248
  195304731378426541972805693493653216960124
  65101577126142180657601897831217738986708
260406308504568722630407591324870955946832
----------------------------------------------------------------------------------------
2692813509700750353972621120702371254825984339024551135094515529055399048374472324593868

