                    100000000000000000000
                   *100000000000000000000
                   ----------------------
                                        0
                                       0
                                      0
                                     0
                                    0
                                   0
                                  0
                                 0
                                0
                               0
                              0
                             0
                            0
                           0
                          0
                         0
                        0
                       0
                      0
                     0
100000000000000000000
-----------------------------------------
10000000000000000000000000000000000000000

