                                                        11470638990560954
               *738191026381572720883682748734208028120769926198177546710
               ----------------------------------------------------------
                                                                        0
                                                       11470638990560954
                                                      80294472933926678
                                                     68823833943365724
                                                    45882555962243816
                                                   57353194952804770
                                                  80294472933926678
                                                 80294472933926678
                                                11470638990560954
                                               91765111924487632
                                             103235750915048586
                                             11470638990560954
                                            68823833943365724
                                           22941277981121908
                                         103235750915048586
                                        103235750915048586
                                        68823833943365724
                                       80294472933926678
                                                      0
                                     22941277981121908
                                    11470638990560954
                                   91765111924487632
                                  22941277981121908
                                                 0
                                91765111924487632
                                               0
                              22941277981121908
                             45882555962243816
                            34411916971682862
                           80294472933926678
                          91765111924487632
                         45882555962243816
                        80294472933926678
                       22941277981121908
                      91765111924487632
                     68823833943365724
                    34411916971682862
                   91765111924487632
                  91765111924487632
                                 0
                22941277981121908
               80294472933926678
              22941277981121908
             80294472933926678
            57353194952804770
           11470638990560954
          91765111924487632
         34411916971682862
        68823833943365724
       22941277981121908
                      0
     11470638990560954
   103235750915048586
   11470638990560954
  91765111924487632
 34411916971682862
80294472933926678
-------------------------------------------------------------------------
8467522769694677878701607336491565126766568874474696207414844710437161340

