                        6944
   *162628560243259287727526
   -------------------------
                       41664
                      13888
                     34720
                    48608
                   13888
                  48608
                 48608
                55552
               13888
              62496
             34720
            13888
           20832
          27776
         13888
            0
       41664
      34720
     55552
    13888
   41664
  13888
 41664
 6944
----------------------------
1129292722329192493979940544

