                             36733709
      *173340019996808561084047720101
      -------------------------------
                             36733709
                                   0
                           36733709
                                 0
                         73467418
                       257135963
                      257135963
                     146934836
                            0
                   146934836
                  293869672
                         0
                 36733709
               220402254
              183668545
             293869672
                    0
           293869672
          220402254
         330603381
        330603381
       330603381
       36733709
             0
            0
   146934836
  110201127
 110201127
257135963
36733709
-------------------------------------
6367421852616946611570133492303584609

