                                                                                               3570414081770477735733908738678925067576
                                       *75379157405744722119899149824581029035885350833044033948920488691504082628702017510815607746605
                                       ------------------------------------------------------------------------------------------------
                                                                                              17852070408852388678669543693394625337880
                                                                                                                                     0
                                                                                            21422484490622866414403452432073550405456
                                                                                           21422484490622866414403452432073550405456
                                                                                          14281656327081910942935634954715700270304
                                                                                         24992898572393344150137361170752475473032
                                                                                        24992898572393344150137361170752475473032
                                                                                                                               0
                                                                                      21422484490622866414403452432073550405456
                                                                                     17852070408852388678669543693394625337880
                                                                                     3570414081770477735733908738678925067576
                                                                                   28563312654163821885871269909431400540608
                                                                                                                          0
                                                                                  3570414081770477735733908738678925067576
                                                                                17852070408852388678669543693394625337880
                                                                               24992898572393344150137361170752475473032
                                                                               3570414081770477735733908738678925067576
                                                                                                                     0
                                                                             7140828163540955471467817477357850135152
                                                                                                                   0
                                                                          24992898572393344150137361170752475473032
                                                                         28563312654163821885871269909431400540608
                                                                         7140828163540955471467817477357850135152
                                                                       21422484490622866414403452432073550405456
                                                                       7140828163540955471467817477357850135152
                                                                     28563312654163821885871269909431400540608
                                                                                                            0
                                                                   14281656327081910942935634954715700270304
                                                                                                          0
                                                                 17852070408852388678669543693394625337880
                                                                 3570414081770477735733908738678925067576
                                                               32133726735934299621605178648110325608184
                                                              21422484490622866414403452432073550405456
                                                             28563312654163821885871269909431400540608
                                                            28563312654163821885871269909431400540608
                                                           14281656327081910942935634954715700270304
                                                                                                  0
                                                          7140828163540955471467817477357850135152
                                                        32133726735934299621605178648110325608184
                                                       28563312654163821885871269909431400540608
                                                      14281656327081910942935634954715700270304
                                                     32133726735934299621605178648110325608184
                                                    10711242245311433207201726216036775202728
                                                   10711242245311433207201726216036775202728
                                                                                          0
                                                 14281656327081910942935634954715700270304
                                                14281656327081910942935634954715700270304
                                                                                       0
                                              10711242245311433207201726216036775202728
                                             10711242245311433207201726216036775202728
                                            28563312654163821885871269909431400540608
                                                                                   0
                                          17852070408852388678669543693394625337880
                                         10711242245311433207201726216036775202728
                                        17852070408852388678669543693394625337880
                                       28563312654163821885871269909431400540608
                                      28563312654163821885871269909431400540608
                                     17852070408852388678669543693394625337880
                                    10711242245311433207201726216036775202728
                                                                           0
                                  32133726735934299621605178648110325608184
                                  7140828163540955471467817477357850135152
                                                                        0
                                3570414081770477735733908738678925067576
                              28563312654163821885871269909431400540608
                             17852070408852388678669543693394625337880
                            14281656327081910942935634954715700270304
                            7140828163540955471467817477357850135152
                          28563312654163821885871269909431400540608
                         32133726735934299621605178648110325608184
                        14281656327081910942935634954715700270304
                        3570414081770477735733908738678925067576
                      32133726735934299621605178648110325608184
                     32133726735934299621605178648110325608184
                    28563312654163821885871269909431400540608
                   32133726735934299621605178648110325608184
                   3570414081770477735733908738678925067576
                  3570414081770477735733908738678925067576
                 7140828163540955471467817477357850135152
                7140828163540955471467817477357850135152
              24992898572393344150137361170752475473032
             14281656327081910942935634954715700270304
            14281656327081910942935634954715700270304
           24992898572393344150137361170752475473032
          17852070408852388678669543693394625337880
                                                 0
        14281656327081910942935634954715700270304
       24992898572393344150137361170752475473032
      17852070408852388678669543693394625337880
      3570414081770477735733908738678925067576
    32133726735934299621605178648110325608184
   24992898572393344150137361170752475473032
  10711242245311433207201726216036775202728
 17852070408852388678669543693394625337880
24992898572393344150137361170752475473032
---------------------------------------------------------------------------------------------------------------------------------------
269134805073464348667828186655087343877156795542352734401218476232417481105822638361219305655723492769445663327386921134729308709579480

