                                                                                                     56
 *87619760229256487968644168337995767633666691230037891307241941518272638208321334124265989183235062326
 ------------------------------------------------------------------------------------------------------
                                                                                                    336
                                                                                                   112
                                                                                                  168
                                                                                                 112
                                                                                                336
                                                                                                 0
                                                                                              280
                                                                                             168
                                                                                            112
                                                                                           168
                                                                                          448
                                                                                          56
                                                                                        504
                                                                                       448
                                                                                      504
                                                                                     280
                                                                                    336
                                                                                   112
                                                                                  224
                                                                                 112
                                                                                 56
                                                                               224
                                                                              168
                                                                             168
                                                                             56
                                                                           112
                                                                          168
                                                                         448
                                                                          0
                                                                       112
                                                                      448
                                                                     168
                                                                    336
                                                                   112
                                                                  392
                                                                 112
                                                                448
                                                                56
                                                              280
                                                              56
                                                            224
                                                           504
                                                           56
                                                         224
                                                        112
                                                       392
                                                        0
                                                     168
                                                     56
                                                   504
                                                  448
                                                 392
                                                168
                                                 0
                                                0
                                             168
                                            112
                                            56
                                          504
                                         336
                                        336
                                       336
                                      336
                                     168
                                    168
                                   336
                                  392
                                 336
                                392
                               280
                              504
                             504
                            392
                           168
                          168
                         448
                        336
                        56
                      224
                     224
                    336
                   448
                  336
                 504
                392
               448
              224
             336
            280
           112
          504
         112
        112
         0
      336
     392
    504
    56
  336
 392
448
-------------------------------------------------------------------------------------------------------
4906706572838363326244073426927762987485334708882121913205548725023267739665994710958895394261163490256

