                                                                                                    59231564844504212021449656023318341598083534956268413378071312256406214568063680531879776908223973595
                                                                                                   *15185722627046733493585814559500128701964668241691949531987937950820916383108277372325413117902984986
                                                                                                   ------------------------------------------------------------------------------------------------------
                                                                                                   355389389067025272128697936139910049588501209737610480268427873538437287408382083191278661449343841570
                                                                                                  473852518756033696171597248186546732784668279650147307024570498051249716544509444255038215265791788760
                                                                                                 533084083600537908193046904209865074382751814606415720402641810307655931112573124786917992174015762355
                                                                                                236926259378016848085798624093273366392334139825073653512285249025624858272254722127519107632895894380
                                                                                               473852518756033696171597248186546732784668279650147307024570498051249716544509444255038215265791788760
                                                                                              533084083600537908193046904209865074382751814606415720402641810307655931112573124786917992174015762355
                                                                                             118463129689008424042899312046636683196167069912536826756142624512812429136127361063759553816447947190
                                                                                                                                                                                                 0
                                                                                           533084083600537908193046904209865074382751814606415720402641810307655931112573124786917992174015762355
                                                                                          414620953911529484150147592163228391186584744693878893646499185794843501976445763723158438357567815165
                                                                                          59231564844504212021449656023318341598083534956268413378071312256406214568063680531879776908223973595
                                                                                         59231564844504212021449656023318341598083534956268413378071312256406214568063680531879776908223973595
                                                                                       177694694533512636064348968069955024794250604868805240134213936769218643704191041595639330724671920785
                                                                                       59231564844504212021449656023318341598083534956268413378071312256406214568063680531879776908223973595
                                                                                     236926259378016848085798624093273366392334139825073653512285249025624858272254722127519107632895894380
                                                                                    296157824222521060107248280116591707990417674781342066890356561282031072840318402659398884541119867975
                                                                                   118463129689008424042899312046636683196167069912536826756142624512812429136127361063759553816447947190
                                                                                  177694694533512636064348968069955024794250604868805240134213936769218643704191041595639330724671920785
                                                                                 118463129689008424042899312046636683196167069912536826756142624512812429136127361063759553816447947190
                                                                                414620953911529484150147592163228391186584744693878893646499185794843501976445763723158438357567815165
                                                                               177694694533512636064348968069955024794250604868805240134213936769218643704191041595639330724671920785
                                                                              414620953911529484150147592163228391186584744693878893646499185794843501976445763723158438357567815165
                                                                             414620953911529484150147592163228391186584744693878893646499185794843501976445763723158438357567815165
                                                                            118463129689008424042899312046636683196167069912536826756142624512812429136127361063759553816447947190
                                                                           473852518756033696171597248186546732784668279650147307024570498051249716544509444255038215265791788760
                                                                                                                                                                               0
                                                                          59231564844504212021449656023318341598083534956268413378071312256406214568063680531879776908223973595
                                                                        177694694533512636064348968069955024794250604868805240134213936769218643704191041595639330724671920785
                                                                       473852518756033696171597248186546732784668279650147307024570498051249716544509444255038215265791788760
                                                                      177694694533512636064348968069955024794250604868805240134213936769218643704191041595639330724671920785
                                                                     355389389067025272128697936139910049588501209737610480268427873538437287408382083191278661449343841570
                                                                     59231564844504212021449656023318341598083534956268413378071312256406214568063680531879776908223973595
                                                                   533084083600537908193046904209865074382751814606415720402641810307655931112573124786917992174015762355
                                                                                                                                                                       0
                                                                 118463129689008424042899312046636683196167069912536826756142624512812429136127361063759553816447947190
                                                                473852518756033696171597248186546732784668279650147307024570498051249716544509444255038215265791788760
                                                                                                                                                                    0
                                                              296157824222521060107248280116591707990417674781342066890356561282031072840318402659398884541119867975
                                                             533084083600537908193046904209865074382751814606415720402641810307655931112573124786917992174015762355
                                                            414620953911529484150147592163228391186584744693878893646499185794843501976445763723158438357567815165
                                                           177694694533512636064348968069955024794250604868805240134213936769218643704191041595639330724671920785
                                                          533084083600537908193046904209865074382751814606415720402641810307655931112573124786917992174015762355
                                                         414620953911529484150147592163228391186584744693878893646499185794843501976445763723158438357567815165
                                                        473852518756033696171597248186546732784668279650147307024570498051249716544509444255038215265791788760
                                                       533084083600537908193046904209865074382751814606415720402641810307655931112573124786917992174015762355
                                                       59231564844504212021449656023318341598083534956268413378071312256406214568063680531879776908223973595
                                                     177694694533512636064348968069955024794250604868805240134213936769218643704191041595639330724671920785
                                                    296157824222521060107248280116591707990417674781342066890356561282031072840318402659398884541119867975
                                                   533084083600537908193046904209865074382751814606415720402641810307655931112573124786917992174015762355
                                                  236926259378016848085798624093273366392334139825073653512285249025624858272254722127519107632895894380
                                                 533084083600537908193046904209865074382751814606415720402641810307655931112573124786917992174015762355
                                                 59231564844504212021449656023318341598083534956268413378071312256406214568063680531879776908223973595
                                               533084083600537908193046904209865074382751814606415720402641810307655931112573124786917992174015762355
                                              355389389067025272128697936139910049588501209737610480268427873538437287408382083191278661449343841570
                                              59231564844504212021449656023318341598083534956268413378071312256406214568063680531879776908223973595
                                            236926259378016848085798624093273366392334139825073653512285249025624858272254722127519107632895894380
                                           118463129689008424042899312046636683196167069912536826756142624512812429136127361063759553816447947190
                                          473852518756033696171597248186546732784668279650147307024570498051249716544509444255038215265791788760
                                         355389389067025272128697936139910049588501209737610480268427873538437287408382083191278661449343841570
                                        355389389067025272128697936139910049588501209737610480268427873538437287408382083191278661449343841570
                                       236926259378016848085798624093273366392334139825073653512285249025624858272254722127519107632895894380
                                      355389389067025272128697936139910049588501209737610480268427873538437287408382083191278661449343841570
                                     533084083600537908193046904209865074382751814606415720402641810307655931112573124786917992174015762355
                                     59231564844504212021449656023318341598083534956268413378071312256406214568063680531879776908223973595
                                                                                                                                        0
                                  414620953911529484150147592163228391186584744693878893646499185794843501976445763723158438357567815165
                                 473852518756033696171597248186546732784668279650147307024570498051249716544509444255038215265791788760
                                118463129689008424042899312046636683196167069912536826756142624512812429136127361063759553816447947190
                                59231564844504212021449656023318341598083534956268413378071312256406214568063680531879776908223973595
                                                                                                                                   0
                                                                                                                                  0
                            296157824222521060107248280116591707990417674781342066890356561282031072840318402659398884541119867975
                           533084083600537908193046904209865074382751814606415720402641810307655931112573124786917992174015762355
                          296157824222521060107248280116591707990417674781342066890356561282031072840318402659398884541119867975
                         296157824222521060107248280116591707990417674781342066890356561282031072840318402659398884541119867975
                        236926259378016848085798624093273366392334139825073653512285249025624858272254722127519107632895894380
                        59231564844504212021449656023318341598083534956268413378071312256406214568063680531879776908223973595
                      473852518756033696171597248186546732784668279650147307024570498051249716544509444255038215265791788760
                     296157824222521060107248280116591707990417674781342066890356561282031072840318402659398884541119867975
                    473852518756033696171597248186546732784668279650147307024570498051249716544509444255038215265791788760
                   296157824222521060107248280116591707990417674781342066890356561282031072840318402659398884541119867975
                  177694694533512636064348968069955024794250604868805240134213936769218643704191041595639330724671920785
                 533084083600537908193046904209865074382751814606415720402641810307655931112573124786917992174015762355
                236926259378016848085798624093273366392334139825073653512285249025624858272254722127519107632895894380
               177694694533512636064348968069955024794250604868805240134213936769218643704191041595639330724671920785
              177694694533512636064348968069955024794250604868805240134213936769218643704191041595639330724671920785
             414620953911529484150147592163228391186584744693878893646499185794843501976445763723158438357567815165
            355389389067025272128697936139910049588501209737610480268427873538437287408382083191278661449343841570
           236926259378016848085798624093273366392334139825073653512285249025624858272254722127519107632895894380
                                                                                                               0
         414620953911529484150147592163228391186584744693878893646499185794843501976445763723158438357567815165
        118463129689008424042899312046636683196167069912536826756142624512812429136127361063759553816447947190
       355389389067025272128697936139910049588501209737610480268427873538437287408382083191278661449343841570
      118463129689008424042899312046636683196167069912536826756142624512812429136127361063759553816447947190
     118463129689008424042899312046636683196167069912536826756142624512812429136127361063759553816447947190
    414620953911529484150147592163228391186584744693878893646499185794843501976445763723158438357567815165
   296157824222521060107248280116591707990417674781342066890356561282031072840318402659398884541119867975
  473852518756033696171597248186546732784668279650147307024570498051249716544509444255038215265791788760
  59231564844504212021449656023318341598083534956268413378071312256406214568063680531879776908223973595
296157824222521060107248280116591707990417674781342066890356561282031072840318402659398884541119867975
59231564844504212021449656023318341598083534956268413378071312256406214568063680531879776908223973595
---------------------------------------------------------------------------------------------------------------------------------------------------------------------------------------------------------
899474114494573447046671847563533657159756629017925045119683528701138660557105345244381186191931466651013519999381784443631736458221703218040549462058463771901087079490878618421711426830393696545444670

