                                                        200190608342730160848310945693323433494329502629704645630290522975214747607879840
                                                                               *314877907960157788253914702797728116906692618387202504075
                                                       ----------------------------------------------------------------------------------
                                                       1000953041713650804241554728466617167471647513148523228151452614876073738039399200
                                                      1401334258399111125938176619853264034460306518407932519412033660826503233255158880
                                                                                                                                      0
                                                     800762433370920643393243782773293733977318010518818582521162091900858990431519360
                                                                                                                                    0
                                                  1000953041713650804241554728466617167471647513148523228151452614876073738039399200
                                                  400381216685460321696621891386646866988659005259409291260581045950429495215759680
                                                                                                                                 0
                                                400381216685460321696621891386646866988659005259409291260581045950429495215759680
                                              1401334258399111125938176619853264034460306518407932519412033660826503233255158880
                                             1601524866741841286786487565546587467954636021037637165042324183801717980863038720
                                             600571825028190482544932837079970300482988507889113936890871568925644242823639520
                                           1601524866741841286786487565546587467954636021037637165042324183801717980863038720
                                           200190608342730160848310945693323433494329502629704645630290522975214747607879840
                                         1201143650056380965089865674159940600965977015778227873781743137851288485647279040
                                         400381216685460321696621891386646866988659005259409291260581045950429495215759680
                                       1801715475084571447634798511239910901448965523667341810672614706776932728470918560
                                      1201143650056380965089865674159940600965977015778227873781743137851288485647279040
                                     1201143650056380965089865674159940600965977015778227873781743137851288485647279040
                                                                                                                     0
                                   1801715475084571447634798511239910901448965523667341810672614706776932728470918560
                                  1201143650056380965089865674159940600965977015778227873781743137851288485647279040
                                  200190608342730160848310945693323433494329502629704645630290522975214747607879840
                                 200190608342730160848310945693323433494329502629704645630290522975214747607879840
                               1601524866741841286786487565546587467954636021037637165042324183801717980863038720
                               400381216685460321696621891386646866988659005259409291260581045950429495215759680
                             1401334258399111125938176619853264034460306518407932519412033660826503233255158880
                            1401334258399111125938176619853264034460306518407932519412033660826503233255158880
                           1801715475084571447634798511239910901448965523667341810672614706776932728470918560
                          1401334258399111125938176619853264034460306518407932519412033660826503233255158880
                          400381216685460321696621891386646866988659005259409291260581045950429495215759680
                                                                                                         0
                       1401334258399111125938176619853264034460306518407932519412033660826503233255158880
                       800762433370920643393243782773293733977318010518818582521162091900858990431519360
                      200190608342730160848310945693323433494329502629704645630290522975214747607879840
                    1801715475084571447634798511239910901448965523667341810672614706776932728470918560
                    600571825028190482544932837079970300482988507889113936890871568925644242823639520
                  1000953041713650804241554728466617167471647513148523228151452614876073738039399200
                  400381216685460321696621891386646866988659005259409291260581045950429495215759680
                1601524866741841286786487565546587467954636021037637165042324183801717980863038720
               1601524866741841286786487565546587467954636021037637165042324183801717980863038720
              1401334258399111125938176619853264034460306518407932519412033660826503233255158880
             1401334258399111125938176619853264034460306518407932519412033660826503233255158880
            1000953041713650804241554728466617167471647513148523228151452614876073738039399200
            200190608342730160848310945693323433494329502629704645630290522975214747607879840
                                                                                           0
         1201143650056380965089865674159940600965977015778227873781743137851288485647279040
        1801715475084571447634798511239910901448965523667341810672614706776932728470918560
       1401334258399111125938176619853264034460306518407932519412033660826503233255158880
                                                                                       0
     1801715475084571447634798511239910901448965523667341810672614706776932728470918560
    1401334258399111125938176619853264034460306518407932519412033660826503233255158880
   1401334258399111125938176619853264034460306518407932519412033660826503233255158880
  1601524866741841286786487565546587467954636021037637165042324183801717980863038720
  800762433370920643393243782773293733977318010518818582521162091900858990431519360
 200190608342730160848310945693323433494329502629704645630290522975214747607879840
600571825028190482544932837079970300482988507889113936890871568925644242823639520
-----------------------------------------------------------------------------------------------------------------------------------------
63035599948230183449250971006343507439700025772628331777481538379415862641198659876476076439388028372752777304123718993661310249710348000

