                     948678561732493059170921965884678536393467716112030032229717174028658005787498702715038909
                                                                                         *716129084995463113083
                    -------------------------------------------------------------------------------------------
                    2846035685197479177512765897654035609180403148336090096689151522085974017362496108145116727
                   7589428493859944473367375727077428291147741728896240257837737392229264046299989621720311272
                                                                                                            0
                 2846035685197479177512765897654035609180403148336090096689151522085974017362496108145116727
                 948678561732493059170921965884678536393467716112030032229717174028658005787498702715038909
                948678561732493059170921965884678536393467716112030032229717174028658005787498702715038909
              2846035685197479177512765897654035609180403148336090096689151522085974017362496108145116727
             5692071370394958355025531795308071218360806296672180193378303044171948034724992216290233454
            3794714246929972236683687863538714145573870864448120128918868696114632023149994810860155636
           4743392808662465295854609829423392681967338580560150161148585870143290028937493513575194545
          8538107055592437532538297692962106827541209445008270290067454566257922052087488324435350181
         8538107055592437532538297692962106827541209445008270290067454566257922052087488324435350181
        3794714246929972236683687863538714145573870864448120128918868696114632023149994810860155636
       7589428493859944473367375727077428291147741728896240257837737392229264046299989621720311272
                                                                                                0
     8538107055592437532538297692962106827541209445008270290067454566257922052087488324435350181
    1897357123464986118341843931769357072786935432224060064459434348057316011574997405430077818
    948678561732493059170921965884678536393467716112030032229717174028658005787498702715038909
  5692071370394958355025531795308071218360806296672180193378303044171948034724992216290233454
  948678561732493059170921965884678536393467716112030032229717174028658005787498702715038909
6640749932127451414196453761192749754754274012784210225608020218200606040512490919005272363
---------------------------------------------------------------------------------------------------------------
679376310368302221877760681421450193052743117133833592427697330486394529277065319724483216495065932594611946447

