                                                                       73317195
       *50952101826356623807516249321385381691784319982362024649681720368527795
       ------------------------------------------------------------------------
                                                                      366585975
                                                                     659854755
                                                                    513220365
                                                                   513220365
                                                                  146634390
                                                                 366585975
                                                                586537560
                                                               439903170
                                                              219951585
                                                                     0
                                                            146634390
                                                           513220365
                                                           73317195
                                                         586537560
                                                        439903170
                                                       659854755
                                                      293268780
                                                     439903170
                                                    293268780
                                                   146634390
                                                          0
                                                 146634390
                                                439903170
                                               219951585
                                              146634390
                                             586537560
                                            659854755
                                           659854755
                                           73317195
                                         219951585
                                        293268780
                                       586537560
                                      513220365
                                      73317195
                                    659854755
                                   439903170
                                   73317195
                                 586537560
                                219951585
                               366585975
                              586537560
                             219951585
                             73317195
                           146634390
                          219951585
                         659854755
                        293268780
                       146634390
                      439903170
                      73317195
                    366585975
                   513220365
                          0
                 586537560
                219951585
               146634390
              439903170
             439903170
            366585975
           219951585
          439903170
         146634390
        586537560
        73317195
              0
      73317195
    146634390
   366585975
  659854755
         0
366585975
-------------------------------------------------------------------------------
3735665185262844727237311317164629699645980886089233121835521380194824208935025

