                                                                                                    23
*11140035065684867956215230208348552665162631128924655279200034899156773046258051416033054067447452030
------------------------------------------------------------------------------------------------------
                                                                                                     0
                                                                                                   69
                                                                                                   0
                                                                                                 46
                                                                                               115
                                                                                               92
                                                                                             161
                                                                                             92
                                                                                            92
                                                                                          161
                                                                                         138
                                                                                          0
                                                                                        92
                                                                                      115
                                                                                       0
                                                                                     69
                                                                                    69
                                                                                    0
                                                                                 138
                                                                                 23
                                                                                92
                                                                               23
                                                                             115
                                                                              0
                                                                           184
                                                                          115
                                                                          46
                                                                        138
                                                                        92
                                                                        0
                                                                      69
                                                                    161
                                                                   161
                                                                  138
                                                                 115
                                                                 23
                                                               207
                                                              207
                                                             184
                                                             92
                                                            69
                                                            0
                                                           0
                                                          0
                                                        46
                                                      207
                                                     161
                                                     46
                                                   115
                                                  115
                                                 138
                                                 92
                                                46
                                              207
                                             184
                                             46
                                            23
                                           23
                                          69
                                        138
                                        46
                                      138
                                      23
                                    115
                                   138
                                  138
                                  46
                                115
                               115
                              184
                              92
                             69
                           184
                            0
                          46
                          0
                        69
                       46
                     115
                     23
                    46
                  138
                 115
                207
               161
              138
             184
             92
           184
          138
         115
        138
         0
      115
      69
      0
     0
   92
  23
 23
23
------------------------------------------------------------------------------------------------------
256220806510751962992950294792016711298740515965267071421600802680605780063935182568760243551291396690

