                                                                            61303868099416298
                *7063508627809660073832831357555352612575265132239522815941706341513760397900
                -----------------------------------------------------------------------------
                                                                                            0
                                                                                           0
                                                                         551734812894746682
                                                                        429127076695914086
                                                                       551734812894746682
                                                                      183911604298248894
                                                                                      0
                                                                    367823208596497788
                                                                   429127076695914086
                                                                  183911604298248894
                                                                  61303868099416298
                                                                306519340497081490
                                                                61303868099416298
                                                              245215472397665192
                                                             183911604298248894
                                                            367823208596497788
                                                                            0
                                                          429127076695914086
                                                          61303868099416298
                                                        245215472397665192
                                                       551734812894746682
                                                      306519340497081490
                                                      61303868099416298
                                                    490430944795330384
                                                   122607736198832596
                                                  122607736198832596
                                                 306519340497081490
                                                551734812894746682
                                               183911604298248894
                                              122607736198832596
                                             122607736198832596
                                            183911604298248894
                                            61303868099416298
                                          306519340497081490
                                         367823208596497788
                                        122607736198832596
                                       306519340497081490
                                      429127076695914086
                                     306519340497081490
                                    122607736198832596
                                    61303868099416298
                                  367823208596497788
                                 122607736198832596
                                306519340497081490
                               183911604298248894
                              306519340497081490
                             306519340497081490
                            306519340497081490
                           429127076695914086
                          306519340497081490
                         183911604298248894
                         61303868099416298
                       183911604298248894
                      490430944795330384
                     122607736198832596
                    183911604298248894
                   490430944795330384
                  183911604298248894
                 429127076695914086
                                 0
                                0
              367823208596497788
             367823208596497788
            551734812894746682
                            0
          490430944795330384
         429127076695914086
        122607736198832596
       367823208596497788
      490430944795330384
                      0
    306519340497081490
   183911604298248894
  367823208596497788
                  0
429127076695914086
---------------------------------------------------------------------------------------------
433020401238332408959014400788700903681236680558675356907212468902382315892910852018224974200

