                                                                              644454578658582740668657873047801357815681439
                                            *704760636313618409535316874927998374437178440380244775453945644571925732687715
                                            -------------------------------------------------------------------------------
                                                                             3222272893292913703343289365239006789078407195
                                                                             644454578658582740668657873047801357815681439
                                                                           4511182050610079184680605111334609504709770073
                                                                          4511182050610079184680605111334609504709770073
                                                                         5155636629268661925349262984382410862525451512
                                                                        3866727471951496444011947238286808146894088634
                                                                       1288909157317165481337315746095602715631362878
                                                                      1933363735975748222005973619143404073447044317
                                                                     4511182050610079184680605111334609504709770073
                                                                    3222272893292913703343289365239006789078407195
                                                                   1288909157317165481337315746095602715631362878
                                                                  5800091207927244666017920857430212220341132951
                                                                  644454578658582740668657873047801357815681439
                                                                4511182050610079184680605111334609504709770073
                                                               3222272893292913703343289365239006789078407195
                                                              2577818314634330962674631492191205431262725756
                                                             2577818314634330962674631492191205431262725756
                                                            3866727471951496444011947238286808146894088634
                                                           3222272893292913703343289365239006789078407195
                                                          2577818314634330962674631492191205431262725756
                                                         5800091207927244666017920857430212220341132951
                                                        1933363735975748222005973619143404073447044317
                                                       3222272893292913703343289365239006789078407195
                                                      2577818314634330962674631492191205431262725756
                                                     3222272893292913703343289365239006789078407195
                                                    4511182050610079184680605111334609504709770073
                                                   4511182050610079184680605111334609504709770073
                                                  2577818314634330962674631492191205431262725756
                                                 2577818314634330962674631492191205431262725756
                                                1288909157317165481337315746095602715631362878
                                                                                            0
                                              5155636629268661925349262984382410862525451512
                                             1933363735975748222005973619143404073447044317
                                                                                         0
                                           2577818314634330962674631492191205431262725756
                                          2577818314634330962674631492191205431262725756
                                         5155636629268661925349262984382410862525451512
                                        4511182050610079184680605111334609504709770073
                                        644454578658582740668657873047801357815681439
                                      4511182050610079184680605111334609504709770073
                                     1933363735975748222005973619143404073447044317
                                    2577818314634330962674631492191205431262725756
                                   2577818314634330962674631492191205431262725756
                                  4511182050610079184680605111334609504709770073
                                 1933363735975748222005973619143404073447044317
                                5155636629268661925349262984382410862525451512
                               5800091207927244666017920857430212220341132951
                              5800091207927244666017920857430212220341132951
                             4511182050610079184680605111334609504709770073
                            1288909157317165481337315746095602715631362878
                           5800091207927244666017920857430212220341132951
                          2577818314634330962674631492191205431262725756
                         4511182050610079184680605111334609504709770073
                        5155636629268661925349262984382410862525451512
                       3866727471951496444011947238286808146894088634
                       644454578658582740668657873047801357815681439
                     1933363735975748222005973619143404073447044317
                    3222272893292913703343289365239006789078407195
                   1933363735975748222005973619143404073447044317
                  3222272893292913703343289365239006789078407195
                 5800091207927244666017920857430212220341132951
                                                             0
               2577818314634330962674631492191205431262725756
              5155636629268661925349262984382410862525451512
              644454578658582740668657873047801357815681439
            3866727471951496444011947238286808146894088634
           1933363735975748222005973619143404073447044317
           644454578658582740668657873047801357815681439
         1933363735975748222005973619143404073447044317
        3866727471951496444011947238286808146894088634
       1933363735975748222005973619143404073447044317
      3866727471951496444011947238286808146894088634
                                                  0
    3866727471951496444011947238286808146894088634
   4511182050610079184680605111334609504709770073
  2577818314634330962674631492191205431262725756
                                              0
4511182050610079184680605111334609504709770073
---------------------------------------------------------------------------------------------------------------------------
454186218930647619148923872279492249045278798963511968268263042416938414046142877984323423401318080848097954869099708821885

