                                                                                        514110266749841843242150609594436857983558543627052268
                                                     *4383987313261155703347075028396725013754181207777102909512341914515891319539217937228189
                                                     -----------------------------------------------------------------------------------------
                                                                                       4626992400748576589179355486349931721852026892643470412
                                                                                      4112882133998734745937204876755494863868468349016418144
                                                                                      514110266749841843242150609594436857983558543627052268
                                                                                    4112882133998734745937204876755494863868468349016418144
                                                                                   1028220533499683686484301219188873715967117087254104536
                                                                                  1028220533499683686484301219188873715967117087254104536
                                                                                 3598771867248892902695054267161058005884909805389365876
                                                                                1542330800249525529726451828783310573950675630881156804
                                                                               4626992400748576589179355486349931721852026892643470412
                                                                              3598771867248892902695054267161058005884909805389365876
                                                                              514110266749841843242150609594436857983558543627052268
                                                                            1028220533499683686484301219188873715967117087254104536
                                                                           4626992400748576589179355486349931721852026892643470412
                                                                          1542330800249525529726451828783310573950675630881156804
                                                                         2570551333749209216210753047972184289917792718135261340
                                                                        4626992400748576589179355486349931721852026892643470412
                                                                        514110266749841843242150609594436857983558543627052268
                                                                      1542330800249525529726451828783310573950675630881156804
                                                                      514110266749841843242150609594436857983558543627052268
                                                                    4626992400748576589179355486349931721852026892643470412
                                                                   4112882133998734745937204876755494863868468349016418144
                                                                  2570551333749209216210753047972184289917792718135261340
                                                                  514110266749841843242150609594436857983558543627052268
                                                                2570551333749209216210753047972184289917792718135261340
                                                               2056441066999367372968602438377747431934234174508209072
                                                               514110266749841843242150609594436857983558543627052268
                                                             4626992400748576589179355486349931721852026892643470412
                                                             514110266749841843242150609594436857983558543627052268
                                                           2056441066999367372968602438377747431934234174508209072
                                                          1542330800249525529726451828783310573950675630881156804
                                                         1028220533499683686484301219188873715967117087254104536
                                                         514110266749841843242150609594436857983558543627052268
                                                       2570551333749209216210753047972184289917792718135261340
                                                      4626992400748576589179355486349931721852026892643470412
                                                                                                           0
                                                    4626992400748576589179355486349931721852026892643470412
                                                   1028220533499683686484301219188873715967117087254104536
                                                                                                        0
                                                  514110266749841843242150609594436857983558543627052268
                                                3598771867248892902695054267161058005884909805389365876
                                               3598771867248892902695054267161058005884909805389365876
                                              3598771867248892902695054267161058005884909805389365876
                                             3598771867248892902695054267161058005884909805389365876
                                                                                                  0
                                           1028220533499683686484301219188873715967117087254104536
                                           514110266749841843242150609594436857983558543627052268
                                         4112882133998734745937204876755494863868468349016418144
                                         514110266749841843242150609594436857983558543627052268
                                       2056441066999367372968602438377747431934234174508209072
                                      2570551333749209216210753047972184289917792718135261340
                                     3598771867248892902695054267161058005884909805389365876
                                    1542330800249525529726451828783310573950675630881156804
                                    514110266749841843242150609594436857983558543627052268
                                                                                        0
                                 2570551333749209216210753047972184289917792718135261340
                                1028220533499683686484301219188873715967117087254104536
                               3598771867248892902695054267161058005884909805389365876
                              3084661600499051059452903657566621147901351261762313608
                             4626992400748576589179355486349931721852026892643470412
                            1542330800249525529726451828783310573950675630881156804
                           4112882133998734745937204876755494863868468349016418144
                          1028220533499683686484301219188873715967117087254104536
                                                                               0
                        2570551333749209216210753047972184289917792718135261340
                       3598771867248892902695054267161058005884909805389365876
                                                                            0
                     3598771867248892902695054267161058005884909805389365876
                    2056441066999367372968602438377747431934234174508209072
                   1542330800249525529726451828783310573950675630881156804
                  1542330800249525529726451828783310573950675630881156804
                                                                       0
                3598771867248892902695054267161058005884909805389365876
               2570551333749209216210753047972184289917792718135261340
              2570551333749209216210753047972184289917792718135261340
              514110266749841843242150609594436857983558543627052268
             514110266749841843242150609594436857983558543627052268
           3084661600499051059452903657566621147901351261762313608
          1028220533499683686484301219188873715967117087254104536
         1542330800249525529726451828783310573950675630881156804
         514110266749841843242150609594436857983558543627052268
       1542330800249525529726451828783310573950675630881156804
      3598771867248892902695054267161058005884909805389365876
     4112882133998734745937204876755494863868468349016418144
    4626992400748576589179355486349931721852026892643470412
   1542330800249525529726451828783310573950675630881156804
  4112882133998734745937204876755494863868468349016418144
 1542330800249525529726451828783310573950675630881156804
2056441066999367372968602438377747431934234174508209072
----------------------------------------------------------------------------------------------------------------------------------------------
2253852887048615213841130366439196131846354928910958216767579631179494161717761481209783719157173358574525525242041360620175353853844545982652

