                                                                                                8921842265496297390041302048996888063299848468198202
                                                   *432637436114021341325261080800154417161783185319442979077168173625432510838460405602600316234697
                                                   -------------------------------------------------------------------------------------------------
                                                                                               62452895858474081730289114342978216443098939277387414
                                                                                              80296580389466676510371718440971992569698636213783818
                                                                                             53531053592977784340247812293981328379799090809189212
                                                                                            35687369061985189560165208195987552253199393872792808
                                                                                           26765526796488892170123906146990664189899545404594606
                                                                                          17843684530992594780082604097993776126599696936396404
                                                                                         53531053592977784340247812293981328379799090809189212
                                                                                         8921842265496297390041302048996888063299848468198202
                                                                                       26765526796488892170123906146990664189899545404594606
                                                                                                                                          0
                                                                                                                                         0
                                                                                    53531053592977784340247812293981328379799090809189212
                                                                                   17843684530992594780082604097993776126599696936396404
                                                                                                                                      0
                                                                                 53531053592977784340247812293981328379799090809189212
                                                                                44609211327481486950206510244984440316499242340991010
                                                                                                                                   0
                                                                              35687369061985189560165208195987552253199393872792808
                                                                                                                                 0
                                                                            53531053592977784340247812293981328379799090809189212
                                                                           35687369061985189560165208195987552253199393872792808
                                                                          71374738123970379120330416391975104506398787745585616
                                                                         26765526796488892170123906146990664189899545404594606
                                                                        71374738123970379120330416391975104506398787745585616
                                                                                                                           0
                                                                       8921842265496297390041302048996888063299848468198202
                                                                     44609211327481486950206510244984440316499242340991010
                                                                    17843684530992594780082604097993776126599696936396404
                                                                   26765526796488892170123906146990664189899545404594606
                                                                  35687369061985189560165208195987552253199393872792808
                                                                 44609211327481486950206510244984440316499242340991010
                                                                17843684530992594780082604097993776126599696936396404
                                                               53531053592977784340247812293981328379799090809189212
                                                              26765526796488892170123906146990664189899545404594606
                                                             62452895858474081730289114342978216443098939277387414
                                                             8921842265496297390041302048996888063299848468198202
                                                           71374738123970379120330416391975104506398787745585616
                                                          53531053592977784340247812293981328379799090809189212
                                                          8921842265496297390041302048996888063299848468198202
                                                        62452895858474081730289114342978216443098939277387414
                                                       62452895858474081730289114342978216443098939277387414
                                                                                                          0
                                                     80296580389466676510371718440971992569698636213783818
                                                    62452895858474081730289114342978216443098939277387414
                                                   80296580389466676510371718440971992569698636213783818
                                                  17843684530992594780082604097993776126599696936396404
                                                 35687369061985189560165208195987552253199393872792808
                                                35687369061985189560165208195987552253199393872792808
                                               80296580389466676510371718440971992569698636213783818
                                               8921842265496297390041302048996888063299848468198202
                                             26765526796488892170123906146990664189899545404594606
                                            44609211327481486950206510244984440316499242340991010
                                           71374738123970379120330416391975104506398787745585616
                                           8921842265496297390041302048996888063299848468198202
                                         26765526796488892170123906146990664189899545404594606
                                        71374738123970379120330416391975104506398787745585616
                                       62452895858474081730289114342978216443098939277387414
                                       8921842265496297390041302048996888063299848468198202
                                     53531053592977784340247812293981328379799090809189212
                                     8921842265496297390041302048996888063299848468198202
                                   62452895858474081730289114342978216443098939277387414
                                   8921842265496297390041302048996888063299848468198202
                                 35687369061985189560165208195987552253199393872792808
                                35687369061985189560165208195987552253199393872792808
                               44609211327481486950206510244984440316499242340991010
                               8921842265496297390041302048996888063299848468198202
                                                                                 0
                                                                                0
                           71374738123970379120330416391975104506398787745585616
                                                                              0
                         71374738123970379120330416391975104506398787745585616
                                                                            0
                        8921842265496297390041302048996888063299848468198202
                      53531053592977784340247812293981328379799090809189212
                     17843684530992594780082604097993776126599696936396404
                    44609211327481486950206510244984440316499242340991010
                   17843684530992594780082604097993776126599696936396404
                  26765526796488892170123906146990664189899545404594606
                  8921842265496297390041302048996888063299848468198202
                35687369061985189560165208195987552253199393872792808
               26765526796488892170123906146990664189899545404594606
               8921842265496297390041302048996888063299848468198202
             17843684530992594780082604097993776126599696936396404
                                                                0
           35687369061985189560165208195987552253199393872792808
           8921842265496297390041302048996888063299848468198202
          8921842265496297390041302048996888063299848468198202
        53531053592977784340247812293981328379799090809189212
       26765526796488892170123906146990664189899545404594606
      35687369061985189560165208195987552253199393872792808
     62452895858474081730289114342978216443098939277387414
    26765526796488892170123906146990664189899545404594606
   53531053592977784340247812293981328379799090809189212
  17843684530992594780082604097993776126599696936396404
 26765526796488892170123906146990664189899545404594606
35687369061985189560165208195987552253199393872792808
----------------------------------------------------------------------------------------------------------------------------------------------------
3859922963158029792525254769530693251741293285753826105189651877316325666645339172303429380704442151393433945931354934385653396672447011772545414794

