            67728146316437443479969490621517280105746390135482378328380541270391875415428066204136075029257386
                                                                                                 *573014567463
           ---------------------------------------------------------------------------------------------------
           203184438949312330439908471864551840317239170406447134985141623811175626246284198612408225087772158
          406368877898624660879816943729103680634478340812894269970283247622351252492568397224816450175544316
         270912585265749773919877962486069120422985560541929513313522165081567501661712264816544300117029544
        474097024215062104359786434350620960740224730948376648298663788892743127907996463428952525204801702
       406368877898624660879816943729103680634478340812894269970283247622351252492568397224816450175544316
      338640731582187217399847453107586400528731950677411891641902706351959377077140331020680375146286930
     270912585265749773919877962486069120422985560541929513313522165081567501661712264816544300117029544
     67728146316437443479969490621517280105746390135482378328380541270391875415428066204136075029257386
                                                                                                     0
  203184438949312330439908471864551840317239170406447134985141623811175626246284198612408225087772158
 474097024215062104359786434350620960740224730948376648298663788892743127907996463428952525204801702
338640731582187217399847453107586400528731950677411891641902706351959377077140331020680375146286930
--------------------------------------------------------------------------------------------------------------
38809214466584178402772227172925159300574482644257084986695500833319421019680896792953561294484436108888031718

