                                                             89995689879946972562793685721409409968955849537794073432914055095
                                                                *9918874713241045019451466422427419306777102207708653890442795
                                                            ------------------------------------------------------------------
                                                            449978449399734862813968428607047049844779247688970367164570275475
                                                           809961208919522753065143171492684689720602645840146660896226495855
                                                          629969829159628807939555800049865869782690946764558514030398385665
                                                         179991379759893945125587371442818819937911699075588146865828110190
                                                        359982759519787890251174742885637639875823398151176293731656220380
                                                       359982759519787890251174742885637639875823398151176293731656220380
                                                                                                                       0
                                                     809961208919522753065143171492684689720602645840146660896226495855
                                                    719965519039575780502349485771275279751646796302352587463312440760
                                                   269987069639840917688381057164228229906867548613382220298742165285
                                                  449978449399734862813968428607047049844779247688970367164570275475
                                                 539974139279681835376762114328456459813735097226764440597484330570
                                                719965519039575780502349485771275279751646796302352587463312440760
                                                                                                                0
                                              629969829159628807939555800049865869782690946764558514030398385665
                                             629969829159628807939555800049865869782690946764558514030398385665
                                                                                                             0
                                           179991379759893945125587371442818819937911699075588146865828110190
                                          179991379759893945125587371442818819937911699075588146865828110190
                                                                                                          0
                                         89995689879946972562793685721409409968955849537794073432914055095
                                       629969829159628807939555800049865869782690946764558514030398385665
                                      629969829159628807939555800049865869782690946764558514030398385665
                                     629969829159628807939555800049865869782690946764558514030398385665
                                    539974139279681835376762114328456459813735097226764440597484330570
                                                                                                    0
                                  269987069639840917688381057164228229906867548613382220298742165285
                                 809961208919522753065143171492684689720602645840146660896226495855
                                 89995689879946972562793685721409409968955849537794073432914055095
                               359982759519787890251174742885637639875823398151176293731656220380
                              629969829159628807939555800049865869782690946764558514030398385665
                             179991379759893945125587371442818819937911699075588146865828110190
                            359982759519787890251174742885637639875823398151176293731656220380
                           179991379759893945125587371442818819937911699075588146865828110190
                          179991379759893945125587371442818819937911699075588146865828110190
                         359982759519787890251174742885637639875823398151176293731656220380
                        539974139279681835376762114328456459813735097226764440597484330570
                       539974139279681835376762114328456459813735097226764440597484330570
                      359982759519787890251174742885637639875823398151176293731656220380
                      89995689879946972562793685721409409968955849537794073432914055095
                    449978449399734862813968428607047049844779247688970367164570275475
                   359982759519787890251174742885637639875823398151176293731656220380
                  809961208919522753065143171492684689720602645840146660896226495855
                  89995689879946972562793685721409409968955849537794073432914055095
                                                                                 0
               449978449399734862813968428607047049844779247688970367164570275475
              359982759519787890251174742885637639875823398151176293731656220380
                                                                              0
             89995689879946972562793685721409409968955849537794073432914055095
           359982759519787890251174742885637639875823398151176293731656220380
          179991379759893945125587371442818819937911699075588146865828110190
         269987069639840917688381057164228229906867548613382220298742165285
         89995689879946972562793685721409409968955849537794073432914055095
       629969829159628807939555800049865869782690946764558514030398385665
      359982759519787890251174742885637639875823398151176293731656220380
     629969829159628807939555800049865869782690946764558514030398385665
    719965519039575780502349485771275279751646796302352587463312440760
   719965519039575780502349485771275279751646796302352587463312440760
   89995689879946972562793685721409409968955849537794073432914055095
 809961208919522753065143171492684689720602645840146660896226495855
809961208919522753065143171492684689720602645840146660896226495855
------------------------------------------------------------------------------------------------------------------------------
892655972650889044751659051802535206563194094163001791803060700310917085237688507817356209153004520278911820589473248575790525

