                                                                                         6579099899631852852784838450219967966846809094389558942887818805
                                                               *69138696796639435924443212400456479339908662515117652984125170827850751617879380145434856
                                                               ------------------------------------------------------------------------------------------
                                                                                        39474599397791117116709030701319807801080854566337353657326912830
                                                                                       32895499498159264263924192251099839834234045471947794714439094025
                                                                                      52632799197054822822278707601759743734774472755116471543102550440
                                                                                     26316399598527411411139353800879871867387236377558235771551275220
                                                                                    19737299698895558558354515350659903900540427283168676828663456415
                                                                                   26316399598527411411139353800879871867387236377558235771551275220
                                                                                  32895499498159264263924192251099839834234045471947794714439094025
                                                                                 26316399598527411411139353800879871867387236377558235771551275220
                                                                                 6579099899631852852784838450219967966846809094389558942887818805
                                                                                                                                               0
                                                                              52632799197054822822278707601759743734774472755116471543102550440
                                                                             19737299698895558558354515350659903900540427283168676828663456415
                                                                            59211899096686675675063546051979711701621281849506030485990369245
                                                                           46053699297422969969493869151539775767927663660726912600214731635
                                                                          52632799197054822822278707601759743734774472755116471543102550440
                                                                         46053699297422969969493869151539775767927663660726912600214731635
                                                                         6579099899631852852784838450219967966846809094389558942887818805
                                                                       39474599397791117116709030701319807801080854566337353657326912830
                                                                       6579099899631852852784838450219967966846809094389558942887818805
                                                                     32895499498159264263924192251099839834234045471947794714439094025
                                                                    46053699297422969969493869151539775767927663660726912600214731635
                                                                                                                                   0
                                                                  32895499498159264263924192251099839834234045471947794714439094025
                                                                 52632799197054822822278707601759743734774472755116471543102550440
                                                                46053699297422969969493869151539775767927663660726912600214731635
                                                               13158199799263705705569676900439935933693618188779117885775637610
                                                              52632799197054822822278707601759743734774472755116471543102550440
                                                                                                                             0
                                                            46053699297422969969493869151539775767927663660726912600214731635
                                                            6579099899631852852784838450219967966846809094389558942887818805
                                                          32895499498159264263924192251099839834234045471947794714439094025
                                                         13158199799263705705569676900439935933693618188779117885775637610
                                                         6579099899631852852784838450219967966846809094389558942887818805
                                                       26316399598527411411139353800879871867387236377558235771551275220
                                                      52632799197054822822278707601759743734774472755116471543102550440
                                                     59211899096686675675063546051979711701621281849506030485990369245
                                                    13158199799263705705569676900439935933693618188779117885775637610
                                                   32895499498159264263924192251099839834234045471947794714439094025
                                                  39474599397791117116709030701319807801080854566337353657326912830
                                                 46053699297422969969493869151539775767927663660726912600214731635
                                                 6579099899631852852784838450219967966846809094389558942887818805
                                                6579099899631852852784838450219967966846809094389558942887818805
                                              32895499498159264263924192251099839834234045471947794714439094025
                                              6579099899631852852784838450219967966846809094389558942887818805
                                            32895499498159264263924192251099839834234045471947794714439094025
                                           13158199799263705705569676900439935933693618188779117885775637610
                                          39474599397791117116709030701319807801080854566337353657326912830
                                         39474599397791117116709030701319807801080854566337353657326912830
                                        52632799197054822822278707601759743734774472755116471543102550440
                                                                                                       0
                                      59211899096686675675063546051979711701621281849506030485990369245
                                     59211899096686675675063546051979711701621281849506030485990369245
                                    19737299698895558558354515350659903900540427283168676828663456415
                                   19737299698895558558354515350659903900540427283168676828663456415
                                  59211899096686675675063546051979711701621281849506030485990369245
                                 46053699297422969969493869151539775767927663660726912600214731635
                                26316399598527411411139353800879871867387236377558235771551275220
                               39474599397791117116709030701319807801080854566337353657326912830
                              32895499498159264263924192251099839834234045471947794714439094025
                             26316399598527411411139353800879871867387236377558235771551275220
                                                                                            0
                                                                                           0
                          26316399598527411411139353800879871867387236377558235771551275220
                         13158199799263705705569676900439935933693618188779117885775637610
                         6579099899631852852784838450219967966846809094389558942887818805
                       13158199799263705705569676900439935933693618188779117885775637610
                      19737299698895558558354515350659903900540427283168676828663456415
                     26316399598527411411139353800879871867387236377558235771551275220
                    26316399598527411411139353800879871867387236377558235771551275220
                   26316399598527411411139353800879871867387236377558235771551275220
                  13158199799263705705569676900439935933693618188779117885775637610
                 59211899096686675675063546051979711701621281849506030485990369245
                32895499498159264263924192251099839834234045471947794714439094025
               19737299698895558558354515350659903900540427283168676828663456415
              26316399598527411411139353800879871867387236377558235771551275220
             59211899096686675675063546051979711701621281849506030485990369245
            19737299698895558558354515350659903900540427283168676828663456415
           39474599397791117116709030701319807801080854566337353657326912830
          39474599397791117116709030701319807801080854566337353657326912830
         59211899096686675675063546051979711701621281849506030485990369245
        46053699297422969969493869151539775767927663660726912600214731635
       39474599397791117116709030701319807801080854566337353657326912830
      59211899096686675675063546051979711701621281849506030485990369245
     39474599397791117116709030701319807801080854566337353657326912830
    52632799197054822822278707601759743734774472755116471543102550440
   19737299698895558558354515350659903900540427283168676828663456415
   6579099899631852852784838450219967966846809094389558942887818805
 59211899096686675675063546051979711701621281849506030485990369245
39474599397791117116709030701319807801080854566337353657326912830
---------------------------------------------------------------------------------------------------------------------------------------------------------
454870393155447619238703909583712229710967958305954688819071961343027955960132685084853882720063665285735833837738257631029369278189360548143052059267080

