                                                                                                    29
*30342410778665530724837304492685619961939895458420913654093362824810904994439282274639049475768159250
------------------------------------------------------------------------------------------------------
                                                                                                     0
                                                                                                  145
                                                                                                  58
                                                                                                261
                                                                                               145
                                                                                               29
                                                                                             232
                                                                                            174
                                                                                           203
                                                                                          145
                                                                                         203
                                                                                        116
                                                                                       261
                                                                                      116
                                                                                       0
                                                                                    261
                                                                                    87
                                                                                  174
                                                                                 116
                                                                                203
                                                                                58
                                                                               58
                                                                             232
                                                                             58
                                                                           261
                                                                           87
                                                                         116
                                                                        116
                                                                       261
                                                                      261
                                                                     116
                                                                      0
                                                                   261
                                                                    0
                                                                  29
                                                                232
                                                               116
                                                               58
                                                             232
                                                             58
                                                           174
                                                           87
                                                          87
                                                        261
                                                         0
                                                      116
                                                     145
                                                    174
                                                    87
                                                   29
                                                 261
                                                  0
                                                58
                                              116
                                             232
                                            145
                                           116
                                          145
                                         261
                                        232
                                       261
                                       87
                                     261
                                     29
                                   174
                                  261
                                 261
                                 29
                               174
                              145
                             232
                            174
                            58
                          261
                         116
                        116
                         0
                       87
                     203
                     87
                   232
                  116
                  58
                203
                 0
               87
             145
            145
           174
          174
         232
        203
       203
        0
      29
    116
    58
  116
  87
  0
87
------------------------------------------------------------------------------------------------------
879929912581300391020281830287882978896256968294206495968707521919516244838739185964532434797276618250

