                                                                                                     54518810160953281269027686690085537318325420848975877645304412966797530072056953431205735276572142906
                                                                                                    *90311981416838886249904735154124256454696289178892792166782204620275645363280060339655223443806834408
                                                                                                    ------------------------------------------------------------------------------------------------------
                                                                                                    436150481287626250152221493520684298546603366791807021162435303734380240576455627449645882212577143248
                                                                                                                                                                                                        0
                                                                                                  218075240643813125076110746760342149273301683395903510581217651867190120288227813724822941106288571624
                                                                                                 218075240643813125076110746760342149273301683395903510581217651867190120288227813724822941106288571624
                                                                                                163556430482859843807083060070256611954976262546927632935913238900392590216170860293617205829716428718
                                                                                               436150481287626250152221493520684298546603366791807021162435303734380240576455627449645882212577143248
                                                                                              327112860965719687614166120140513223909952525093855265871826477800785180432341720587234411659432857436
                                                                                                                                                                                                  0
                                                                                            436150481287626250152221493520684298546603366791807021162435303734380240576455627449645882212577143248
                                                                                           163556430482859843807083060070256611954976262546927632935913238900392590216170860293617205829716428718
                                                                                          218075240643813125076110746760342149273301683395903510581217651867190120288227813724822941106288571624
                                                                                         218075240643813125076110746760342149273301683395903510581217651867190120288227813724822941106288571624
                                                                                        163556430482859843807083060070256611954976262546927632935913238900392590216170860293617205829716428718
                                                                                       109037620321906562538055373380171074636650841697951755290608825933595060144113906862411470553144285812
                                                                                      109037620321906562538055373380171074636650841697951755290608825933595060144113906862411470553144285812
                                                                                     272594050804766406345138433450427686591627104244879388226522064833987650360284767156028676382860714530
                                                                                    272594050804766406345138433450427686591627104244879388226522064833987650360284767156028676382860714530
                                                                                   327112860965719687614166120140513223909952525093855265871826477800785180432341720587234411659432857436
                                                                                  490669291448579531421249180210769835864928787640782898807739716701177770648512580880851617489149286154
                                                                                 163556430482859843807083060070256611954976262546927632935913238900392590216170860293617205829716428718
                                                                                163556430482859843807083060070256611954976262546927632935913238900392590216170860293617205829716428718
                                                                                                                                                                                    0
                                                                              327112860965719687614166120140513223909952525093855265871826477800785180432341720587234411659432857436
                                                                                                                                                                                  0
                                                                                                                                                                                 0
                                                                           436150481287626250152221493520684298546603366791807021162435303734380240576455627449645882212577143248
                                                                          109037620321906562538055373380171074636650841697951755290608825933595060144113906862411470553144285812
                                                                         163556430482859843807083060070256611954976262546927632935913238900392590216170860293617205829716428718
                                                                        327112860965719687614166120140513223909952525093855265871826477800785180432341720587234411659432857436
                                                                       163556430482859843807083060070256611954976262546927632935913238900392590216170860293617205829716428718
                                                                      272594050804766406345138433450427686591627104244879388226522064833987650360284767156028676382860714530
                                                                     218075240643813125076110746760342149273301683395903510581217651867190120288227813724822941106288571624
                                                                    327112860965719687614166120140513223909952525093855265871826477800785180432341720587234411659432857436
                                                                   272594050804766406345138433450427686591627104244879388226522064833987650360284767156028676382860714530
                                                                  381631671126672968883193806830598761228277945942831143517130890767582710504398674018440146936005000342
                                                                 109037620321906562538055373380171074636650841697951755290608825933595060144113906862411470553144285812
                                                                                                                                                                     0
                                                               109037620321906562538055373380171074636650841697951755290608825933595060144113906862411470553144285812
                                                              327112860965719687614166120140513223909952525093855265871826477800785180432341720587234411659432857436
                                                             218075240643813125076110746760342149273301683395903510581217651867190120288227813724822941106288571624
                                                                                                                                                                 0
                                                           109037620321906562538055373380171074636650841697951755290608825933595060144113906862411470553144285812
                                                          109037620321906562538055373380171074636650841697951755290608825933595060144113906862411470553144285812
                                                         436150481287626250152221493520684298546603366791807021162435303734380240576455627449645882212577143248
                                                        381631671126672968883193806830598761228277945942831143517130890767582710504398674018440146936005000342
                                                       327112860965719687614166120140513223909952525093855265871826477800785180432341720587234411659432857436
                                                      327112860965719687614166120140513223909952525093855265871826477800785180432341720587234411659432857436
                                                      54518810160953281269027686690085537318325420848975877645304412966797530072056953431205735276572142906
                                                    109037620321906562538055373380171074636650841697951755290608825933595060144113906862411470553144285812
                                                   490669291448579531421249180210769835864928787640782898807739716701177770648512580880851617489149286154
                                                  381631671126672968883193806830598761228277945942831143517130890767582710504398674018440146936005000342
                                                 109037620321906562538055373380171074636650841697951755290608825933595060144113906862411470553144285812
                                                490669291448579531421249180210769835864928787640782898807739716701177770648512580880851617489149286154
                                               436150481287626250152221493520684298546603366791807021162435303734380240576455627449645882212577143248
                                              436150481287626250152221493520684298546603366791807021162435303734380240576455627449645882212577143248
                                             381631671126672968883193806830598761228277945942831143517130890767582710504398674018440146936005000342
                                             54518810160953281269027686690085537318325420848975877645304412966797530072056953431205735276572142906
                                           490669291448579531421249180210769835864928787640782898807739716701177770648512580880851617489149286154
                                          436150481287626250152221493520684298546603366791807021162435303734380240576455627449645882212577143248
                                         109037620321906562538055373380171074636650841697951755290608825933595060144113906862411470553144285812
                                        327112860965719687614166120140513223909952525093855265871826477800785180432341720587234411659432857436
                                       490669291448579531421249180210769835864928787640782898807739716701177770648512580880851617489149286154
                                      327112860965719687614166120140513223909952525093855265871826477800785180432341720587234411659432857436
                                     218075240643813125076110746760342149273301683395903510581217651867190120288227813724822941106288571624
                                    272594050804766406345138433450427686591627104244879388226522064833987650360284767156028676382860714530
                                   218075240643813125076110746760342149273301683395903510581217651867190120288227813724822941106288571624
                                  327112860965719687614166120140513223909952525093855265871826477800785180432341720587234411659432857436
                                 272594050804766406345138433450427686591627104244879388226522064833987650360284767156028676382860714530
                                109037620321906562538055373380171074636650841697951755290608825933595060144113906862411470553144285812
                               218075240643813125076110746760342149273301683395903510581217651867190120288227813724822941106288571624
                              109037620321906562538055373380171074636650841697951755290608825933595060144113906862411470553144285812
                              54518810160953281269027686690085537318325420848975877645304412966797530072056953431205735276572142906
                            218075240643813125076110746760342149273301683395903510581217651867190120288227813724822941106288571624
                           272594050804766406345138433450427686591627104244879388226522064833987650360284767156028676382860714530
                           54518810160953281269027686690085537318325420848975877645304412966797530072056953431205735276572142906
                         272594050804766406345138433450427686591627104244879388226522064833987650360284767156028676382860714530
                        163556430482859843807083060070256611954976262546927632935913238900392590216170860293617205829716428718
                       381631671126672968883193806830598761228277945942831143517130890767582710504398674018440146936005000342
                      218075240643813125076110746760342149273301683395903510581217651867190120288227813724822941106288571624
                                                                                                                          0
                    490669291448579531421249180210769835864928787640782898807739716701177770648512580880851617489149286154
                   490669291448579531421249180210769835864928787640782898807739716701177770648512580880851617489149286154
                  218075240643813125076110746760342149273301683395903510581217651867190120288227813724822941106288571624
                 109037620321906562538055373380171074636650841697951755290608825933595060144113906862411470553144285812
                327112860965719687614166120140513223909952525093855265871826477800785180432341720587234411659432857436
               436150481287626250152221493520684298546603366791807021162435303734380240576455627449645882212577143248
              436150481287626250152221493520684298546603366791807021162435303734380240576455627449645882212577143248
             436150481287626250152221493520684298546603366791807021162435303734380240576455627449645882212577143248
            163556430482859843807083060070256611954976262546927632935913238900392590216170860293617205829716428718
           436150481287626250152221493520684298546603366791807021162435303734380240576455627449645882212577143248
          327112860965719687614166120140513223909952525093855265871826477800785180432341720587234411659432857436
          54518810160953281269027686690085537318325420848975877645304412966797530072056953431205735276572142906
        218075240643813125076110746760342149273301683395903510581217651867190120288227813724822941106288571624
        54518810160953281269027686690085537318325420848975877645304412966797530072056953431205735276572142906
      436150481287626250152221493520684298546603366791807021162435303734380240576455627449645882212577143248
     490669291448579531421249180210769835864928787640782898807739716701177770648512580880851617489149286154
     54518810160953281269027686690085537318325420848975877645304412966797530072056953431205735276572142906
    54518810160953281269027686690085537318325420848975877645304412966797530072056953431205735276572142906
  163556430482859843807083060070256611954976262546927632935913238900392590216170860293617205829716428718
                                                                                                      0
490669291448579531421249180210769835864928787640782898807739716701177770648512580880851617489149286154
----------------------------------------------------------------------------------------------------------------------------------------------------------------------------------------------------------
4923701770124179787017839605246133339488172126942362399612365914120825233863915019024134848372727667212411138364011744766884985866034261466554969087131289927179554798148852851423409994835146548853909648

