                                                                                                     35
 *73727891082065003570442190750007380179378585195543588797873884622639667426035589948728506894256510586
 ------------------------------------------------------------------------------------------------------
                                                                                                    210
                                                                                                   280
                                                                                                  175
                                                                                                   0
                                                                                                 35
                                                                                               175
                                                                                              210
                                                                                             175
                                                                                             70
                                                                                           140
                                                                                          315
                                                                                         280
                                                                                        210
                                                                                         0
                                                                                      175
                                                                                     280
                                                                                     70
                                                                                   245
                                                                                  280
                                                                                 140
                                                                                315
                                                                               315
                                                                              280
                                                                             175
                                                                            175
                                                                           105
                                                                            0
                                                                         210
                                                                         70
                                                                       140
                                                                      245
                                                                     210
                                                                    210
                                                                   315
                                                                  105
                                                                 210
                                                                 70
                                                                70
                                                              210
                                                             140
                                                            280
                                                           280
                                                          105
                                                         245
                                                        280
                                                       245
                                                      315
                                                     245
                                                    280
                                                   280
                                                  175
                                                 105
                                                140
                                               175
                                              175
                                             315
                                             35
                                           175
                                          280
                                         175
                                        280
                                       245
                                      105
                                     315
                                    245
                                    35
                                    0
                                 280
                                105
                               245
                                0
                               0
                              0
                           175
                          245
                           0
                        315
                        35
                       70
                     140
                    140
                     0
                  245
                 175
                105
                 0
                0
             175
            210
             0
           70
         280
          0
        35
      315
     280
    245
    70
  245
 105
245
-------------------------------------------------------------------------------------------------------
2580476187872275124965476676250258306278250481844025607925585961792388359911245648205497741298977870510

