                                                                   7723202963406599890684512058626308629926376925904072534830793333106198725427
                                                                           *9284267792522225558754953788106125551230583715271157652920841554119
                                                                  -----------------------------------------------------------------------------
                                                                  69508826670659399016160608527636777669337392333136652813477139997955788528843
                                                                  7723202963406599890684512058626308629926376925904072534830793333106198725427
                                                                 7723202963406599890684512058626308629926376925904072534830793333106198725427
                                                               30892811853626399562738048234505234519705507703616290139323173332424794901708
                                                              38616014817032999453422560293131543149631884629520362674153966665530993627135
                                                             38616014817032999453422560293131543149631884629520362674153966665530993627135
                                                             7723202963406599890684512058626308629926376925904072534830793333106198725427
                                                           30892811853626399562738048234505234519705507703616290139323173332424794901708
                                                          61785623707252799125476096469010469039411015407232580278646346664849589803416
                                                                                                                                     0
                                                        15446405926813199781369024117252617259852753851808145069661586666212397450854
                                                       69508826670659399016160608527636777669337392333136652813477139997955788528843
                                                      15446405926813199781369024117252617259852753851808145069661586666212397450854
                                                     38616014817032999453422560293131543149631884629520362674153966665530993627135
                                                    46339217780439599344107072351757851779558261555424435208984759998637192352562
                                                   54062420743846199234791584410384160409484638481328507743815553331743391077989
                                                  38616014817032999453422560293131543149631884629520362674153966665530993627135
                                                  7723202963406599890684512058626308629926376925904072534830793333106198725427
                                                 7723202963406599890684512058626308629926376925904072534830793333106198725427
                                               54062420743846199234791584410384160409484638481328507743815553331743391077989
                                              15446405926813199781369024117252617259852753851808145069661586666212397450854
                                             38616014817032999453422560293131543149631884629520362674153966665530993627135
                                             7723202963406599890684512058626308629926376925904072534830793333106198725427
                                           54062420743846199234791584410384160409484638481328507743815553331743391077989
                                          23169608890219799672053536175878925889779130777712217604492379999318596176281
                                         61785623707252799125476096469010469039411015407232580278646346664849589803416
                                        38616014817032999453422560293131543149631884629520362674153966665530993627135
                                                                                                                   0
                                      23169608890219799672053536175878925889779130777712217604492379999318596176281
                                     15446405926813199781369024117252617259852753851808145069661586666212397450854
                                     7723202963406599890684512058626308629926376925904072534830793333106198725427
                                   38616014817032999453422560293131543149631884629520362674153966665530993627135
                                  38616014817032999453422560293131543149631884629520362674153966665530993627135
                                 38616014817032999453422560293131543149631884629520362674153966665530993627135
                                15446405926813199781369024117252617259852753851808145069661586666212397450854
                                7723202963406599890684512058626308629926376925904072534830793333106198725427
                              46339217780439599344107072351757851779558261555424435208984759998637192352562
                                                                                                         0
                             7723202963406599890684512058626308629926376925904072534830793333106198725427
                           61785623707252799125476096469010469039411015407232580278646346664849589803416
                          61785623707252799125476096469010469039411015407232580278646346664849589803416
                         54062420743846199234791584410384160409484638481328507743815553331743391077989
                        23169608890219799672053536175878925889779130777712217604492379999318596176281
                       38616014817032999453422560293131543149631884629520362674153966665530993627135
                      69508826670659399016160608527636777669337392333136652813477139997955788528843
                     30892811853626399562738048234505234519705507703616290139323173332424794901708
                    38616014817032999453422560293131543149631884629520362674153966665530993627135
                   54062420743846199234791584410384160409484638481328507743815553331743391077989
                  61785623707252799125476096469010469039411015407232580278646346664849589803416
                 38616014817032999453422560293131543149631884629520362674153966665530993627135
                38616014817032999453422560293131543149631884629520362674153966665530993627135
               38616014817032999453422560293131543149631884629520362674153966665530993627135
              15446405926813199781369024117252617259852753851808145069661586666212397450854
             15446405926813199781369024117252617259852753851808145069661586666212397450854
            15446405926813199781369024117252617259852753851808145069661586666212397450854
           15446405926813199781369024117252617259852753851808145069661586666212397450854
          38616014817032999453422560293131543149631884629520362674153966665530993627135
         15446405926813199781369024117252617259852753851808145069661586666212397450854
        69508826670659399016160608527636777669337392333136652813477139997955788528843
       54062420743846199234791584410384160409484638481328507743815553331743391077989
      54062420743846199234791584410384160409484638481328507743815553331743391077989
     46339217780439599344107072351757851779558261555424435208984759998637192352562
    15446405926813199781369024117252617259852753851808145069661586666212397450854
   30892811853626399562738048234505234519705507703616290139323173332424794901708
  61785623707252799125476096469010469039411015407232580278646346664849589803416
 15446405926813199781369024117252617259852753851808145069661586666212397450854
69508826670659399016160608527636777669337392333136652813477139997955788528843
-----------------------------------------------------------------------------------------------------------------------------------------------
71704284528268103948255862681471578431880822737289220638719031824816381084537259242977619189398331518655191876501444825892394105398655641883813

