                                                                          443038616898853428915758186853797191963542437780672257176852131941047
                                                                    *40254532338151632391912231742115131684827733806146238561735947560639012886
                                                                    ---------------------------------------------------------------------------
                                                                         2658231701393120573494549121122783151781254626684033543061112791646282
                                                                        3544308935190827431326065494830377535708339502245378057414817055528376
                                                                       3544308935190827431326065494830377535708339502245378057414817055528376
                                                                       886077233797706857831516373707594383927084875561344514353704263882094
                                                                      443038616898853428915758186853797191963542437780672257176852131941047
                                                                                                                                         0
                                                                   3987347552089680860241823681684174727671881940026050314591669187469423
                                                                  1329115850696560286747274560561391575890627313342016771530556395823141
                                                                 2658231701393120573494549121122783151781254626684033543061112791646282
                                                                                                                                     0
                                                               2658231701393120573494549121122783151781254626684033543061112791646282
                                                              2215193084494267144578790934268985959817712188903361285884260659705235
                                                             3101270318291974002410307307976580343744797064464705800237964923587329
                                                            1772154467595413715663032747415188767854169751122689028707408527764188
                                                           3987347552089680860241823681684174727671881940026050314591669187469423
                                                          2215193084494267144578790934268985959817712188903361285884260659705235
                                                         1329115850696560286747274560561391575890627313342016771530556395823141
                                                        3101270318291974002410307307976580343744797064464705800237964923587329
                                                        443038616898853428915758186853797191963542437780672257176852131941047
                                                      2658231701393120573494549121122783151781254626684033543061112791646282
                                                     2215193084494267144578790934268985959817712188903361285884260659705235
                                                    3544308935190827431326065494830377535708339502245378057414817055528376
                                                   1329115850696560286747274560561391575890627313342016771530556395823141
                                                   886077233797706857831516373707594383927084875561344514353704263882094
                                                 2658231701393120573494549121122783151781254626684033543061112791646282
                                                1772154467595413715663032747415188767854169751122689028707408527764188
                                                443038616898853428915758186853797191963542437780672257176852131941047
                                              2658231701393120573494549121122783151781254626684033543061112791646282
                                                                                                                  0
                                            3544308935190827431326065494830377535708339502245378057414817055528376
                                           1329115850696560286747274560561391575890627313342016771530556395823141
                                          1329115850696560286747274560561391575890627313342016771530556395823141
                                         3101270318291974002410307307976580343744797064464705800237964923587329
                                        3101270318291974002410307307976580343744797064464705800237964923587329
                                        886077233797706857831516373707594383927084875561344514353704263882094
                                      3544308935190827431326065494830377535708339502245378057414817055528376
                                     1772154467595413715663032747415188767854169751122689028707408527764188
                                    3544308935190827431326065494830377535708339502245378057414817055528376
                                   2658231701393120573494549121122783151781254626684033543061112791646282
                                   443038616898853428915758186853797191963542437780672257176852131941047
                                 1329115850696560286747274560561391575890627313342016771530556395823141
                                 443038616898853428915758186853797191963542437780672257176852131941047
                               2215193084494267144578790934268985959817712188903361285884260659705235
                               443038616898853428915758186853797191963542437780672257176852131941047
                              443038616898853428915758186853797191963542437780672257176852131941047
                             886077233797706857831516373707594383927084875561344514353704263882094
                           1772154467595413715663032747415188767854169751122689028707408527764188
                          3101270318291974002410307307976580343744797064464705800237964923587329
                          443038616898853428915758186853797191963542437780672257176852131941047
                        1329115850696560286747274560561391575890627313342016771530556395823141
                        886077233797706857831516373707594383927084875561344514353704263882094
                       886077233797706857831516373707594383927084875561344514353704263882094
                      443038616898853428915758186853797191963542437780672257176852131941047
                    3987347552089680860241823681684174727671881940026050314591669187469423
                    443038616898853428915758186853797191963542437780672257176852131941047
                  3987347552089680860241823681684174727671881940026050314591669187469423
                 1329115850696560286747274560561391575890627313342016771530556395823141
                 886077233797706857831516373707594383927084875561344514353704263882094
               1329115850696560286747274560561391575890627313342016771530556395823141
              2658231701393120573494549121122783151781254626684033543061112791646282
              443038616898853428915758186853797191963542437780672257176852131941047
            2215193084494267144578790934268985959817712188903361285884260659705235
            443038616898853428915758186853797191963542437780672257176852131941047
          3544308935190827431326065494830377535708339502245378057414817055528376
         1329115850696560286747274560561391575890627313342016771530556395823141
        1329115850696560286747274560561391575890627313342016771530556395823141
        886077233797706857831516373707594383927084875561344514353704263882094
      1329115850696560286747274560561391575890627313342016771530556395823141
     2215193084494267144578790934268985959817712188903361285884260659705235
    1772154467595413715663032747415188767854169751122689028707408527764188
   2215193084494267144578790934268985959817712188903361285884260659705235
   886077233797706857831516373707594383927084875561344514353704263882094
                                                                      0
1772154467595413715663032747415188767854169751122689028707408527764188
-----------------------------------------------------------------------------------------------------------------------------------------------
17834312331004867634601432250397389977110287969944041894385936623971337659987954666544058079138313974342546601998422479174893096722221225331642

