                                                                                                    34
*29067283999574690548167168078319326144444491860914731548455297230944399748834826399554490929752747286
------------------------------------------------------------------------------------------------------
                                                                                                   204
                                                                                                  272
                                                                                                  68
                                                                                                238
                                                                                               136
                                                                                              238
                                                                                              68
                                                                                            170
                                                                                           238
                                                                                          306
                                                                                          68
                                                                                        306
                                                                                         0
                                                                                      306
                                                                                     136
                                                                                    136
                                                                                   170
                                                                                  170
                                                                                 306
                                                                                306
                                                                               102
                                                                              204
                                                                              68
                                                                            272
                                                                           136
                                                                          102
                                                                         272
                                                                        272
                                                                       136
                                                                      238
                                                                     306
                                                                    306
                                                                   102
                                                                  136
                                                                 136
                                                                306
                                                                 0
                                                              102
                                                              68
                                                            238
                                                           306
                                                           68
                                                         170
                                                        170
                                                       136
                                                      272
                                                     136
                                                    170
                                                    34
                                                  102
                                                 238
                                                136
                                                34
                                              306
                                               0
                                            204
                                           272
                                           34
                                         306
                                        136
                                       136
                                      136
                                     136
                                    136
                                   136
                                   34
                                 204
                                 68
                               102
                              306
                              34
                            102
                           272
                          238
                           0
                        272
                       204
                       34
                     238
                    204
                    34
                  272
                 136
                170
                 0
              306
             204
            136
           238
          170
         306
        306
       306
      102
     272
     68
   238
  204
   0
306
68
------------------------------------------------------------------------------------------------------
988287655985539478637683714662857088911112723271100872647480105852109591460384097584852691611593407724

