                                                                              84714506598
          *434525777864720838926497958507441893471158530624426076861622467556994009963925
          -------------------------------------------------------------------------------
                                                                             423572532990
                                                                            169429013196
                                                                           762430559382
                                                                          254143519794
                                                                         508287039588
                                                                        762430559382
                                                                       762430559382
                                                                                 0
                                                                                0
                                                                    338858026392
                                                                   762430559382
                                                                  762430559382
                                                                 508287039588
                                                                423572532990
                                                               423572532990
                                                              593001546186
                                                             508287039588
                                                            338858026392
                                                           169429013196
                                                          169429013196
                                                         508287039588
                                                         84714506598
                                                       508287039588
                                                      677716052784
                                                     508287039588
                                                    593001546186
                                                              0
                                                  508287039588
                                                 169429013196
                                                338858026392
                                               338858026392
                                              169429013196
                                             508287039588
                                                       0
                                           254143519794
                                          423572532990
                                         677716052784
                                        423572532990
                                        84714506598
                                       84714506598
                                     593001546186
                                    338858026392
                                   254143519794
                                  762430559382
                                 677716052784
                                 84714506598
                               338858026392
                              338858026392
                             593001546186
                                       0
                           423572532990
                          677716052784
                         423572532990
                        762430559382
                       593001546186
                      762430559382
                     338858026392
                    508287039588
                   169429013196
                  762430559382
                 677716052784
                254143519794
               677716052784
                         0
             169429013196
            593001546186
           338858026392
          508287039588
         677716052784
        593001546186
       593001546186
      593001546186
     423572532990
    169429013196
   423572532990
  338858026392
 254143519794
338858026392
-----------------------------------------------------------------------------------------
36810636875921975860666906543012216516564072465286927948257171660842009998135402154477150

