                                                                                                600058636041487004519390167850510
                                *626589193232032494423549235387450109118541755004447702735264019020942896961561906787950487988891
                                -------------------------------------------------------------------------------------------------
                                                                                                600058636041487004519390167850510
                                                                                              5400527724373383040674511510654590
                                                                                             4800469088331896036155121342804080
                                                                                            4800469088331896036155121342804080
                                                                                           4800469088331896036155121342804080
                                                                                          5400527724373383040674511510654590
                                                                                         4200410452290409031635731174953570
                                                                                        4800469088331896036155121342804080
                                                                                       2400234544165948018077560671402040
                                                                                                                       0
                                                                                     3000293180207435022596950839252550
                                                                                    5400527724373383040674511510654590
                                                                                   4200410452290409031635731174953570
                                                                                  4800469088331896036155121342804080
                                                                                 4200410452290409031635731174953570
                                                                                3600351816248922027116341007103060
                                                                                                                0
                                                                              5400527724373383040674511510654590
                                                                              600058636041487004519390167850510
                                                                            3600351816248922027116341007103060
                                                                           3000293180207435022596950839252550
                                                                           600058636041487004519390167850510
                                                                         3600351816248922027116341007103060
                                                                        5400527724373383040674511510654590
                                                                       3600351816248922027116341007103060
                                                                      5400527724373383040674511510654590
                                                                     4800469088331896036155121342804080
                                                                    1200117272082974009038780335701020
                                                                   2400234544165948018077560671402040
                                                                  5400527724373383040674511510654590
                                                                                                  0
                                                                1200117272082974009038780335701020
                                                                                                0
                                                              5400527724373383040674511510654590
                                                              600058636041487004519390167850510
                                                                                             0
                                                           2400234544165948018077560671402040
                                                          3600351816248922027116341007103060
                                                         1200117272082974009038780335701020
                                                        3000293180207435022596950839252550
                                                       1800175908124461013558170503551530
                                                      4200410452290409031635731174953570
                                                     1200117272082974009038780335701020
                                                                                     0
                                                   4200410452290409031635731174953570
                                                  4200410452290409031635731174953570
                                                 2400234544165948018077560671402040
                                                2400234544165948018077560671402040
                                               2400234544165948018077560671402040
                                                                               0
                                                                              0
                                            3000293180207435022596950839252550
                                           3000293180207435022596950839252550
                                          4200410452290409031635731174953570
                                          600058636041487004519390167850510
                                        2400234544165948018077560671402040
                                       3000293180207435022596950839252550
                                      4800469088331896036155121342804080
                                      600058636041487004519390167850510
                                     600058636041487004519390167850510
                                   5400527724373383040674511510654590
                                                                   0
                                  600058636041487004519390167850510
                                                                 0
                               3000293180207435022596950839252550
                              2400234544165948018077560671402040
                             4200410452290409031635731174953570
                            4800469088331896036155121342804080
                           1800175908124461013558170503551530
                          3000293180207435022596950839252550
                         1800175908124461013558170503551530
                        1200117272082974009038780335701020
                       5400527724373383040674511510654590
                      2400234544165948018077560671402040
                     3000293180207435022596950839252550
                    1800175908124461013558170503551530
                   1200117272082974009038780335701020
                  2400234544165948018077560671402040
                 2400234544165948018077560671402040
                5400527724373383040674511510654590
               2400234544165948018077560671402040
              1200117272082974009038780335701020
             1800175908124461013558170503551530
                                             0
           1200117272082974009038780335701020
          1800175908124461013558170503551530
         1200117272082974009038780335701020
        1800175908124461013558170503551530
       5400527724373383040674511510654590
       600058636041487004519390167850510
     5400527724373383040674511510654590
    4800469088331896036155121342804080
   3000293180207435022596950839252550
  3600351816248922027116341007103060
 1200117272082974009038780335701020
3600351816248922027116341007103060
---------------------------------------------------------------------------------------------------------------------------------
375990256649149158802890931735817010582289174976599322769320355449397885598089267548500726299139220301883127759065360174228684410

