                                                                                                     82824067471915538152523734974052335841688770333149401775273688912596755632665080930108625993895045721
                                                                                                    *38554204014315491751699640197309164685196528178343412487496137154612131794601436788036776499214676989
                                                                                                    ------------------------------------------------------------------------------------------------------
                                                                                                    745416607247239843372713614766471022575198932998344615977463200213370800693985728370977633945055411489
                                                                                                   662592539775324305220189879792418686733510162665195214202189511300774045061320647440869007951160365768
                                                                                                  745416607247239843372713614766471022575198932998344615977463200213370800693985728370977633945055411489
                                                                                                 496944404831493228915142409844314015050132621998896410651642133475580533795990485580651755963370274326
                                                                                                579768472303408767067666144818366350891821392332045812426915822388177289428655566510760381957265320047
                                                                                               496944404831493228915142409844314015050132621998896410651642133475580533795990485580651755963370274326
                                                                                              331296269887662152610094939896209343366755081332597607101094755650387022530660323720434503975580182884
                                                                                              82824067471915538152523734974052335841688770333149401775273688912596755632665080930108625993895045721
                                                                                            165648134943831076305047469948104671683377540666298803550547377825193511265330161860217251987790091442
                                                                                           745416607247239843372713614766471022575198932998344615977463200213370800693985728370977633945055411489
                                                                                          745416607247239843372713614766471022575198932998344615977463200213370800693985728370977633945055411489
                                                                                         331296269887662152610094939896209343366755081332597607101094755650387022530660323720434503975580182884
                                                                                        496944404831493228915142409844314015050132621998896410651642133475580533795990485580651755963370274326
                                                                                       579768472303408767067666144818366350891821392332045812426915822388177289428655566510760381957265320047
                                                                                      579768472303408767067666144818366350891821392332045812426915822388177289428655566510760381957265320047
                                                                                     496944404831493228915142409844314015050132621998896410651642133475580533795990485580651755963370274326
                                                                                    248472202415746614457571204922157007525066310999448205325821066737790266897995242790325877981685137163
                                                                                                                                                                                        0
                                                                                  662592539775324305220189879792418686733510162665195214202189511300774045061320647440869007951160365768
                                                                                 662592539775324305220189879792418686733510162665195214202189511300774045061320647440869007951160365768
                                                                                579768472303408767067666144818366350891821392332045812426915822388177289428655566510760381957265320047
                                                                               496944404831493228915142409844314015050132621998896410651642133475580533795990485580651755963370274326
                                                                              248472202415746614457571204922157007525066310999448205325821066737790266897995242790325877981685137163
                                                                             331296269887662152610094939896209343366755081332597607101094755650387022530660323720434503975580182884
                                                                             82824067471915538152523734974052335841688770333149401775273688912596755632665080930108625993895045721
                                                                                                                                                                                0
                                                                          496944404831493228915142409844314015050132621998896410651642133475580533795990485580651755963370274326
                                                                         331296269887662152610094939896209343366755081332597607101094755650387022530660323720434503975580182884
                                                                        745416607247239843372713614766471022575198932998344615977463200213370800693985728370977633945055411489
                                                                       579768472303408767067666144818366350891821392332045812426915822388177289428655566510760381957265320047
                                                                       82824067471915538152523734974052335841688770333149401775273688912596755632665080930108625993895045721
                                                                     248472202415746614457571204922157007525066310999448205325821066737790266897995242790325877981685137163
                                                                     82824067471915538152523734974052335841688770333149401775273688912596755632665080930108625993895045721
                                                                   165648134943831076305047469948104671683377540666298803550547377825193511265330161860217251987790091442
                                                                   82824067471915538152523734974052335841688770333149401775273688912596755632665080930108625993895045721
                                                                 496944404831493228915142409844314015050132621998896410651642133475580533795990485580651755963370274326
                                                                331296269887662152610094939896209343366755081332597607101094755650387022530660323720434503975580182884
                                                               414120337359577690762618674870261679208443851665747008876368444562983778163325404650543129969475228605
                                                               82824067471915538152523734974052335841688770333149401775273688912596755632665080930108625993895045721
                                                             579768472303408767067666144818366350891821392332045812426915822388177289428655566510760381957265320047
                                                            248472202415746614457571204922157007525066310999448205325821066737790266897995242790325877981685137163
                                                            82824067471915538152523734974052335841688770333149401775273688912596755632665080930108625993895045721
                                                          496944404831493228915142409844314015050132621998896410651642133475580533795990485580651755963370274326
                                                         745416607247239843372713614766471022575198932998344615977463200213370800693985728370977633945055411489
                                                        331296269887662152610094939896209343366755081332597607101094755650387022530660323720434503975580182884
                                                       579768472303408767067666144818366350891821392332045812426915822388177289428655566510760381957265320047
                                                      662592539775324305220189879792418686733510162665195214202189511300774045061320647440869007951160365768
                                                     331296269887662152610094939896209343366755081332597607101094755650387022530660323720434503975580182884
                                                    165648134943831076305047469948104671683377540666298803550547377825193511265330161860217251987790091442
                                                    82824067471915538152523734974052335841688770333149401775273688912596755632665080930108625993895045721
                                                  331296269887662152610094939896209343366755081332597607101094755650387022530660323720434503975580182884
                                                 248472202415746614457571204922157007525066310999448205325821066737790266897995242790325877981685137163
                                                331296269887662152610094939896209343366755081332597607101094755650387022530660323720434503975580182884
                                               248472202415746614457571204922157007525066310999448205325821066737790266897995242790325877981685137163
                                              662592539775324305220189879792418686733510162665195214202189511300774045061320647440869007951160365768
                                             579768472303408767067666144818366350891821392332045812426915822388177289428655566510760381957265320047
                                             82824067471915538152523734974052335841688770333149401775273688912596755632665080930108625993895045721
                                           662592539775324305220189879792418686733510162665195214202189511300774045061320647440869007951160365768
                                          165648134943831076305047469948104671683377540666298803550547377825193511265330161860217251987790091442
                                         414120337359577690762618674870261679208443851665747008876368444562983778163325404650543129969475228605
                                        496944404831493228915142409844314015050132621998896410651642133475580533795990485580651755963370274326
                                       745416607247239843372713614766471022575198932998344615977463200213370800693985728370977633945055411489
                                       82824067471915538152523734974052335841688770333149401775273688912596755632665080930108625993895045721
                                     414120337359577690762618674870261679208443851665747008876368444562983778163325404650543129969475228605
                                    662592539775324305220189879792418686733510162665195214202189511300774045061320647440869007951160365768
                                   496944404831493228915142409844314015050132621998896410651642133475580533795990485580651755963370274326
                                  331296269887662152610094939896209343366755081332597607101094755650387022530660323720434503975580182884
                                 496944404831493228915142409844314015050132621998896410651642133475580533795990485580651755963370274326
                                 82824067471915538152523734974052335841688770333149401775273688912596755632665080930108625993895045721
                               745416607247239843372713614766471022575198932998344615977463200213370800693985728370977633945055411489
                                                                                                                                   0
                             248472202415746614457571204922157007525066310999448205325821066737790266897995242790325877981685137163
                            579768472303408767067666144818366350891821392332045812426915822388177289428655566510760381957265320047
                           745416607247239843372713614766471022575198932998344615977463200213370800693985728370977633945055411489
                           82824067471915538152523734974052335841688770333149401775273688912596755632665080930108625993895045721
                                                                                                                              0
                        331296269887662152610094939896209343366755081332597607101094755650387022530660323720434503975580182884
                       496944404831493228915142409844314015050132621998896410651642133475580533795990485580651755963370274326
                      745416607247239843372713614766471022575198932998344615977463200213370800693985728370977633945055411489
                     745416607247239843372713614766471022575198932998344615977463200213370800693985728370977633945055411489
                    496944404831493228915142409844314015050132621998896410651642133475580533795990485580651755963370274326
                    82824067471915538152523734974052335841688770333149401775273688912596755632665080930108625993895045721
                  414120337359577690762618674870261679208443851665747008876368444562983778163325404650543129969475228605
                 579768472303408767067666144818366350891821392332045812426915822388177289428655566510760381957265320047
                 82824067471915538152523734974052335841688770333149401775273688912596755632665080930108625993895045721
               745416607247239843372713614766471022575198932998344615977463200213370800693985728370977633945055411489
              331296269887662152610094939896209343366755081332597607101094755650387022530660323720434503975580182884
             414120337359577690762618674870261679208443851665747008876368444562983778163325404650543129969475228605
             82824067471915538152523734974052335841688770333149401775273688912596755632665080930108625993895045721
           248472202415746614457571204922157007525066310999448205325821066737790266897995242790325877981685137163
          331296269887662152610094939896209343366755081332597607101094755650387022530660323720434503975580182884
          82824067471915538152523734974052335841688770333149401775273688912596755632665080930108625993895045721
                                                                                                             0
       331296269887662152610094939896209343366755081332597607101094755650387022530660323720434503975580182884
                                                                                                           0
     165648134943831076305047469948104671683377540666298803550547377825193511265330161860217251987790091442
    331296269887662152610094939896209343366755081332597607101094755650387022530660323720434503975580182884
   414120337359577690762618674870261679208443851665747008876368444562983778163325404650543129969475228605
  414120337359577690762618674870261679208443851665747008876368444562983778163325404650543129969475228605
 662592539775324305220189879792418686733510162665195214202189511300774045061320647440869007951160365768
248472202415746614457571204922157007525066310999448205325821066737790266897995242790325877981685137163
----------------------------------------------------------------------------------------------------------------------------------------------------------------------------------------------------------
3193215994607663183438604550530726326396780467504566926668346797321917396510832793884108715470540019600630743424548067569145711318832685500313215360609839342206317314319685954824278574359831576401614069

