                                                            1890023134792934249123338
                        *770298387389603072376700612046914943782511581899127707868163
                        -------------------------------------------------------------
                                                            5670069404378802747370014
                                                          11340138808757605494740028
                                                          1890023134792934249123338
                                                        15120185078343473992986704
                                                       11340138808757605494740028
                                                      15120185078343473992986704
                                                     13230161943550539743863366
                                                                             0
                                                   13230161943550539743863366
                                                  13230161943550539743863366
                                                  3780046269585868498246676
                                                 1890023134792934249123338
                                               17010208213136408242110042
                                              17010208213136408242110042
                                             15120185078343473992986704
                                             1890023134792934249123338
                                           15120185078343473992986704
                                           9450115673964671245616690
                                          1890023134792934249123338
                                         1890023134792934249123338
                                        9450115673964671245616690
                                       3780046269585868498246676
                                     15120185078343473992986704
                                    13230161943550539743863366
                                    5670069404378802747370014
                                   7560092539171736996493352
                                 17010208213136408242110042
                                 7560092539171736996493352
                                1890023134792934249123338
                              17010208213136408242110042
                             11340138808757605494740028
                             7560092539171736996493352
                                                    0
                           3780046269585868498246676
                          1890023134792934249123338
                        11340138808757605494740028
                                                0
                                               0
                     13230161943550539743863366
                    11340138808757605494740028
                   13230161943550539743863366
                   5670069404378802747370014
                  3780046269585868498246676
                13230161943550539743863366
                                        0
               5670069404378802747370014
                                      0
            11340138808757605494740028
           17010208213136408242110042
          15120185078343473992986704
          5670069404378802747370014
        13230161943550539743863366
       15120185078343473992986704
       5670069404378802747370014
     15120185078343473992986704
    17010208213136408242110042
    3780046269585868498246676
                           0
 13230161943550539743863366
13230161943550539743863366
-------------------------------------------------------------------------------------
1455881772860039651275133564467598945731314708215992458154456128364649832647630488094

