                                                                                                   640278689103103867189872
                       *520922796713682592913299918895148130419091459709990329211100625539580599644515515547579690662216164
                       ----------------------------------------------------------------------------------------------------
                                                                                                  2561114756412415468759488
                                                                                                 3841672134618623203139232
                                                                                                 640278689103103867189872
                                                                                               3841672134618623203139232
                                                                                               640278689103103867189872
                                                                                             1280557378206207734379744
                                                                                            1280557378206207734379744
                                                                                           3841672134618623203139232
                                                                                          3841672134618623203139232
                                                                                                                 0
                                                                                        5762508201927934804708848
                                                                                       3841672134618623203139232
                                                                                      5762508201927934804708848
                                                                                     4481950823721727070329104
                                                                                    3201393445515519335949360
                                                                                   4481950823721727070329104
                                                                                  2561114756412415468759488
                                                                                 3201393445515519335949360
                                                                                3201393445515519335949360
                                                                                640278689103103867189872
                                                                              3201393445515519335949360
                                                                             3201393445515519335949360
                                                                             640278689103103867189872
                                                                           3201393445515519335949360
                                                                          2561114756412415468759488
                                                                         2561114756412415468759488
                                                                        3841672134618623203139232
                                                                       5762508201927934804708848
                                                                      5762508201927934804708848
                                                                     3201393445515519335949360
                                                                                            0
                                                                   5122229512824830937518976
                                                                  3201393445515519335949360
                                                                 5762508201927934804708848
                                                                1920836067309311601569616
                                                               3201393445515519335949360
                                                              3201393445515519335949360
                                                             1280557378206207734379744
                                                            3841672134618623203139232
                                                                                   0
                                                                                  0
                                                          640278689103103867189872
                                                         640278689103103867189872
                                                        640278689103103867189872
                                                      1280557378206207734379744
                                                     5762508201927934804708848
                                                    1280557378206207734379744
                                                   1920836067309311601569616
                                                                          0
                                                 5762508201927934804708848
                                                5762508201927934804708848
                                               5762508201927934804708848
                                                                      0
                                             4481950823721727070329104
                                            5762508201927934804708848
                                           3201393445515519335949360
                                          2561114756412415468759488
                                          640278689103103867189872
                                        5762508201927934804708848
                                                               0
                                      5762508201927934804708848
                                      640278689103103867189872
                                    2561114756412415468759488
                                                           0
                                  1920836067309311601569616
                                  640278689103103867189872
                                5122229512824830937518976
                               2561114756412415468759488
                               640278689103103867189872
                             3201393445515519335949360
                            5762508201927934804708848
                           5122229512824830937518976
                          5122229512824830937518976
                          640278689103103867189872
                        5762508201927934804708848
                       5762508201927934804708848
                      5762508201927934804708848
                     1280557378206207734379744
                    1920836067309311601569616
                    640278689103103867189872
                  5762508201927934804708848
                 1280557378206207734379744
                5762508201927934804708848
               3201393445515519335949360
              1280557378206207734379744
             5122229512824830937518976
            3841672134618623203139232
           1920836067309311601569616
           640278689103103867189872
         4481950823721727070329104
        3841672134618623203139232
       5762508201927934804708848
      4481950823721727070329104
     1280557378206207734379744
    1280557378206207734379744
   5762508201927934804708848
                          0
 1280557378206207734379744
3201393445515519335949360
---------------------------------------------------------------------------------------------------------------------------
333535765403759353801192583131560132056047122378697154131670347879885401557444079688943064070386845886517324323722495491008

