                                                                          12702162025744160457763809037937217423636210727772449730744547268911374906079846181164149593
                                                                                          *329110258759466340069176681540882894920805751386482409068123201591994075550
                                                                                          ----------------------------------------------------------------------------
                                                                                                                                                                     0
                                                                         63510810128720802288819045189686087118181053638862248653722736344556874530399230905820747965
                                                                        63510810128720802288819045189686087118181053638862248653722736344556874530399230905820747965
                                                                       63510810128720802288819045189686087118181053638862248653722736344556874530399230905820747965
                                                                      88915134180209123204346663265560521965453475094407148115211830882379624342558923268149047151
                                                                                                                                                                0
                                                                    50808648102976641831055236151748869694544842911089798922978189075645499624319384724656598372
                                                                  114319458231697444119874281341434956812725896549952047576700925420202374154718615630477346337
                                                                 114319458231697444119874281341434956812725896549952047576700925420202374154718615630477346337
                                                                 12702162025744160457763809037937217423636210727772449730744547268911374906079846181164149593
                                                               114319458231697444119874281341434956812725896549952047576700925420202374154718615630477346337
                                                               63510810128720802288819045189686087118181053638862248653722736344556874530399230905820747965
                                                              12702162025744160457763809037937217423636210727772449730744547268911374906079846181164149593
                                                                                                                                                        0
                                                            25404324051488320915527618075874434847272421455544899461489094537822749812159692362328299186
                                                           38106486077232481373291427113811652270908632183317349192233641806734124718239538543492448779
                                                          25404324051488320915527618075874434847272421455544899461489094537822749812159692362328299186
                                                         12702162025744160457763809037937217423636210727772449730744547268911374906079846181164149593
                                                       101617296205953283662110472303497739389089685822179597845956378151290999248638769449313196744
                                                       76212972154464962746582854227623304541817264366634698384467283613468249436479077086984897558
                                                                                                                                                 0
                                                    114319458231697444119874281341434956812725896549952047576700925420202374154718615630477346337
                                                                                                                                               0
                                                   50808648102976641831055236151748869694544842911089798922978189075645499624319384724656598372
                                                  25404324051488320915527618075874434847272421455544899461489094537822749812159692362328299186
                                                101617296205953283662110472303497739389089685822179597845956378151290999248638769449313196744
                                                50808648102976641831055236151748869694544842911089798922978189075645499624319384724656598372
                                               76212972154464962746582854227623304541817264366634698384467283613468249436479077086984897558
                                             101617296205953283662110472303497739389089685822179597845956378151290999248638769449313196744
                                             38106486077232481373291427113811652270908632183317349192233641806734124718239538543492448779
                                            12702162025744160457763809037937217423636210727772449730744547268911374906079846181164149593
                                           63510810128720802288819045189686087118181053638862248653722736344556874530399230905820747965
                                          88915134180209123204346663265560521965453475094407148115211830882379624342558923268149047151
                                         63510810128720802288819045189686087118181053638862248653722736344556874530399230905820747965
                                                                                                                                   0
                                      101617296205953283662110472303497739389089685822179597845956378151290999248638769449313196744
                                                                                                                                 0
                                     25404324051488320915527618075874434847272421455544899461489094537822749812159692362328299186
                                   114319458231697444119874281341434956812725896549952047576700925420202374154718615630477346337
                                   50808648102976641831055236151748869694544842911089798922978189075645499624319384724656598372
                                 114319458231697444119874281341434956812725896549952047576700925420202374154718615630477346337
                                101617296205953283662110472303497739389089685822179597845956378151290999248638769449313196744
                                25404324051488320915527618075874434847272421455544899461489094537822749812159692362328299186
                              101617296205953283662110472303497739389089685822179597845956378151290999248638769449313196744
                             101617296205953283662110472303497739389089685822179597845956378151290999248638769449313196744
                                                                                                                        0
                            50808648102976641831055236151748869694544842911089798922978189075645499624319384724656598372
                           63510810128720802288819045189686087118181053638862248653722736344556874530399230905820747965
                          12702162025744160457763809037937217423636210727772449730744547268911374906079846181164149593
                        101617296205953283662110472303497739389089685822179597845956378151290999248638769449313196744
                        76212972154464962746582854227623304541817264366634698384467283613468249436479077086984897558
                       76212972154464962746582854227623304541817264366634698384467283613468249436479077086984897558
                      88915134180209123204346663265560521965453475094407148115211830882379624342558923268149047151
                     12702162025744160457763809037937217423636210727772449730744547268911374906079846181164149593
                   114319458231697444119874281341434956812725896549952047576700925420202374154718615630477346337
                   76212972154464962746582854227623304541817264366634698384467283613468249436479077086984897558
                                                                                                             0
                                                                                                            0
                50808648102976641831055236151748869694544842911089798922978189075645499624319384724656598372
               38106486077232481373291427113811652270908632183317349192233641806734124718239538543492448779
              76212972154464962746582854227623304541817264366634698384467283613468249436479077086984897558
             76212972154464962746582854227623304541817264366634698384467283613468249436479077086984897558
            50808648102976641831055236151748869694544842911089798922978189075645499624319384724656598372
          114319458231697444119874281341434956812725896549952047576700925420202374154718615630477346337
          63510810128720802288819045189686087118181053638862248653722736344556874530399230905820747965
         88915134180209123204346663265560521965453475094407148115211830882379624342558923268149047151
       101617296205953283662110472303497739389089685822179597845956378151290999248638769449313196744
       63510810128720802288819045189686087118181053638862248653722736344556874530399230905820747965
      25404324051488320915527618075874434847272421455544899461489094537822749812159692362328299186
                                                                                                0
    12702162025744160457763809037937217423636210727772449730744547268911374906079846181164149593
   12702162025744160457763809037937217423636210727772449730744547268911374906079846181164149593
 114319458231697444119874281341434956812725896549952047576700925420202374154718615630477346337
 25404324051488320915527618075874434847272421455544899461489094537822749812159692362328299186
38106486077232481373291427113811652270908632183317349192233641806734124718239538543492448779
----------------------------------------------------------------------------------------------------------------------------------------------------------------------
4180411831097327794905642032104453792433277128778929921971752251106042954972241747563315473272979647936867282075351326291001978280180427991743928222475754109943751150

