                                           84359376826153714601677573297086521468141767038499667314733442094241155221025875841582956
                                                                                        *4005100341597729854620571064910320931975125
                                          ------------------------------------------------------------------------------------------
                                          421796884130768573008387866485432607340708835192498336573667210471205776105129379207914780
                                         168718753652307429203355146594173042936283534076999334629466884188482310442051751683165912
                                         84359376826153714601677573297086521468141767038499667314733442094241155221025875841582956
                                       421796884130768573008387866485432607340708835192498336573667210471205776105129379207914780
                                      590515637783076002211743013079605650276992369269497671203134094659688086547181130891080692
                                     759234391435383431415098159673778693213275903346497005832600978848170396989232882574246604
                                     84359376826153714601677573297086521468141767038499667314733442094241155221025875841582956
                                   253078130478461143805032719891259564404425301115499001944200326282723465663077627524748868
                                  759234391435383431415098159673778693213275903346497005832600978848170396989232882574246604
                                                                                                                          0
                                168718753652307429203355146594173042936283534076999334629466884188482310442051751683165912
                               253078130478461143805032719891259564404425301115499001944200326282723465663077627524748868
                                                                                                                       0
                              84359376826153714601677573297086521468141767038499667314733442094241155221025875841582956
                            759234391435383431415098159673778693213275903346497005832600978848170396989232882574246604
                           337437507304614858406710293188346085872567068153998669258933768376964620884103503366331824
                          506156260956922287610065439782519128808850602230998003888400652565446931326155255049497736
                                                                                                                  0
                         84359376826153714601677573297086521468141767038499667314733442094241155221025875841582956
                       590515637783076002211743013079605650276992369269497671203134094659688086547181130891080692
                      421796884130768573008387866485432607340708835192498336573667210471205776105129379207914780
                                                                                                              0
                    168718753652307429203355146594173042936283534076999334629466884188482310442051751683165912
                   506156260956922287610065439782519128808850602230998003888400652565446931326155255049497736
                  337437507304614858406710293188346085872567068153998669258933768376964620884103503366331824
                 421796884130768573008387866485432607340708835192498336573667210471205776105129379207914780
                674875014609229716813420586376692171745134136307997338517867536753929241768207006732663648
               759234391435383431415098159673778693213275903346497005832600978848170396989232882574246604
              168718753652307429203355146594173042936283534076999334629466884188482310442051751683165912
             590515637783076002211743013079605650276992369269497671203134094659688086547181130891080692
            590515637783076002211743013079605650276992369269497671203134094659688086547181130891080692
           759234391435383431415098159673778693213275903346497005832600978848170396989232882574246604
          421796884130768573008387866485432607340708835192498336573667210471205776105129379207914780
          84359376826153714601677573297086521468141767038499667314733442094241155221025875841582956
        337437507304614858406710293188346085872567068153998669258933768376964620884103503366331824
       253078130478461143805032719891259564404425301115499001944200326282723465663077627524748868
                                                                                               0
                                                                                              0
     84359376826153714601677573297086521468141767038499667314733442094241155221025875841582956
   421796884130768573008387866485432607340708835192498336573667210471205776105129379207914780
                                                                                           0
                                                                                          0
337437507304614858406710293188346085872567068153998669258933768376964620884103503366331824
------------------------------------------------------------------------------------------------------------------------------------
337867768943399858115774359506809385711640636703579356117978845724506859270116911267363720634844332242778147005288246199675615969500

