                    633262713058501784990841938658311737009404264443832827010875617890600541078413807099791889450130190
                                                                                                  *35545220468438436344
                   ----------------------------------------------------------------------------------------------------
                   2533050852234007139963367754633246948037617057775331308043502471562402164313655228399167557800520760
                  2533050852234007139963367754633246948037617057775331308043502471562402164313655228399167557800520760
                 1899788139175505354972525815974935211028212793331498481032626853671801623235241421299375668350390570
                3799576278351010709945051631949870422056425586662996962065253707343603246470482842598751336700781140
               1899788139175505354972525815974935211028212793331498481032626853671801623235241421299375668350390570
              2533050852234007139963367754633246948037617057775331308043502471562402164313655228399167557800520760
             5066101704468014279926735509266493896075234115550662616087004943124804328627310456798335115601041520
            1899788139175505354972525815974935211028212793331498481032626853671801623235241421299375668350390570
           2533050852234007139963367754633246948037617057775331308043502471562402164313655228399167557800520760
          5066101704468014279926735509266493896075234115550662616087004943124804328627310456798335115601041520
         3799576278351010709945051631949870422056425586662996962065253707343603246470482842598751336700781140
        2533050852234007139963367754633246948037617057775331308043502471562402164313655228399167557800520760
                                                                                                          0
      1266525426117003569981683877316623474018808528887665654021751235781201082156827614199583778900260380
     1266525426117003569981683877316623474018808528887665654021751235781201082156827614199583778900260380
    3166313565292508924954209693291558685047021322219164135054378089453002705392069035498959447250650950
   2533050852234007139963367754633246948037617057775331308043502471562402164313655228399167557800520760
  3166313565292508924954209693291558685047021322219164135054378089453002705392069035498959447250650950
 3166313565292508924954209693291558685047021322219164135054378089453002705392069035498959447250650950
1899788139175505354972525815974935211028212793331498481032626853671801623235241421299375668350390570
-----------------------------------------------------------------------------------------------------------------------
22509462750105913917975900651279081625738532032182103938358042529668954091699005142292167954327114894024096170827625360

