                                    246569906952504
             *1234345356075482639198104057562695120
             --------------------------------------
                                                  0
                                   493139813905008
                                  246569906952504
                                1232849534762520
                               2219129162572536
                              1479419441715024
                              493139813905008
                            1479419441715024
                           1232849534762520
                          1725989348667528
                         1232849534762520
                                       0
                        986279627810016
                                     0
                      246569906952504
                    1972559255620032
                   2219129162572536
                   246569906952504
                 2219129162572536
                 739709720857512
               1479419441715024
               493139813905008
             1972559255620032
             986279627810016
           1232849534762520
          1725989348667528
                        0
        1479419441715024
       1232849534762520
       739709720857512
     1232849534762520
     986279627810016
    739709720857512
   986279627810016
  739709720857512
 493139813905008
246569906952504
---------------------------------------------------
304352419594787172295029948618203232089756072580480

