                                                                                                     68869408393817295886921814980976762603542923653131734916304491078249594796152476659040681021228042902
                                                                                                    *47108733499080496207519700230264085958207206255885637517631667165651481202827315978739493669386842990
                                                                                                    ------------------------------------------------------------------------------------------------------
                                                                                                                                                                                                         0
                                                                                                   619824675544355662982296334828790863431886312878185614246740419704246353165372289931366129191052386118
                                                                                                  619824675544355662982296334828790863431886312878185614246740419704246353165372289931366129191052386118
                                                                                                 137738816787634591773843629961953525207085847306263469832608982156499189592304953318081362042456085804
                                                                                                275477633575269183547687259923907050414171694612526939665217964312998379184609906636162724084912171608
                                                                                               550955267150538367095374519847814100828343389225053879330435928625996758369219813272325448169824343216
                                                                                              413216450362903775321530889885860575621257541918790409497826946469497568776914859954244086127368257412
                                                                                             550955267150538367095374519847814100828343389225053879330435928625996758369219813272325448169824343216
                                                                                            206608225181451887660765444942930287810628770959395204748913473234748784388457429977122043063684128706
                                                                                           619824675544355662982296334828790863431886312878185614246740419704246353165372289931366129191052386118
                                                                                          413216450362903775321530889885860575621257541918790409497826946469497568776914859954244086127368257412
                                                                                         413216450362903775321530889885860575621257541918790409497826946469497568776914859954244086127368257412
                                                                                        206608225181451887660765444942930287810628770959395204748913473234748784388457429977122043063684128706
                                                                                       619824675544355662982296334828790863431886312878185614246740419704246353165372289931366129191052386118
                                                                                      275477633575269183547687259923907050414171694612526939665217964312998379184609906636162724084912171608
                                                                                     619824675544355662982296334828790863431886312878185614246740419704246353165372289931366129191052386118
                                                                                    206608225181451887660765444942930287810628770959395204748913473234748784388457429977122043063684128706
                                                                                   482085858756721071208452704866837338224800465571922144414131437547747163573067336613284767148596300314
                                                                                  550955267150538367095374519847814100828343389225053879330435928625996758369219813272325448169824343216
                                                                                 482085858756721071208452704866837338224800465571922144414131437547747163573067336613284767148596300314
                                                                                619824675544355662982296334828790863431886312878185614246740419704246353165372289931366129191052386118
                                                                               344347041969086479434609074904883813017714618265658674581522455391247973980762383295203405106140214510
                                                                               68869408393817295886921814980976762603542923653131734916304491078249594796152476659040681021228042902
                                                                             206608225181451887660765444942930287810628770959395204748913473234748784388457429977122043063684128706
                                                                            482085858756721071208452704866837338224800465571922144414131437547747163573067336613284767148596300314
                                                                           137738816787634591773843629961953525207085847306263469832608982156499189592304953318081362042456085804
                                                                          550955267150538367095374519847814100828343389225053879330435928625996758369219813272325448169824343216
                                                                         137738816787634591773843629961953525207085847306263469832608982156499189592304953318081362042456085804
                                                                                                                                                                             0
                                                                       137738816787634591773843629961953525207085847306263469832608982156499189592304953318081362042456085804
                                                                       68869408393817295886921814980976762603542923653131734916304491078249594796152476659040681021228042902
                                                                     550955267150538367095374519847814100828343389225053879330435928625996758369219813272325448169824343216
                                                                    275477633575269183547687259923907050414171694612526939665217964312998379184609906636162724084912171608
                                                                    68869408393817295886921814980976762603542923653131734916304491078249594796152476659040681021228042902
                                                                  344347041969086479434609074904883813017714618265658674581522455391247973980762383295203405106140214510
                                                                 413216450362903775321530889885860575621257541918790409497826946469497568776914859954244086127368257412
                                                                344347041969086479434609074904883813017714618265658674581522455391247973980762383295203405106140214510
                                                               413216450362903775321530889885860575621257541918790409497826946469497568776914859954244086127368257412
                                                               68869408393817295886921814980976762603542923653131734916304491078249594796152476659040681021228042902
                                                             482085858756721071208452704866837338224800465571922144414131437547747163573067336613284767148596300314
                                                            413216450362903775321530889885860575621257541918790409497826946469497568776914859954244086127368257412
                                                           413216450362903775321530889885860575621257541918790409497826946469497568776914859954244086127368257412
                                                           68869408393817295886921814980976762603542923653131734916304491078249594796152476659040681021228042902
                                                         206608225181451887660765444942930287810628770959395204748913473234748784388457429977122043063684128706
                                                        413216450362903775321530889885860575621257541918790409497826946469497568776914859954244086127368257412
                                                       482085858756721071208452704866837338224800465571922144414131437547747163573067336613284767148596300314
                                                       68869408393817295886921814980976762603542923653131734916304491078249594796152476659040681021228042902
                                                     344347041969086479434609074904883813017714618265658674581522455391247973980762383295203405106140214510
                                                    482085858756721071208452704866837338224800465571922144414131437547747163573067336613284767148596300314
                                                   206608225181451887660765444942930287810628770959395204748913473234748784388457429977122043063684128706
                                                  413216450362903775321530889885860575621257541918790409497826946469497568776914859954244086127368257412
                                                 344347041969086479434609074904883813017714618265658674581522455391247973980762383295203405106140214510
                                                550955267150538367095374519847814100828343389225053879330435928625996758369219813272325448169824343216
                                               550955267150538367095374519847814100828343389225053879330435928625996758369219813272325448169824343216
                                              344347041969086479434609074904883813017714618265658674581522455391247973980762383295203405106140214510
                                             344347041969086479434609074904883813017714618265658674581522455391247973980762383295203405106140214510
                                            137738816787634591773843629961953525207085847306263469832608982156499189592304953318081362042456085804
                                           413216450362903775321530889885860575621257541918790409497826946469497568776914859954244086127368257412
                                                                                                                                               0
                                         137738816787634591773843629961953525207085847306263469832608982156499189592304953318081362042456085804
                                        482085858756721071208452704866837338224800465571922144414131437547747163573067336613284767148596300314
                                                                                                                                            0
                                      137738816787634591773843629961953525207085847306263469832608982156499189592304953318081362042456085804
                                     550955267150538367095374519847814100828343389225053879330435928625996758369219813272325448169824343216
                                    344347041969086479434609074904883813017714618265658674581522455391247973980762383295203405106140214510
                                   619824675544355662982296334828790863431886312878185614246740419704246353165372289931366129191052386118
                                  344347041969086479434609074904883813017714618265658674581522455391247973980762383295203405106140214510
                                 550955267150538367095374519847814100828343389225053879330435928625996758369219813272325448169824343216
                                                                                                                                     0
                               275477633575269183547687259923907050414171694612526939665217964312998379184609906636162724084912171608
                              413216450362903775321530889885860575621257541918790409497826946469497568776914859954244086127368257412
                             137738816787634591773843629961953525207085847306263469832608982156499189592304953318081362042456085804
                                                                                                                                 0
                           206608225181451887660765444942930287810628770959395204748913473234748784388457429977122043063684128706
                          137738816787634591773843629961953525207085847306263469832608982156499189592304953318081362042456085804
                                                                                                                              0
                                                                                                                             0
                       482085858756721071208452704866837338224800465571922144414131437547747163573067336613284767148596300314
                      619824675544355662982296334828790863431886312878185614246740419704246353165372289931366129191052386118
                      68869408393817295886921814980976762603542923653131734916304491078249594796152476659040681021228042902
                    344347041969086479434609074904883813017714618265658674581522455391247973980762383295203405106140214510
                   482085858756721071208452704866837338224800465571922144414131437547747163573067336613284767148596300314
                                                                                                                       0
                 137738816787634591773843629961953525207085847306263469832608982156499189592304953318081362042456085804
                413216450362903775321530889885860575621257541918790409497826946469497568776914859954244086127368257412
               619824675544355662982296334828790863431886312878185614246740419704246353165372289931366129191052386118
              275477633575269183547687259923907050414171694612526939665217964312998379184609906636162724084912171608
                                                                                                                  0
            550955267150538367095374519847814100828343389225053879330435928625996758369219813272325448169824343216
                                                                                                                0
          619824675544355662982296334828790863431886312878185614246740419704246353165372289931366129191052386118
         619824675544355662982296334828790863431886312878185614246740419704246353165372289931366129191052386118
        275477633575269183547687259923907050414171694612526939665217964312998379184609906636162724084912171608
       206608225181451887660765444942930287810628770959395204748913473234748784388457429977122043063684128706
      206608225181451887660765444942930287810628770959395204748913473234748784388457429977122043063684128706
     482085858756721071208452704866837338224800465571922144414131437547747163573067336613284767148596300314
    550955267150538367095374519847814100828343389225053879330435928625996758369219813272325448169824343216
                                                                                                        0
   68869408393817295886921814980976762603542923653131734916304491078249594796152476659040681021228042902
 482085858756721071208452704866837338224800465571922144414131437547747163573067336613284767148596300314
275477633575269183547687259923907050414171694612526939665217964312998379184609906636162724084912171608
----------------------------------------------------------------------------------------------------------------------------------------------------------------------------------------------------------
3244350606263676357423656323358532194170873365484651122283153509680651240742166962716763141163152856976377859645683598255856966460387159996194396560379728948017858562028765073829188065177497026057956980

