                                        2029406130298162391914234852220423373096115922262353887363595538976275
                                                                     *9864897059412399662268897773048935314120
                                                                     -----------------------------------------
                                                                                                             0
                                       4058812260596324783828469704440846746192231844524707774727191077952550
                                      2029406130298162391914234852220423373096115922262353887363595538976275
                                     8117624521192649567656939408881693492384463689049415549454382155905100
                                    2029406130298162391914234852220423373096115922262353887363595538976275
                                   6088218390894487175742704556661270119288347766787061662090786616928825
                                 10147030651490811959571174261102116865480579611311769436817977694881375
                                 6088218390894487175742704556661270119288347766787061662090786616928825
                               18264655172683461527228113669983810357865043300361184986272359850786475
                              16235249042385299135313878817763386984768927378098831098908764311810200
                              8117624521192649567656939408881693492384463689049415549454382155905100
                                                                                                  0
                            6088218390894487175742704556661270119288347766787061662090786616928825
                          14205842912087136743399643965542963611672811455836477211545168772833925
                         14205842912087136743399643965542963611672811455836477211545168772833925
                        14205842912087136743399643965542963611672811455836477211545168772833925
                       18264655172683461527228113669983810357865043300361184986272359850786475
                      16235249042385299135313878817763386984768927378098831098908764311810200
                     16235249042385299135313878817763386984768927378098831098908764311810200
                    12176436781788974351485409113322540238576695533574123324181573233857650
                    4058812260596324783828469704440846746192231844524707774727191077952550
                   4058812260596324783828469704440846746192231844524707774727191077952550
                 12176436781788974351485409113322540238576695533574123324181573233857650
                12176436781788974351485409113322540238576695533574123324181573233857650
               18264655172683461527228113669983810357865043300361184986272359850786475
              18264655172683461527228113669983810357865043300361184986272359850786475
              6088218390894487175742704556661270119288347766787061662090786616928825
             4058812260596324783828469704440846746192231844524707774727191077952550
            2029406130298162391914234852220423373096115922262353887363595538976275
           8117624521192649567656939408881693492384463689049415549454382155905100
         18264655172683461527228113669983810357865043300361184986272359850786475
        10147030651490811959571174261102116865480579611311769436817977694881375
                                                                             0
      14205842912087136743399643965542963611672811455836477211545168772833925
     18264655172683461527228113669983810357865043300361184986272359850786475
    16235249042385299135313878817763386984768927378098831098908764311810200
    8117624521192649567656939408881693492384463689049415549454382155905100
  12176436781788974351485409113322540238576695533574123324181573233857650
 16235249042385299135313878817763386984768927378098831098908764311810200
18264655172683461527228113669983810357865043300361184986272359850786475
--------------------------------------------------------------------------------------------------------------
20019882567131839375840533692600129458676341419078855170459715798273744461311554106251245693688009720352503000

