                                                                                        3715584551597662188297212221069331999
                                    *4455943516704991203435595936825270875136706206427870320813405023100723304024776454486478
                                    -----------------------------------------------------------------------------------------
                                                                                       29724676412781297506377697768554655992
                                                                                      26009091861183635318080485547485323993
                                                                                     14862338206390648753188848884277327996
                                                                                    22293507309585973129783273326415991994
                                                                                   29724676412781297506377697768554655992
                                                                                  14862338206390648753188848884277327996
                                                                                 14862338206390648753188848884277327996
                                                                                18577922757988310941486061105346659995
                                                                               14862338206390648753188848884277327996
                                                                              22293507309585973129783273326415991994
                                                                             26009091861183635318080485547485323993
                                                                            26009091861183635318080485547485323993
                                                                           14862338206390648753188848884277327996
                                                                           7431169103195324376594424442138663998
                                                                                                              0
                                                                        14862338206390648753188848884277327996
                                                                                                            0
                                                                      11146753654792986564891636663207995997
                                                                     11146753654792986564891636663207995997
                                                                     7431169103195324376594424442138663998
                                                                   26009091861183635318080485547485323993
                                                                                                       0
                                                                                                      0
                                                                 3715584551597662188297212221069331999
                                                               11146753654792986564891636663207995997
                                                               7431169103195324376594424442138663998
                                                                                                  0
                                                            18577922757988310941486061105346659995
                                                                                                0
                                                          14862338206390648753188848884277327996
                                                         11146753654792986564891636663207995997
                                                         3715584551597662188297212221069331999
                                                       29724676412781297506377697768554655992
                                                                                           0
                                                      7431169103195324376594424442138663998
                                                    11146753654792986564891636663207995997
                                                                                        0
                                                  26009091861183635318080485547485323993
                                                 29724676412781297506377697768554655992
                                                26009091861183635318080485547485323993
                                                7431169103195324376594424442138663998
                                              14862338206390648753188848884277327996
                                             22293507309585973129783273326415991994
                                                                                 0
                                            7431169103195324376594424442138663998
                                          22293507309585973129783273326415991994
                                                                              0
                                        26009091861183635318080485547485323993
                                       22293507309585973129783273326415991994
                                      11146753654792986564891636663207995997
                                      3715584551597662188297212221069331999
                                    18577922757988310941486061105346659995
                                   26009091861183635318080485547485323993
                                  29724676412781297506377697768554655992
                                                                      0
                                26009091861183635318080485547485323993
                                7431169103195324376594424442138663998
                              18577922757988310941486061105346659995
                              7431169103195324376594424442138663998
                            29724676412781297506377697768554655992
                           22293507309585973129783273326415991994
                          11146753654792986564891636663207995997
                         33440260964378959694674909989623987991
                        18577922757988310941486061105346659995
                       33440260964378959694674909989623987991
                      18577922757988310941486061105346659995
                     18577922757988310941486061105346659995
                    11146753654792986564891636663207995997
                   14862338206390648753188848884277327996
                  11146753654792986564891636663207995997
                                                      0
                 7431169103195324376594424442138663998
                3715584551597662188297212221069331999
              33440260964378959694674909989623987991
             33440260964378959694674909989623987991
            14862338206390648753188848884277327996
                                                0
          26009091861183635318080485547485323993
         22293507309585973129783273326415991994
         3715584551597662188297212221069331999
       18577922757988310941486061105346659995
      11146753654792986564891636663207995997
     14862338206390648753188848884277327996
    33440260964378959694674909989623987991
   18577922757988310941486061105346659995
  18577922757988310941486061105346659995
 14862338206390648753188848884277327996
14862338206390648753188848884277327996
-----------------------------------------------------------------------------------------------------------------------------
16556434893460824693198878849071800343537899990810110470074929971383066265112989881927636353344525231974218037965318038209522

