                                            634655832981670731066765344197151626100
                                      *40856664075643207749720236498592588244642216
                                      ---------------------------------------------
                                           3807934997890024386400592065182909756600
                                           634655832981670731066765344197151626100
                                         1269311665963341462133530688394303252200
                                        1269311665963341462133530688394303252200
                                       2538623331926682924267061376788606504400
                                      3807934997890024386400592065182909756600
                                     2538623331926682924267061376788606504400
                                    2538623331926682924267061376788606504400
                                   1269311665963341462133530688394303252200
                                  5077246663853365848534122753577213008800
                                 5077246663853365848534122753577213008800
                                3173279164908353655333826720985758130500
                               1269311665963341462133530688394303252200
                              5711902496835036579600888097774364634900
                             3173279164908353655333826720985758130500
                            5077246663853365848534122753577213008800
                           5711902496835036579600888097774364634900
                          2538623331926682924267061376788606504400
                         3807934997890024386400592065182909756600
                        1903967498945012193200296032591454878300
                       1269311665963341462133530688394303252200
                                                             0
                     1269311665963341462133530688394303252200
                    4442590830871695117467357409380061382700
                   5711902496835036579600888097774364634900
                  2538623331926682924267061376788606504400
                 4442590830871695117467357409380061382700
                4442590830871695117467357409380061382700
                                                      0
              1269311665963341462133530688394303252200
             1903967498945012193200296032591454878300
            2538623331926682924267061376788606504400
           3807934997890024386400592065182909756600
          3173279164908353655333826720985758130500
         4442590830871695117467357409380061382700
                                               0
       2538623331926682924267061376788606504400
      3807934997890024386400592065182909756600
     3807934997890024386400592065182909756600
    3807934997890024386400592065182909756600
   3173279164908353655333826720985758130500
  5077246663853365848534122753577213008800
                                        0
2538623331926682924267061376788606504400
-----------------------------------------------------------------------------------
25929920171779642241633460748861494076711141015970999129957888842001261497107437600

