                                                             87235897393932061365853512118196829418148541758894379721932742335386291055220019447429513888122650
                                                                                                 *3804859070189536056570458580141421806814823887583240286034158
                                                            ---------------------------------------------------------------------------------------------------
                                                            697887179151456490926828096945574635345188334071155037775461938683090328441760155579436111104981200
                                                           436179486969660306829267560590984147090742708794471898609663711676931455276100097237147569440613250
                                                           87235897393932061365853512118196829418148541758894379721932742335386291055220019447429513888122650
                                                         348943589575728245463414048472787317672594167035577518887730969341545164220880077789718055552490600
                                                        261707692181796184097560536354590488254445625276683139165798227006158873165660058342288541664367950
                                                                                                                                                         0
                                                      523415384363592368195121072709180976508891250553366278331596454012317746331320116684577083328735900
                                                     697887179151456490926828096945574635345188334071155037775461938683090328441760155579436111104981200
                                                    174471794787864122731707024236393658836297083517788759443865484670772582110440038894859027776245300
                                                                                                                                                     0
                                                  348943589575728245463414048472787317672594167035577518887730969341545164220880077789718055552490600
                                                 174471794787864122731707024236393658836297083517788759443865484670772582110440038894859027776245300
                                                261707692181796184097560536354590488254445625276683139165798227006158873165660058342288541664367950
                                               697887179151456490926828096945574635345188334071155037775461938683090328441760155579436111104981200
                                              436179486969660306829267560590984147090742708794471898609663711676931455276100097237147569440613250
                                             610651281757524429560974584827377805927039792312260658053529196347704037386540136132006597216858550
                                            697887179151456490926828096945574635345188334071155037775461938683090328441760155579436111104981200
                                           697887179151456490926828096945574635345188334071155037775461938683090328441760155579436111104981200
                                          261707692181796184097560536354590488254445625276683139165798227006158873165660058342288541664367950
                                         174471794787864122731707024236393658836297083517788759443865484670772582110440038894859027776245300
                                        697887179151456490926828096945574635345188334071155037775461938683090328441760155579436111104981200
                                       348943589575728245463414048472787317672594167035577518887730969341545164220880077789718055552490600
                                       87235897393932061365853512118196829418148541758894379721932742335386291055220019447429513888122650
                                     697887179151456490926828096945574635345188334071155037775461938683090328441760155579436111104981200
                                    523415384363592368195121072709180976508891250553366278331596454012317746331320116684577083328735900
                                                                                                                                     0
                                  697887179151456490926828096945574635345188334071155037775461938683090328441760155579436111104981200
                                  87235897393932061365853512118196829418148541758894379721932742335386291055220019447429513888122650
                                174471794787864122731707024236393658836297083517788759443865484670772582110440038894859027776245300
                               348943589575728245463414048472787317672594167035577518887730969341545164220880077789718055552490600
                               87235897393932061365853512118196829418148541758894379721932742335386291055220019447429513888122650
                             348943589575728245463414048472787317672594167035577518887730969341545164220880077789718055552490600
                             87235897393932061365853512118196829418148541758894379721932742335386291055220019447429513888122650
                                                                                                                             0
                          697887179151456490926828096945574635345188334071155037775461938683090328441760155579436111104981200
                         436179486969660306829267560590984147090742708794471898609663711676931455276100097237147569440613250
                        697887179151456490926828096945574635345188334071155037775461938683090328441760155579436111104981200
                       436179486969660306829267560590984147090742708794471898609663711676931455276100097237147569440613250
                      348943589575728245463414048472787317672594167035577518887730969341545164220880077789718055552490600
                                                                                                                       0
                    610651281757524429560974584827377805927039792312260658053529196347704037386540136132006597216858550
                   436179486969660306829267560590984147090742708794471898609663711676931455276100097237147569440613250
                  523415384363592368195121072709180976508891250553366278331596454012317746331320116684577083328735900
                 436179486969660306829267560590984147090742708794471898609663711676931455276100097237147569440613250
                                                                                                                  0
               523415384363592368195121072709180976508891250553366278331596454012317746331320116684577083328735900
              261707692181796184097560536354590488254445625276683139165798227006158873165660058342288541664367950
             436179486969660306829267560590984147090742708794471898609663711676931455276100097237147569440613250
            785123076545388552292681609063771464763336875830049417497394681018476619496980175026865624993103850
           697887179151456490926828096945574635345188334071155037775461938683090328441760155579436111104981200
           87235897393932061365853512118196829418148541758894379721932742335386291055220019447429513888122650
                                                                                                           0
        610651281757524429560974584827377805927039792312260658053529196347704037386540136132006597216858550
                                                                                                         0
      785123076545388552292681609063771464763336875830049417497394681018476619496980175026865624993103850
     436179486969660306829267560590984147090742708794471898609663711676931455276100097237147569440613250
    697887179151456490926828096945574635345188334071155037775461938683090328441760155579436111104981200
   348943589575728245463414048472787317672594167035577518887730969341545164220880077789718055552490600
                                                                                                    0
 697887179151456490926828096945574635345188334071155037775461938683090328441760155579436111104981200
261707692181796184097560536354590488254445625276683139165798227006158873165660058342288541664367950
---------------------------------------------------------------------------------------------------------------------------------------------------------------
331920295445426114635095351282215208789316648220181251374260222433989734704219067475310580072338855620013261004712224511185386642655037874975473724468393478700

