                                                   66930221184687983387595387982378962995
                                     *203572261609459988687914701900411868094164100108977
                                     ----------------------------------------------------
                                                  468511548292815883713167715876652740965
                                                 468511548292815883713167715876652740965
                                                602371990662191850488358491841410666955
                                               535441769477503867100763103859031703960
                                                                                    0
                                              66930221184687983387595387982378962995
                                                                                  0
                                                                                 0
                                           66930221184687983387595387982378962995
                                         267720884738751933550381551929515851980
                                        401581327108127900325572327894273777970
                                        66930221184687983387595387982378962995
                                      267720884738751933550381551929515851980
                                     602371990662191850488358491841410666955
                                                                          0
                                   535441769477503867100763103859031703960
                                  401581327108127900325572327894273777970
                                 535441769477503867100763103859031703960
                                 66930221184687983387595387982378962995
                                66930221184687983387595387982378962995
                              267720884738751933550381551929515851980
                                                                   0
                                                                  0
                           602371990662191850488358491841410666955
                           66930221184687983387595387982378962995
                                                               0
                        468511548292815883713167715876652740965
                       267720884738751933550381551929515851980
                       66930221184687983387595387982378962995
                     602371990662191850488358491841410666955
                    468511548292815883713167715876652740965
                   535441769477503867100763103859031703960
                  401581327108127900325572327894273777970
                 535441769477503867100763103859031703960
                535441769477503867100763103859031703960
               602371990662191850488358491841410666955
              602371990662191850488358491841410666955
             334651105923439916937976939911894814975
            267720884738751933550381551929515851980
           602371990662191850488358491841410666955
                                                0
         401581327108127900325572327894273777970
         66930221184687983387595387982378962995
       401581327108127900325572327894273777970
      133860442369375966775190775964757925990
     133860442369375966775190775964757925990
    468511548292815883713167715876652740965
   334651105923439916937976939911894814975
  200790663554063950162786163947136888985
                                       0
133860442369375966775190775964757925990
-----------------------------------------------------------------------------------------
13625136496588323203842799778286463523554661293391025429345695888372338165513191750306115

