                                                                                                1455
  *4260997793883341508527297298743070169949227661822674394124999396312206238994187344884396785615246
  --------------------------------------------------------------------------------------------------
                                                                                                8730
                                                                                               5820
                                                                                              2910
                                                                                             7275
                                                                                            1455
                                                                                           8730
                                                                                          7275
                                                                                        11640
                                                                                       10185
                                                                                       8730
                                                                                     13095
                                                                                     4365
                                                                                    5820
                                                                                  11640
                                                                                 11640
                                                                                 5820
                                                                                5820
                                                                               4365
                                                                             10185
                                                                            11640
                                                                            1455
                                                                           5820
                                                                         13095
                                                                        13095
                                                                       11640
                                                                       4365
                                                                      2910
                                                                     8730
                                                                       0
                                                                   2910
                                                                  2910
                                                                 1455
                                                                4365
                                                               8730
                                                             13095
                                                             4365
                                                           13095
                                                          13095
                                                         13095
                                                         5820
                                                        2910
                                                       1455
                                                      5820
                                                    13095
                                                    4365
                                                   5820
                                                 10185
                                                 8730
                                                2910
                                               2910
                                             11640
                                             1455
                                            8730
                                           8730
                                         10185
                                         2910
                                        2910
                                      13095
                                      5820
                                    13095
                                   13095
                                   8730
                                  1455
                                    0
                               10185
                                  0
                              4365
                             5820
                           10185
                          11640
                         13095
                         2910
                       10185
                      13095
                      2910
                    10185
                    2910
                   7275
                 11640
                    0
                7275
               1455
              5820
             4365
            4365
          11640
         11640
         4365
       13095
      10185
     10185
    13095
   13095
      0
  8730
 2910
5820
----------------------------------------------------------------------------------------------------
6199751790100261894907217569671167097276126247951991243451874121634260077736542586806797323070182930

