                                                                                      6908251250068771669197488244130721656881888665732741499223637709965544623590073348497410883564
                                                                                             *55101658883884527001986194029774284340138517979680878497890767296630754506293162159098
                                                                                     -----------------------------------------------------------------------------------------------
                                                                                     55266010000550173353579905953045773255055109325861931993789101679724356988720586787979287068512
                                                                                    62174261250618945022777394197176494911936997991594673493012739389689901612310660136476697952076
                                                                                                                                                                                 0
                                                                                  62174261250618945022777394197176494911936997991594673493012739389689901612310660136476697952076
                                                                                 34541256250343858345987441220653608284409443328663707496118188549827723117950366742487054417820
                                                                                 6908251250068771669197488244130721656881888665732741499223637709965544623590073348497410883564
                                                                               13816502500137543338394976488261443313763777331465482998447275419931089247180146696994821767128
                                                                              41449507500412630015184929464784329941291331994396448995341826259793267741540440090984465301384
                                                                              6908251250068771669197488244130721656881888665732741499223637709965544623590073348497410883564
                                                                            20724753750206315007592464732392164970645665997198224497670913129896633870770220045492232650692
                                                                           62174261250618945022777394197176494911936997991594673493012739389689901612310660136476697952076
                                                                          13816502500137543338394976488261443313763777331465482998447275419931089247180146696994821767128
                                                                         41449507500412630015184929464784329941291331994396448995341826259793267741540440090984465301384
                                                                                                                                                                      0
                                                                       34541256250343858345987441220653608284409443328663707496118188549827723117950366742487054417820
                                                                      27633005000275086676789952976522886627527554662930965996894550839862178494360293393989643534256
                                                                     34541256250343858345987441220653608284409443328663707496118188549827723117950366742487054417820
                                                                    48357758750481401684382417708915051598173220660129190494565463969758812365130513439481876184948
                                                                                                                                                                 0
                                                                  20724753750206315007592464732392164970645665997198224497670913129896633870770220045492232650692
                                                                 41449507500412630015184929464784329941291331994396448995341826259793267741540440090984465301384
                                                                41449507500412630015184929464784329941291331994396448995341826259793267741540440090984465301384
                                                               62174261250618945022777394197176494911936997991594673493012739389689901612310660136476697952076
                                                              13816502500137543338394976488261443313763777331465482998447275419931089247180146696994821767128
                                                             48357758750481401684382417708915051598173220660129190494565463969758812365130513439481876184948
                                                            41449507500412630015184929464784329941291331994396448995341826259793267741540440090984465301384
                                                           48357758750481401684382417708915051598173220660129190494565463969758812365130513439481876184948
                                                                                                                                                        0
                                                         62174261250618945022777394197176494911936997991594673493012739389689901612310660136476697952076
                                                        55266010000550173353579905953045773255055109325861931993789101679724356988720586787979287068512
                                                       48357758750481401684382417708915051598173220660129190494565463969758812365130513439481876184948
                                                      62174261250618945022777394197176494911936997991594673493012739389689901612310660136476697952076
                                                     27633005000275086676789952976522886627527554662930965996894550839862178494360293393989643534256
                                                    55266010000550173353579905953045773255055109325861931993789101679724356988720586787979287068512
                                                   48357758750481401684382417708915051598173220660129190494565463969758812365130513439481876184948
                                                  55266010000550173353579905953045773255055109325861931993789101679724356988720586787979287068512
                                                                                                                                               0
                                                55266010000550173353579905953045773255055109325861931993789101679724356988720586787979287068512
                                               41449507500412630015184929464784329941291331994396448995341826259793267741540440090984465301384
                                              62174261250618945022777394197176494911936997991594673493012739389689901612310660136476697952076
                                             48357758750481401684382417708915051598173220660129190494565463969758812365130513439481876184948
                                            62174261250618945022777394197176494911936997991594673493012739389689901612310660136476697952076
                                           48357758750481401684382417708915051598173220660129190494565463969758812365130513439481876184948
                                           6908251250068771669197488244130721656881888665732741499223637709965544623590073348497410883564
                                         34541256250343858345987441220653608284409443328663707496118188549827723117950366742487054417820
                                        55266010000550173353579905953045773255055109325861931993789101679724356988720586787979287068512
                                       20724753750206315007592464732392164970645665997198224497670913129896633870770220045492232650692
                                       6908251250068771669197488244130721656881888665732741499223637709965544623590073348497410883564
                                                                                                                                   0
                                    27633005000275086676789952976522886627527554662930965996894550839862178494360293393989643534256
                                   20724753750206315007592464732392164970645665997198224497670913129896633870770220045492232650692
                                  27633005000275086676789952976522886627527554662930965996894550839862178494360293393989643534256
                                 55266010000550173353579905953045773255055109325861931993789101679724356988720586787979287068512
                                13816502500137543338394976488261443313763777331465482998447275419931089247180146696994821767128
                               27633005000275086676789952976522886627527554662930965996894550839862178494360293393989643534256
                              48357758750481401684382417708915051598173220660129190494565463969758812365130513439481876184948
                             48357758750481401684382417708915051598173220660129190494565463969758812365130513439481876184948
                            62174261250618945022777394197176494911936997991594673493012739389689901612310660136476697952076
                           13816502500137543338394976488261443313763777331465482998447275419931089247180146696994821767128
                                                                                                                        0
                         27633005000275086676789952976522886627527554662930965996894550839862178494360293393989643534256
                        62174261250618945022777394197176494911936997991594673493012739389689901612310660136476697952076
                        6908251250068771669197488244130721656881888665732741499223637709965544623590073348497410883564
                      41449507500412630015184929464784329941291331994396448995341826259793267741540440090984465301384
                     55266010000550173353579905953045773255055109325861931993789101679724356988720586787979287068512
                    62174261250618945022777394197176494911936997991594673493012739389689901612310660136476697952076
                    6908251250068771669197488244130721656881888665732741499223637709965544623590073348497410883564
                                                                                                                0
                                                                                                               0
                48357758750481401684382417708915051598173220660129190494565463969758812365130513439481876184948
               13816502500137543338394976488261443313763777331465482998447275419931089247180146696994821767128
              34541256250343858345987441220653608284409443328663707496118188549827723117950366742487054417820
             27633005000275086676789952976522886627527554662930965996894550839862178494360293393989643534256
            55266010000550173353579905953045773255055109325861931993789101679724356988720586787979287068512
           55266010000550173353579905953045773255055109325861931993789101679724356988720586787979287068512
          20724753750206315007592464732392164970645665997198224497670913129896633870770220045492232650692
         55266010000550173353579905953045773255055109325861931993789101679724356988720586787979287068512
        55266010000550173353579905953045773255055109325861931993789101679724356988720586787979287068512
       55266010000550173353579905953045773255055109325861931993789101679724356988720586787979287068512
      34541256250343858345987441220653608284409443328663707496118188549827723117950366742487054417820
     41449507500412630015184929464784329941291331994396448995341826259793267741540440090984465301384
     6908251250068771669197488244130721656881888665732741499223637709965544623590073348497410883564
                                                                                                 0
   6908251250068771669197488244130721656881888665732741499223637709965544623590073348497410883564
 34541256250343858345987441220653608284409443328663707496118188549827723117950366742487054417820
34541256250343858345987441220653608284409443328663707496118188549827723117950366742487054417820
------------------------------------------------------------------------------------------------------------------------------------------------------------------------------------
380656103865458321574125223375801229171637618720059138432426321097606567152076810464886537793399810396852003208531256213013642844666626874915946713535656974011121908072466121265272

