                                                                                      583876396042951524117718381160818206836541736998310181029145127057641395478068909917020034547
                                                                                            *35202615669450139229300510956429949110687632645668509560655298193105273936101768618575
                                                                                     ----------------------------------------------------------------------------------------------
                                                                                     2919381980214757620588591905804091034182708684991550905145725635288206977390344549585100172735
                                                                                    4087134772300660668824028668125727447855792158988171267204015889403489768346482369419140241829
                                                                                   2919381980214757620588591905804091034182708684991550905145725635288206977390344549585100172735
                                                                                  4671011168343612192941747049286545654692333895986481448233161016461131163824551279336160276376
                                                                                  583876396042951524117718381160818206836541736998310181029145127057641395478068909917020034547
                                                                                3503258376257709144706310286964909241019250421989861086174870762345848372868413459502120207282
                                                                               4671011168343612192941747049286545654692333895986481448233161016461131163824551279336160276376
                                                                              3503258376257709144706310286964909241019250421989861086174870762345848372868413459502120207282
                                                                             4087134772300660668824028668125727447855792158988171267204015889403489768346482369419140241829
                                                                             583876396042951524117718381160818206836541736998310181029145127057641395478068909917020034547
                                                                                                                                                                        0
                                                                           583876396042951524117718381160818206836541736998310181029145127057641395478068909917020034547
                                                                         3503258376257709144706310286964909241019250421989861086174870762345848372868413459502120207282
                                                                        1751629188128854572353155143482454620509625210994930543087435381172924186434206729751060103641
                                                                       5254887564386563717059465430447363861528875632984791629262306143518772559302620189253180310923
                                                                      1751629188128854572353155143482454620509625210994930543087435381172924186434206729751060103641
                                                                     4087134772300660668824028668125727447855792158988171267204015889403489768346482369419140241829
                                                                    1167752792085903048235436762321636413673083473996620362058290254115282790956137819834040069094
                                                                   2919381980214757620588591905804091034182708684991550905145725635288206977390344549585100172735
                                                                                                                                                               0
                                                                  583876396042951524117718381160818206836541736998310181029145127057641395478068909917020034547
                                                                1751629188128854572353155143482454620509625210994930543087435381172924186434206729751060103641
                                                               5254887564386563717059465430447363861528875632984791629262306143518772559302620189253180310923
                                                               583876396042951524117718381160818206836541736998310181029145127057641395478068909917020034547
                                                             4671011168343612192941747049286545654692333895986481448233161016461131163824551279336160276376
                                                            5254887564386563717059465430447363861528875632984791629262306143518772559302620189253180310923
                                                           1167752792085903048235436762321636413673083473996620362058290254115282790956137819834040069094
                                                          2919381980214757620588591905804091034182708684991550905145725635288206977390344549585100172735
                                                         2919381980214757620588591905804091034182708684991550905145725635288206977390344549585100172735
                                                        3503258376257709144706310286964909241019250421989861086174870762345848372868413459502120207282
                                                                                                                                                    0
                                                      3503258376257709144706310286964909241019250421989861086174870762345848372868413459502120207282
                                                     2919381980214757620588591905804091034182708684991550905145725635288206977390344549585100172735
                                                    5254887564386563717059465430447363861528875632984791629262306143518772559302620189253180310923
                                                                                                                                                0
                                                  2919381980214757620588591905804091034182708684991550905145725635288206977390344549585100172735
                                                 4671011168343612192941747049286545654692333895986481448233161016461131163824551279336160276376
                                                3503258376257709144706310286964909241019250421989861086174870762345848372868413459502120207282
                                               3503258376257709144706310286964909241019250421989861086174870762345848372868413459502120207282
                                              2919381980214757620588591905804091034182708684991550905145725635288206977390344549585100172735
                                             2335505584171806096470873524643272827346166947993240724116580508230565581912275639668080138188
                                            3503258376257709144706310286964909241019250421989861086174870762345848372868413459502120207282
                                           1167752792085903048235436762321636413673083473996620362058290254115282790956137819834040069094
                                          1751629188128854572353155143482454620509625210994930543087435381172924186434206729751060103641
                                         3503258376257709144706310286964909241019250421989861086174870762345848372868413459502120207282
                                        4087134772300660668824028668125727447855792158988171267204015889403489768346482369419140241829
                                       4671011168343612192941747049286545654692333895986481448233161016461131163824551279336160276376
                                      3503258376257709144706310286964909241019250421989861086174870762345848372868413459502120207282
                                                                                                                                  0
                                     583876396042951524117718381160818206836541736998310181029145127057641395478068909917020034547
                                    583876396042951524117718381160818206836541736998310181029145127057641395478068909917020034547
                                  5254887564386563717059465430447363861528875632984791629262306143518772559302620189253180310923
                                 2335505584171806096470873524643272827346166947993240724116580508230565581912275639668080138188
                                5254887564386563717059465430447363861528875632984791629262306143518772559302620189253180310923
                               5254887564386563717059465430447363861528875632984791629262306143518772559302620189253180310923
                              1167752792085903048235436762321636413673083473996620362058290254115282790956137819834040069094
                             2335505584171806096470873524643272827346166947993240724116580508230565581912275639668080138188
                            3503258376257709144706310286964909241019250421989861086174870762345848372868413459502120207282
                           2919381980214757620588591905804091034182708684991550905145725635288206977390344549585100172735
                          5254887564386563717059465430447363861528875632984791629262306143518772559302620189253180310923
                                                                                                                      0
                         583876396042951524117718381160818206836541736998310181029145127057641395478068909917020034547
                       2919381980214757620588591905804091034182708684991550905145725635288206977390344549585100172735
                                                                                                                   0
                                                                                                                  0
                    1751629188128854572353155143482454620509625210994930543087435381172924186434206729751060103641
                   5254887564386563717059465430447363861528875632984791629262306143518772559302620189253180310923
                  1167752792085903048235436762321636413673083473996620362058290254115282790956137819834040069094
                 1167752792085903048235436762321636413673083473996620362058290254115282790956137819834040069094
                5254887564386563717059465430447363861528875632984791629262306143518772559302620189253180310923
               1751629188128854572353155143482454620509625210994930543087435381172924186434206729751060103641
               583876396042951524117718381160818206836541736998310181029145127057641395478068909917020034547
                                                                                                          0
            2919381980214757620588591905804091034182708684991550905145725635288206977390344549585100172735
           2335505584171806096470873524643272827346166947993240724116580508230565581912275639668080138188
          5254887564386563717059465430447363861528875632984791629262306143518772559302620189253180310923
         3503258376257709144706310286964909241019250421989861086174870762345848372868413459502120207282
        3503258376257709144706310286964909241019250421989861086174870762345848372868413459502120207282
       2919381980214757620588591905804091034182708684991550905145725635288206977390344549585100172735
       583876396042951524117718381160818206836541736998310181029145127057641395478068909917020034547
     3503258376257709144706310286964909241019250421989861086174870762345848372868413459502120207282
    1167752792085903048235436762321636413673083473996620362058290254115282790956137819834040069094
                                                                                                0
  1167752792085903048235436762321636413673083473996620362058290254115282790956137819834040069094
 2919381980214757620588591905804091034182708684991550905145725635288206977390344549585100172735
1751629188128854572353155143482454620509625210994930543087435381172924186434206729751060103641
-----------------------------------------------------------------------------------------------------------------------------------------------------------------------------------
20553976368363680590835358589343597190983825513047130097158460756261824814522199636917683324224480340350196980943342536191076402433900894391660712945179130669529913788446965910525

