                                                                               2277620575210791727550247953792910683741263
                                         *34342528120599136055262199502235770922835895808514140350300524091094378867347109
                                         ---------------------------------------------------------------------------------
                                                                              20498585176897125547952231584136196153671367
                                                                                                                        0
                                                                             2277620575210791727550247953792910683741263
                                                                           15943344026475542092851735676550374786188841
                                                                           9110482300843166910200991815171642734965052
                                                                          6832861725632375182650743861378732051223789
                                                                        15943344026475542092851735676550374786188841
                                                                       13665723451264750365301487722757464102447578
                                                                      18220964601686333820401983630343285469930104
                                                                     18220964601686333820401983630343285469930104
                                                                    15943344026475542092851735676550374786188841
                                                                    6832861725632375182650743861378732051223789
                                                                   9110482300843166910200991815171642734965052
                                                                 20498585176897125547952231584136196153671367
                                                                                                           0
                                                                2277620575210791727550247953792910683741263
                                                              20498585176897125547952231584136196153671367
                                                                                                        0
                                                             9110482300843166910200991815171642734965052
                                                            4555241150421583455100495907585821367482526
                                                          11388102876053958637751239768964553418706315
                                                                                                    0
                                                                                                   0
                                                        6832861725632375182650743861378732051223789
                                                                                                 0
                                                     11388102876053958637751239768964553418706315
                                                     6832861725632375182650743861378732051223789
                                                                                              0
                                                   9110482300843166910200991815171642734965052
                                                  2277620575210791727550247953792910683741263
                                                 9110482300843166910200991815171642734965052
                                                2277620575210791727550247953792910683741263
                                              11388102876053958637751239768964553418706315
                                             18220964601686333820401983630343285469930104
                                                                                       0
                                           18220964601686333820401983630343285469930104
                                          11388102876053958637751239768964553418706315
                                         20498585176897125547952231584136196153671367
                                        18220964601686333820401983630343285469930104
                                       11388102876053958637751239768964553418706315
                                       6832861725632375182650743861378732051223789
                                     18220964601686333820401983630343285469930104
                                     4555241150421583455100495907585821367482526
                                    4555241150421583455100495907585821367482526
                                  20498585176897125547952231584136196153671367
                                                                            0
                                15943344026475542092851735676550374786188841
                               15943344026475542092851735676550374786188841
                              11388102876053958637751239768964553418706315
                              6832861725632375182650743861378732051223789
                             4555241150421583455100495907585821367482526
                            4555241150421583455100495907585821367482526
                                                                     0
                         11388102876053958637751239768964553418706315
                        20498585176897125547952231584136196153671367
                       20498585176897125547952231584136196153671367
                       2277620575210791727550247953792910683741263
                      4555241150421583455100495907585821367482526
                    13665723451264750365301487722757464102447578
                    4555241150421583455100495907585821367482526
                  11388102876053958637751239768964553418706315
                 11388102876053958637751239768964553418706315
                                                           0
               13665723451264750365301487722757464102447578
               6832861725632375182650743861378732051223789
              2277620575210791727550247953792910683741263
            20498585176897125547952231584136196153671367
           20498585176897125547952231584136196153671367
          11388102876053958637751239768964553418706315
                                                    0
         4555241150421583455100495907585821367482526
        2277620575210791727550247953792910683741263
      18220964601686333820401983630343285469930104
      4555241150421583455100495907585821367482526
    11388102876053958637751239768964553418706315
    4555241150421583455100495907585821367482526
   9110482300843166910200991815171642734965052
  6832861725632375182650743861378732051223789
 9110482300843166910200991815171642734965052
6832861725632375182650743861378732051223789
--------------------------------------------------------------------------------------------------------------------------
78219248652231794437673584596278806027216925071459434070150159614159294420609315757581208546943863822223732157611767058667

