                                                          7816848505
         *3810428849897615521618535373979261203097087748391453306843
         -----------------------------------------------------------
                                                         23450545515
                                                        31267394020
                                                       62534788040
                                                      46901091030
                                                               0
                                                    23450545515
                                                   23450545515
                                                  39084242525
                                                 31267394020
                                                 7816848505
                                               70351636545
                                              23450545515
                                             62534788040
                                            31267394020
                                           54717939535
                                          54717939535
                                         62534788040
                                                  0
                                       54717939535
                                      70351636545
                                               0
                                    23450545515
                                             0
                                  15633697010
                                  7816848505
                                46901091030
                               15633697010
                              70351636545
                             54717939535
                            70351636545
                           23450545515
                          54717939535
                         23450545515
                        39084242525
                       23450545515
                      39084242525
                     62534788040
                     7816848505
                   46901091030
                   7816848505
                 15633697010
                39084242525
               39084242525
               7816848505
             46901091030
            54717939535
           70351636545
          62534788040
         70351636545
        31267394020
       62534788040
      62534788040
     15633697010
    31267394020
             0
   7816848505
 62534788040
23450545515
--------------------------------------------------------------------
29785545058731045293228643418379403836433971735867547936373010819715

