               298916318826252728386775477
                          *389109001632514
              ----------------------------
              1195665275305010913547101908
              298916318826252728386775477
            1494581594131263641933877385
            597832637652505456773550954
           896748956478758185160326431
         1793497912957516370320652862
         298916318826252728386775477
                                  0
                                 0
     2690246869436274555480979293
                               0
    298916318826252728386775477
  2690246869436274555480979293
 2391330550610021827094203816
 896748956478758185160326431
------------------------------------------
116311030390149448202170965709601381059178

