                                                                         8520341149539241479405835024
                           *7535156407646286427897393138163916422172947665217997736040966257800128312
                           --------------------------------------------------------------------------
                                                                        17040682299078482958811670048
                                                                        8520341149539241479405835024
                                                                      25561023448617724438217505072
                                                                     68162729196313931835246680192
                                                                    17040682299078482958811670048
                                                                    8520341149539241479405835024
                                                                                              0
                                                                                             0
                                                                68162729196313931835246680192
                                                               59642388046774690355840845168
                                                              42601705747696207397029175120
                                                             17040682299078482958811670048
                                                            51122046897235448876435010144
                                                           51122046897235448876435010144
                                                          76683070345853173314652515216
                                                                                     0
                                                        34081364598156965917623340096
                                                                                   0
                                                      51122046897235448876435010144
                                                     25561023448617724438217505072
                                                    59642388046774690355840845168
                                                   59642388046774690355840845168
                                                  76683070345853173314652515216
                                                 76683070345853173314652515216
                                                59642388046774690355840845168
                                                8520341149539241479405835024
                                              17040682299078482958811670048
                                             42601705747696207397029175120
                                            51122046897235448876435010144
                                           51122046897235448876435010144
                                          59642388046774690355840845168
                                         34081364598156965917623340096
                                        76683070345853173314652515216
                                       17040682299078482958811670048
                                      59642388046774690355840845168
                                      8520341149539241479405835024
                                    17040682299078482958811670048
                                   17040682299078482958811670048
                                  34081364598156965917623340096
                                 51122046897235448876435010144
                                 8520341149539241479405835024
                               76683070345853173314652515216
                              25561023448617724438217505072
                             51122046897235448876435010144
                             8520341149539241479405835024
                           68162729196313931835246680192
                          25561023448617724438217505072
                          8520341149539241479405835024
                        25561023448617724438217505072
                       76683070345853173314652515216
                      25561023448617724438217505072
                     59642388046774690355840845168
                    76683070345853173314652515216
                   68162729196313931835246680192
                  59642388046774690355840845168
                 17040682299078482958811670048
                34081364598156965917623340096
               51122046897235448876435010144
              68162729196313931835246680192
             17040682299078482958811670048
            51122046897235448876435010144
           34081364598156965917623340096
          51122046897235448876435010144
         59642388046774690355840845168
                                    0
       34081364598156965917623340096
      51122046897235448876435010144
     42601705747696207397029175120
     8520341149539241479405835024
   42601705747696207397029175120
  25561023448617724438217505072
 42601705747696207397029175120
59642388046774690355840845168
-----------------------------------------------------------------------------------------------------
64202103208282941377467921088706160970881596436269499195686987460520847800096878171570158708703599488

