                                                                          25116353373513417936064766313295807542870221572375082458080419900654842975022360868113022064064
                                                                                             *129513700213540537448850167563086937318449893857502497503260668252993848728
                                                                         ------------------------------------------------------------------------------------------------
                                                                         200930826988107343488518130506366460342961772579000659664643359205238743800178886944904176512512
                                                                         50232706747026835872129532626591615085740443144750164916160839801309685950044721736226044128128
                                                                       175814473614593925552453364193070652800091551006625577206562939304583900825156526076791154448448
                                                                      200930826988107343488518130506366460342961772579000659664643359205238743800178886944904176512512
                                                                     100465413494053671744259065253183230171480886289500329832321679602619371900089443472452088256256
                                                                    200930826988107343488518130506366460342961772579000659664643359205238743800178886944904176512512
                                                                    75349060120540253808194298939887422628610664717125247374241259701964528925067082604339066192192
                                                                  226047180361620761424582896819662267885831994151375742122723779105893586775201247813017198576576
                                                                 226047180361620761424582896819662267885831994151375742122723779105893586775201247813017198576576
                                                                 50232706747026835872129532626591615085740443144750164916160839801309685950044721736226044128128
                                                               125581766867567089680323831566479037714351107861875412290402099503274214875111804340565110320320
                                                               50232706747026835872129532626591615085740443144750164916160839801309685950044721736226044128128
                                                             200930826988107343488518130506366460342961772579000659664643359205238743800178886944904176512512
                                                            150698120241080507616388597879774845257221329434250494748482519403929057850134165208678132384384
                                                           150698120241080507616388597879774845257221329434250494748482519403929057850134165208678132384384
                                                                                                                                                         0
                                                         150698120241080507616388597879774845257221329434250494748482519403929057850134165208678132384384
                                                         50232706747026835872129532626591615085740443144750164916160839801309685950044721736226044128128
                                                        75349060120540253808194298939887422628610664717125247374241259701964528925067082604339066192192
                                                                                                                                                     0
                                                     125581766867567089680323831566479037714351107861875412290402099503274214875111804340565110320320
                                                    175814473614593925552453364193070652800091551006625577206562939304583900825156526076791154448448
                                                   226047180361620761424582896819662267885831994151375742122723779105893586775201247813017198576576
                                                  100465413494053671744259065253183230171480886289500329832321679602619371900089443472452088256256
                                                  50232706747026835872129532626591615085740443144750164916160839801309685950044721736226044128128
                                                                                                                                               0
                                               125581766867567089680323831566479037714351107861875412290402099503274214875111804340565110320320
                                              175814473614593925552453364193070652800091551006625577206562939304583900825156526076791154448448
                                             125581766867567089680323831566479037714351107861875412290402099503274214875111804340565110320320
                                            200930826988107343488518130506366460342961772579000659664643359205238743800178886944904176512512
                                            75349060120540253808194298939887422628610664717125247374241259701964528925067082604339066192192
                                          226047180361620761424582896819662267885831994151375742122723779105893586775201247813017198576576
                                         200930826988107343488518130506366460342961772579000659664643359205238743800178886944904176512512
                                        226047180361620761424582896819662267885831994151375742122723779105893586775201247813017198576576
                                       100465413494053671744259065253183230171480886289500329832321679602619371900089443472452088256256
                                      100465413494053671744259065253183230171480886289500329832321679602619371900089443472452088256256
                                     200930826988107343488518130506366460342961772579000659664643359205238743800178886944904176512512
                                     25116353373513417936064766313295807542870221572375082458080419900654842975022360868113022064064
                                    75349060120540253808194298939887422628610664717125247374241259701964528925067082604339066192192
                                  175814473614593925552453364193070652800091551006625577206562939304583900825156526076791154448448
                                  75349060120540253808194298939887422628610664717125247374241259701964528925067082604339066192192
                                226047180361620761424582896819662267885831994151375742122723779105893586775201247813017198576576
                               150698120241080507616388597879774845257221329434250494748482519403929057850134165208678132384384
                              200930826988107343488518130506366460342961772579000659664643359205238743800178886944904176512512
                                                                                                                            0
                             75349060120540253808194298939887422628610664717125247374241259701964528925067082604339066192192
                           150698120241080507616388597879774845257221329434250494748482519403929057850134165208678132384384
                          125581766867567089680323831566479037714351107861875412290402099503274214875111804340565110320320
                         175814473614593925552453364193070652800091551006625577206562939304583900825156526076791154448448
                        150698120241080507616388597879774845257221329434250494748482519403929057850134165208678132384384
                        25116353373513417936064766313295807542870221572375082458080419900654842975022360868113022064064
                                                                                                                     0
                     125581766867567089680323831566479037714351107861875412290402099503274214875111804340565110320320
                    200930826988107343488518130506366460342961772579000659664643359205238743800178886944904176512512
                   200930826988107343488518130506366460342961772579000659664643359205238743800178886944904176512512
                  100465413494053671744259065253183230171480886289500329832321679602619371900089443472452088256256
                 100465413494053671744259065253183230171480886289500329832321679602619371900089443472452088256256
                175814473614593925552453364193070652800091551006625577206562939304583900825156526076791154448448
                75349060120540253808194298939887422628610664717125247374241259701964528925067082604339066192192
              125581766867567089680323831566479037714351107861875412290402099503274214875111804340565110320320
                                                                                                            0
            100465413494053671744259065253183230171480886289500329832321679602619371900089443472452088256256
           125581766867567089680323831566479037714351107861875412290402099503274214875111804340565110320320
           75349060120540253808194298939887422628610664717125247374241259701964528925067082604339066192192
          25116353373513417936064766313295807542870221572375082458080419900654842975022360868113022064064
         50232706747026835872129532626591615085740443144750164916160839801309685950044721736226044128128
                                                                                                      0
                                                                                                     0
     175814473614593925552453364193070652800091551006625577206562939304583900825156526076791154448448
     75349060120540253808194298939887422628610664717125247374241259701964528925067082604339066192192
    25116353373513417936064766313295807542870221572375082458080419900654842975022360868113022064064
  125581766867567089680323831566479037714351107861875412290402099503274214875111804340565110320320
 226047180361620761424582896819662267885831994151375742122723779105893586775201247813017198576576
 50232706747026835872129532626591615085740443144750164916160839801309685950044721736226044128128
25116353373513417936064766313295807542870221572375082458080419900654842975022360868113022064064
-------------------------------------------------------------------------------------------------------------------------------------------------------------------------
3252911861274564354681407587918202609728781180652513707583034808300938573226687293123409412512072180043646401205863971837951662067676820489993999152400097634733940910592

