            40953393150014274088600235326700896235541552980388
                                                 *259282715496
           ---------------------------------------------------
           245720358900085644531601411960205377413249317882328
          368580538350128466797402117940308066119873976823492
         163813572600057096354400941306803584942166211921552
        204766965750071370443001176633504481177707764901940
        40953393150014274088600235326700896235541552980388
      286673752050099918620201647286906273648790870862716
      81906786300028548177200470653401792471083105960776
    327627145200114192708801882613607169884332423843104
    81906786300028548177200470653401792471083105960776
  368580538350128466797402117940308066119873976823492
 204766965750071370443001176633504481177707764901940
 81906786300028548177200470653401792471083105960776
--------------------------------------------------------------
10618506984710986276853499513091637090928137884899952671692448

