                                                                                        376928843597485154216492432615
                             *5431469302800386441757150683208752898828108247891966782741171956136028839653342539107482
                             -----------------------------------------------------------------------------------------
                                                                                        753857687194970308432984865230
                                                                                      3015430748779881233731939460920
                                                                                     1507715374389940616865969730460
                                                                                    2638501905182396079515447028305
                                                                                                                 0
                                                                                   376928843597485154216492432615
                                                                                 3392359592377366387948431893535
                                                                                1130786530792455462649477297845
                                                                               1884644217987425771082462163075
                                                                               753857687194970308432984865230
                                                                             1507715374389940616865969730460
                                                                            1130786530792455462649477297845
                                                                           1130786530792455462649477297845
                                                                          1884644217987425771082462163075
                                                                         2261573061584910925298954595690
                                                                        3392359592377366387948431893535
                                                                       1130786530792455462649477297845
                                                                      3015430748779881233731939460920
                                                                     3015430748779881233731939460920
                                                                     753857687194970308432984865230
                                                                                                 0
                                                                  2261573061584910925298954595690
                                                                 1130786530792455462649477297845
                                                                 376928843597485154216492432615
                                                               2261573061584910925298954595690
                                                              1884644217987425771082462163075
                                                             3392359592377366387948431893535
                                                             376928843597485154216492432615
                                                           2638501905182396079515447028305
                                                           376928843597485154216492432615
                                                          376928843597485154216492432615
                                                        1507715374389940616865969730460
                                                       2638501905182396079515447028305
                                                       753857687194970308432984865230
                                                     3015430748779881233731939460920
                                                    2638501905182396079515447028305
                                                   2261573061584910925298954595690
                                                  2261573061584910925298954595690
                                                 3392359592377366387948431893535
                                                 376928843597485154216492432615
                                               3392359592377366387948431893535
                                              3015430748779881233731939460920
                                             2638501905182396079515447028305
                                            1507715374389940616865969730460
                                            753857687194970308432984865230
                                          3015430748779881233731939460920
                                                                       0
                                         376928843597485154216492432615
                                       3015430748779881233731939460920
                                       753857687194970308432984865230
                                     3015430748779881233731939460920
                                    3015430748779881233731939460920
                                   3392359592377366387948431893535
                                  3015430748779881233731939460920
                                  753857687194970308432984865230
                                1884644217987425771082462163075
                               2638501905182396079515447028305
                              3015430748779881233731939460920
                                                           0
                             753857687194970308432984865230
                           1130786530792455462649477297845
                          3015430748779881233731939460920
                         2261573061584910925298954595690
                                                      0
                       1884644217987425771082462163075
                       376928843597485154216492432615
                     2638501905182396079515447028305
                    1884644217987425771082462163075
                   2638501905182396079515447028305
                   376928843597485154216492432615
                 1507715374389940616865969730460
                1507715374389940616865969730460
               2261573061584910925298954595690
              3015430748779881233731939460920
             1130786530792455462649477297845
                                          0
                                         0
          3015430748779881233731939460920
          753857687194970308432984865230
                                      0
       1130786530792455462649477297845
      3392359592377366387948431893535
     2261573061584910925298954595690
    1507715374389940616865969730460
    376928843597485154216492432615
  1130786530792455462649477297845
 1507715374389940616865969730460
1884644217987425771082462163075
----------------------------------------------------------------------------------------------------------------------
2047277443339788595450243220448271656724431404139907053361194399764071104009994875257091075839058804929467549127325430

