                 83208095492860533267787200171650081980439716870106875605
                                                       *61388888607502809
                ---------------------------------------------------------
                748872859435744799410084801544850737823957451830961880445
                                                                       0
              665664763942884266142297601373200655843517734960855004840
             166416190985721066535574400343300163960879433740213751210
                                                                    0
           416040477464302666338936000858250409902198584350534378025
          582456668450023732874510401201550573863078018090748129235
                                                                 0
        499248572957163199606723201029900491882638301220641253630
       665664763942884266142297601373200655843517734960855004840
      665664763942884266142297601373200655843517734960855004840
     665664763942884266142297601373200655843517734960855004840
    665664763942884266142297601373200655843517734960855004840
   665664763942884266142297601373200655843517734960855004840
  249624286478581599803361600514950245941319150610320626815
  83208095492860533267787200171650081980439716870106875605
499248572957163199606723201029900491882638301220641253630
-------------------------------------------------------------------------
5108052505453671819849475844589680976410738937888112588299892300251074445

