                                                                                                     85
 *89965107168881660731408751659408404015831710877850090876031082833235828990078763863850564663946270852
 ------------------------------------------------------------------------------------------------------
                                                                                                    170
                                                                                                   425
                                                                                                  680
                                                                                                   0
                                                                                                595
                                                                                               170
                                                                                              510
                                                                                             340
                                                                                            765
                                                                                           255
                                                                                          510
                                                                                         510
                                                                                        340
                                                                                       510
                                                                                      425
                                                                                       0
                                                                                    425
                                                                                   680
                                                                                  255
                                                                                 510
                                                                                680
                                                                               255
                                                                              510
                                                                             595
                                                                            680
                                                                           595
                                                                            0
                                                                           0
                                                                        765
                                                                       765
                                                                      680
                                                                     170
                                                                    680
                                                                   425
                                                                  255
                                                                 170
                                                                255
                                                               255
                                                              680
                                                             170
                                                            680
                                                             0
                                                           85
                                                         255
                                                          0
                                                       510
                                                      595
                                                     680
                                                      0
                                                   765
                                                    0
                                                   0
                                                425
                                               680
                                              595
                                             595
                                            680
                                             0
                                           85
                                         595
                                         85
                                       255
                                      680
                                     425
                                     85
                                     0
                                  340
                                   0
                                340
                               680
                                0
                             340
                            765
                           425
                          510
                          85
                        425
                       595
                      680
                       0
                    340
                    85
                  255
                 595
                  0
               510
              510
              85
            680
           680
          680
         510
         85
       595
        0
      85
    425
   510
  765
 765
680
-------------------------------------------------------------------------------------------------------
7647034109354941162169743891049714341345695424617257724462642040825045464156694928427297996435433022420

