                                                  94626129
       *29544098239283631391800747018210264774698516970110
       ---------------------------------------------------
                                                         0
                                                 94626129
                                                94626129
                                                      0
                                             662382903
                                            851635161
                                           567756774
                                           94626129
                                         473130645
                                        757009032
                                       851635161
                                      567756774
                                     378504516
                                    662382903
                                   662382903
                                  378504516
                                 567756774
                                189252258
                                       0
                               94626129
                             189252258
                            757009032
                            94626129
                                  0
                         662382903
                        378504516
                       662382903
                              0
                             0
                    757009032
                    94626129
                  851635161
                 283878387
                 94626129
               283878387
              567756774
             283878387
            757009032
           189252258
          851635161
         283878387
        189252258
       757009032
      851635161
             0
    378504516
   378504516
  473130645
 851635161
189252258
----------------------------------------------------------
2795643651179125771668987029641529863694777802922318004190

