                    100000000000000000000
                   *789123789456789123789
                   ----------------------
                    900000000000000000000
                   800000000000000000000
                  700000000000000000000
                 300000000000000000000
                200000000000000000000
               100000000000000000000
              900000000000000000000
             800000000000000000000
            700000000000000000000
           600000000000000000000
          500000000000000000000
         400000000000000000000
        900000000000000000000
       800000000000000000000
      700000000000000000000
     300000000000000000000
    200000000000000000000
   100000000000000000000
  900000000000000000000
 800000000000000000000
700000000000000000000
-----------------------------------------
78912378945678912378900000000000000000000

