                           81743111532932525802359518790
                            *169144555709003265846071023
                          ------------------------------
                          245229334598797577407078556370
                         163486223065865051604719037580
                                                     0
                        81743111532932525802359518790
                      572201780730527680616516631530
                                                  0
                    490458669197595154814157112740
                   326972446131730103209438075160
                  653944892263460206418876150320
                 408715557664662629011797593950
                490458669197595154814157112740
               163486223065865051604719037580
              245229334598797577407078556370
                                          0
                                         0
           735688003796392732221235669110
                                       0
         572201780730527680616516631530
        408715557664662629011797593950
       408715557664662629011797593950
      408715557664662629011797593950
     326972446131730103209438075160
    326972446131730103209438075160
    81743111532932525802359518790
  735688003796392732221235669110
 490458669197595154814157112740
 81743111532932525802359518790
--------------------------------------------------------
13826402282509372959134912572189652271515063226443022170

