                                         13
*574727399838926806520158492462719292031925
-------------------------------------------
                                         65
                                        26
                                      117
                                      13
                                     39
                                     0
                                   26
                                 117
                                 26
                               117
                               13
                              91
                             26
                            78
                           52
                          26
                        117
                        52
                      104
                      65
                     13
                     0
                   26
                  65
                 78
                 0
              104
              78
             26
           117
          104
          39
        104
       117
      117
      39
     91
    26
   91
  52
 91
65
-------------------------------------------
7471456197906048484762060402015350796415025

