                                                 440172306234741717031678766104859877007731206377080257024635110007717580611249957072
                                                                                   *8842487607604412002714963910992877015785556098208
                                                -------------------------------------------------------------------------------------
                                                3521378449877933736253430128838879016061849651016642056197080880061740644889999656576
                                                                                                                                   0
                                               880344612469483434063357532209719754015462412754160514049270220015435161222499914144
                                             3521378449877933736253430128838879016061849651016642056197080880061740644889999656576
                                            3961550756112675453285108894943738893069580857393722313221715990069458225501249613648
                                                                                                                               0
                                          2641033837408450302190072596629159262046387238262481542147810660046305483667499742432
                                         2200861531173708585158393830524299385038656031885401285123175550038587903056249785360
                                        2200861531173708585158393830524299385038656031885401285123175550038587903056249785360
                                       2200861531173708585158393830524299385038656031885401285123175550038587903056249785360
                                      3521378449877933736253430128838879016061849651016642056197080880061740644889999656576
                                     3081206143643192019221751362734019139054118444639561799172445770054023064278749699504
                                    2200861531173708585158393830524299385038656031885401285123175550038587903056249785360
                                    440172306234741717031678766104859877007731206377080257024635110007717580611249957072
                                                                                                                      0
                                 3081206143643192019221751362734019139054118444639561799172445770054023064278749699504
                                3081206143643192019221751362734019139054118444639561799172445770054023064278749699504
                               3521378449877933736253430128838879016061849651016642056197080880061740644889999656576
                               880344612469483434063357532209719754015462412754160514049270220015435161222499914144
                             3961550756112675453285108894943738893069580857393722313221715990069458225501249613648
                            3961550756112675453285108894943738893069580857393722313221715990069458225501249613648
                                                                                                               0
                           440172306234741717031678766104859877007731206377080257024635110007717580611249957072
                         3961550756112675453285108894943738893069580857393722313221715990069458225501249613648
                        1320516918704225151095036298314579631023193619131240771073905330023152741833749871216
                       2641033837408450302190072596629159262046387238262481542147810660046305483667499742432
                      3961550756112675453285108894943738893069580857393722313221715990069458225501249613648
                     1760689224938966868126715064419439508030924825508321028098540440030870322444999828288
                     440172306234741717031678766104859877007731206377080257024635110007717580611249957072
                   3081206143643192019221751362734019139054118444639561799172445770054023064278749699504
                   880344612469483434063357532209719754015462412754160514049270220015435161222499914144
                                                                                                     0
                                                                                                    0
                880344612469483434063357532209719754015462412754160514049270220015435161222499914144
               440172306234741717031678766104859877007731206377080257024635110007717580611249957072
             1760689224938966868126715064419439508030924825508321028098540440030870322444999828288
            1760689224938966868126715064419439508030924825508321028098540440030870322444999828288
                                                                                               0
          2641033837408450302190072596629159262046387238262481542147810660046305483667499742432
         3081206143643192019221751362734019139054118444639561799172445770054023064278749699504
                                                                                            0
       2641033837408450302190072596629159262046387238262481542147810660046305483667499742432
      3081206143643192019221751362734019139054118444639561799172445770054023064278749699504
     3521378449877933736253430128838879016061849651016642056197080880061740644889999656576
    1760689224938966868126715064419439508030924825508321028098540440030870322444999828288
    880344612469483434063357532209719754015462412754160514049270220015435161222499914144
  1760689224938966868126715064419439508030924825508321028098540440030870322444999828288
 3521378449877933736253430128838879016061849651016642056197080880061740644889999656576
3521378449877933736253430128838879016061849651016642056197080880061740644889999656576
-------------------------------------------------------------------------------------------------------------------------------------
3892218163091357890849524952407654867049614464973882705871651945253713745295182639852754332346062436192436479709104728027287816126976

