                                                            7046492021875883595135888434093707457659846335794208886739139519
                                                               *355020005748217648426100113075001504615289001876729339341758
                                                           -----------------------------------------------------------------
                                                           56371936175007068761087107472749659661278770686353671093913116152
                                                          35232460109379417975679442170468537288299231678971044433695697595
                                                         49325444153131185165951219038655952203618924350559462207173976633
                                                         7046492021875883595135888434093707457659846335794208886739139519
                                                       28185968087503534380543553736374829830639385343176835546956558076
                                                      21139476065627650785407665302281122372979539007382626660217418557
                                                     63418428196882952356222995906843367118938617022147879980652255671
                                                    21139476065627650785407665302281122372979539007382626660217418557
                                                   21139476065627650785407665302281122372979539007382626660217418557
                                                  63418428196882952356222995906843367118938617022147879980652255671
                                                 14092984043751767190271776868187414915319692671588417773478279038
                                                49325444153131185165951219038655952203618924350559462207173976633
                                               42278952131255301570815330604562244745959078014765253320434837114
                                              49325444153131185165951219038655952203618924350559462207173976633
                                             56371936175007068761087107472749659661278770686353671093913116152
                                             7046492021875883595135888434093707457659846335794208886739139519
                                                                                                           0
                                                                                                          0
                                         63418428196882952356222995906843367118938617022147879980652255671
                                        56371936175007068761087107472749659661278770686353671093913116152
                                       14092984043751767190271776868187414915319692671588417773478279038
                                      35232460109379417975679442170468537288299231678971044433695697595
                                      7046492021875883595135888434093707457659846335794208886739139519
                                    42278952131255301570815330604562244745959078014765253320434837114
                                   28185968087503534380543553736374829830639385343176835546956558076
                                                                                                  0
                                 35232460109379417975679442170468537288299231678971044433695697595
                                 7046492021875883595135888434093707457659846335794208886739139519
                                                                                               0
                                                                                              0
                             35232460109379417975679442170468537288299231678971044433695697595
                            49325444153131185165951219038655952203618924350559462207173976633
                                                                                           0
                          21139476065627650785407665302281122372979539007382626660217418557
                          7046492021875883595135888434093707457659846335794208886739139519
                         7046492021875883595135888434093707457659846335794208886739139519
                                                                                       0
                                                                                      0
                      7046492021875883595135888434093707457659846335794208886739139519
                    42278952131255301570815330604562244745959078014765253320434837114
                   14092984043751767190271776868187414915319692671588417773478279038
                  28185968087503534380543553736374829830639385343176835546956558076
                 56371936175007068761087107472749659661278770686353671093913116152
                28185968087503534380543553736374829830639385343176835546956558076
               42278952131255301570815330604562244745959078014765253320434837114
              49325444153131185165951219038655952203618924350559462207173976633
              7046492021875883595135888434093707457659846335794208886739139519
            14092984043751767190271776868187414915319692671588417773478279038
           56371936175007068761087107472749659661278770686353671093913116152
          28185968087503534380543553736374829830639385343176835546956558076
         49325444153131185165951219038655952203618924350559462207173976633
        35232460109379417975679442170468537288299231678971044433695697595
                                                                       0
                                                                      0
                                                                     0
    14092984043751767190271776868187414915319692671588417773478279038
                                                                   0
  35232460109379417975679442170468537288299231678971044433695697595
 35232460109379417975679442170468537288299231678971044433695697595
21139476065627650785407665302281122372979539007382626660217418557
----------------------------------------------------------------------------------------------------------------------------
2501645638111145993585810306329158852397502265962390902841232345170449012145586376201080932235226439572219415635842784734402

