                       9963512712239246214226412945132129480761985819540972624819323646584650759241205292565046989
                                                                                          *34399235743346758701736
                      --------------------------------------------------------------------------------------------
                      59781076273435477285358477670792776884571914917245835748915941879507904555447231755390281934
                     29890538136717738642679238835396388442285957458622917874457970939753952277723615877695140967
                    69744588985674723499584890615924906365333900736786808373735265526092555314688437047955328923
                    9963512712239246214226412945132129480761985819540972624819323646584650759241205292565046989
                                                                                                             0
                 69744588985674723499584890615924906365333900736786808373735265526092555314688437047955328923
                79708101697913969713811303561057035846095886556327780998554589172677206073929642340520375912
               49817563561196231071132064725660647403809929097704863124096618232923253796206026462825234945
              69744588985674723499584890615924906365333900736786808373735265526092555314688437047955328923
             59781076273435477285358477670792776884571914917245835748915941879507904555447231755390281934
            39854050848956984856905651780528517923047943278163890499277294586338603036964821170260187956
           29890538136717738642679238835396388442285957458622917874457970939753952277723615877695140967
          29890538136717738642679238835396388442285957458622917874457970939753952277723615877695140967
         39854050848956984856905651780528517923047943278163890499277294586338603036964821170260187956
        69744588985674723499584890615924906365333900736786808373735265526092555314688437047955328923
       49817563561196231071132064725660647403809929097704863124096618232923253796206026462825234945
      29890538136717738642679238835396388442285957458622917874457970939753952277723615877695140967
     19927025424478492428452825890264258961523971639081945249638647293169301518482410585130093978
    89671614410153215928037716506189165326857872375868753623373912819261856833170847633085422901
   89671614410153215928037716506189165326857872375868753623373912819261856833170847633085422901
  29890538136717738642679238835396388442285957458622917874457970939753952277723615877695140967
 39854050848956984856905651780528517923047943278163890499277294586338603036964821170260187956
29890538136717738642679238835396388442285957458622917874457970939753952277723615877695140967
------------------------------------------------------------------------------------------------------------------
342737222620150086672620872451539450178745974898943051359474676547520883151717455446103783588209035574237475872904

