                                                                                                     54550121215382111313135620545330885908020658879000324987941475563153056021809809941330024172639044450
                                                                                                    *25224312411834245486213504059550083525766850374823544905300366474726293978016499844234775811458920650
                                                                                                    ------------------------------------------------------------------------------------------------------
                                                                                                                                                                                                         0
                                                                                                   272750606076910556565678102726654429540103294395001624939707377815765280109049049706650120863195222250
                                                                                                  327300727292292667878813723271985315448123953274001949927648853378918336130858859647980145035834266700
                                                                                                                                                                                                      0
                                                                                                109100242430764222626271241090661771816041317758000649975882951126306112043619619882660048345278088900
                                                                                               490951090938439001818220584907977973172185929911002924891473280068377504196288289471970217553751400050
                                                                                              436400969723056890505084964362647087264165271032002599903531804505224448174478479530640193381112355600
                                                                                             272750606076910556565678102726654429540103294395001624939707377815765280109049049706650120863195222250
                                                                                            218200484861528445252542482181323543632082635516001299951765902252612224087239239765320096690556177800
                                                                                            54550121215382111313135620545330885908020658879000324987941475563153056021809809941330024172639044450
                                                                                           54550121215382111313135620545330885908020658879000324987941475563153056021809809941330024172639044450
                                                                                         436400969723056890505084964362647087264165271032002599903531804505224448174478479530640193381112355600
                                                                                        272750606076910556565678102726654429540103294395001624939707377815765280109049049706650120863195222250
                                                                                       381850848507674779191949343817316201356144612153002274915590328942071392152668669589310169208473311150
                                                                                      381850848507674779191949343817316201356144612153002274915590328942071392152668669589310169208473311150
                                                                                     218200484861528445252542482181323543632082635516001299951765902252612224087239239765320096690556177800
                                                                                    163650363646146333939406861635992657724061976637000974963824426689459168065429429823990072517917133350
                                                                                   109100242430764222626271241090661771816041317758000649975882951126306112043619619882660048345278088900
                                                                                  218200484861528445252542482181323543632082635516001299951765902252612224087239239765320096690556177800
                                                                                 218200484861528445252542482181323543632082635516001299951765902252612224087239239765320096690556177800
                                                                                436400969723056890505084964362647087264165271032002599903531804505224448174478479530640193381112355600
                                                                               490951090938439001818220584907977973172185929911002924891473280068377504196288289471970217553751400050
                                                                              490951090938439001818220584907977973172185929911002924891473280068377504196288289471970217553751400050
                                                                             218200484861528445252542482181323543632082635516001299951765902252612224087239239765320096690556177800
                                                                            327300727292292667878813723271985315448123953274001949927648853378918336130858859647980145035834266700
                                                                            54550121215382111313135620545330885908020658879000324987941475563153056021809809941330024172639044450
                                                                                                                                                                               0
                                                                         436400969723056890505084964362647087264165271032002599903531804505224448174478479530640193381112355600
                                                                        381850848507674779191949343817316201356144612153002274915590328942071392152668669589310169208473311150
                                                                       490951090938439001818220584907977973172185929911002924891473280068377504196288289471970217553751400050
                                                                      163650363646146333939406861635992657724061976637000974963824426689459168065429429823990072517917133350
                                                                     490951090938439001818220584907977973172185929911002924891473280068377504196288289471970217553751400050
                                                                    109100242430764222626271241090661771816041317758000649975882951126306112043619619882660048345278088900
                                                                   327300727292292667878813723271985315448123953274001949927648853378918336130858859647980145035834266700
                                                                  109100242430764222626271241090661771816041317758000649975882951126306112043619619882660048345278088900
                                                                 381850848507674779191949343817316201356144612153002274915590328942071392152668669589310169208473311150
                                                                218200484861528445252542482181323543632082635516001299951765902252612224087239239765320096690556177800
                                                               381850848507674779191949343817316201356144612153002274915590328942071392152668669589310169208473311150
                                                              218200484861528445252542482181323543632082635516001299951765902252612224087239239765320096690556177800
                                                             327300727292292667878813723271985315448123953274001949927648853378918336130858859647980145035834266700
                                                            327300727292292667878813723271985315448123953274001949927648853378918336130858859647980145035834266700
                                                           163650363646146333939406861635992657724061976637000974963824426689459168065429429823990072517917133350
                                                                                                                                                               0
                                                                                                                                                              0
                                                        163650363646146333939406861635992657724061976637000974963824426689459168065429429823990072517917133350
                                                       272750606076910556565678102726654429540103294395001624939707377815765280109049049706650120863195222250
                                                                                                                                                           0
                                                     490951090938439001818220584907977973172185929911002924891473280068377504196288289471970217553751400050
                                                    218200484861528445252542482181323543632082635516001299951765902252612224087239239765320096690556177800
                                                   218200484861528445252542482181323543632082635516001299951765902252612224087239239765320096690556177800
                                                  272750606076910556565678102726654429540103294395001624939707377815765280109049049706650120863195222250
                                                 163650363646146333939406861635992657724061976637000974963824426689459168065429429823990072517917133350
                                                109100242430764222626271241090661771816041317758000649975882951126306112043619619882660048345278088900
                                               436400969723056890505084964362647087264165271032002599903531804505224448174478479530640193381112355600
                                              218200484861528445252542482181323543632082635516001299951765902252612224087239239765320096690556177800
                                             381850848507674779191949343817316201356144612153002274915590328942071392152668669589310169208473311150
                                            163650363646146333939406861635992657724061976637000974963824426689459168065429429823990072517917133350
                                                                                                                                                0
                                          272750606076910556565678102726654429540103294395001624939707377815765280109049049706650120863195222250
                                         436400969723056890505084964362647087264165271032002599903531804505224448174478479530640193381112355600
                                        327300727292292667878813723271985315448123953274001949927648853378918336130858859647980145035834266700
                                       327300727292292667878813723271985315448123953274001949927648853378918336130858859647980145035834266700
                                      381850848507674779191949343817316201356144612153002274915590328942071392152668669589310169208473311150
                                     272750606076910556565678102726654429540103294395001624939707377815765280109049049706650120863195222250
                                    109100242430764222626271241090661771816041317758000649975882951126306112043619619882660048345278088900
                                   272750606076910556565678102726654429540103294395001624939707377815765280109049049706650120863195222250
                                  163650363646146333939406861635992657724061976637000974963824426689459168065429429823990072517917133350
                                 436400969723056890505084964362647087264165271032002599903531804505224448174478479530640193381112355600
                                                                                                                                     0
                                                                                                                                    0
                              272750606076910556565678102726654429540103294395001624939707377815765280109049049706650120863195222250
                             272750606076910556565678102726654429540103294395001624939707377815765280109049049706650120863195222250
                            490951090938439001818220584907977973172185929911002924891473280068377504196288289471970217553751400050
                           272750606076910556565678102726654429540103294395001624939707377815765280109049049706650120863195222250
                                                                                                                               0
                         218200484861528445252542482181323543632082635516001299951765902252612224087239239765320096690556177800
                                                                                                                             0
                       272750606076910556565678102726654429540103294395001624939707377815765280109049049706650120863195222250
                      163650363646146333939406861635992657724061976637000974963824426689459168065429429823990072517917133350
                      54550121215382111313135620545330885908020658879000324987941475563153056021809809941330024172639044450
                    109100242430764222626271241090661771816041317758000649975882951126306112043619619882660048345278088900
                   327300727292292667878813723271985315448123953274001949927648853378918336130858859647980145035834266700
                  436400969723056890505084964362647087264165271032002599903531804505224448174478479530640193381112355600
                 218200484861528445252542482181323543632082635516001299951765902252612224087239239765320096690556177800
                272750606076910556565678102726654429540103294395001624939707377815765280109049049706650120863195222250
               218200484861528445252542482181323543632082635516001299951765902252612224087239239765320096690556177800
              109100242430764222626271241090661771816041317758000649975882951126306112043619619882660048345278088900
             218200484861528445252542482181323543632082635516001299951765902252612224087239239765320096690556177800
            163650363646146333939406861635992657724061976637000974963824426689459168065429429823990072517917133350
           436400969723056890505084964362647087264165271032002599903531804505224448174478479530640193381112355600
           54550121215382111313135620545330885908020658879000324987941475563153056021809809941330024172639044450
          54550121215382111313135620545330885908020658879000324987941475563153056021809809941330024172639044450
        218200484861528445252542482181323543632082635516001299951765902252612224087239239765320096690556177800
       109100242430764222626271241090661771816041317758000649975882951126306112043619619882660048345278088900
       54550121215382111313135620545330885908020658879000324987941475563153056021809809941330024172639044450
     163650363646146333939406861635992657724061976637000974963824426689459168065429429823990072517917133350
    218200484861528445252542482181323543632082635516001299951765902252612224087239239765320096690556177800
   109100242430764222626271241090661771816041317758000649975882951126306112043619619882660048345278088900
  109100242430764222626271241090661771816041317758000649975882951126306112043619619882660048345278088900
 272750606076910556565678102726654429540103294395001624939707377815765280109049049706650120863195222250
109100242430764222626271241090661771816041317758000649975882951126306112043619619882660048345278088900
----------------------------------------------------------------------------------------------------------------------------------------------------------------------------------------------------------
1375989299640225586899642373104342594467572392068782030346816830774536932343524636466112525040397671241041355948555031223043412158960040758421860825685321207109682538821086400166638028837021444372892500

