                                                                                              547912632485171441646060
                       *9040979517439072567648189836997802899841585492648412230213913794983968017666831772906038439809
                       -----------------------------------------------------------------------------------------------
                                                                                             4931213692366542974814540
                                                                                                                    0
                                                                                           4383301059881371533168480
                                                                                          4931213692366542974814540
                                                                                         1643737897455514324938180
                                                                                        2191650529940685766584240
                                                                                       4383301059881371533168480
                                                                                      1643737897455514324938180
                                                                                                             0
                                                                                    3287475794911028649876360
                                                                                                           0
                                                                                  4931213692366542974814540
                                                                                 1095825264970342883292120
                                                                                3835388427396200091522420
                                                                               3835388427396200091522420
                                                                               547912632485171441646060
                                                                             1643737897455514324938180
                                                                            4383301059881371533168480
                                                                           3287475794911028649876360
                                                                          3287475794911028649876360
                                                                         3287475794911028649876360
                                                                        3835388427396200091522420
                                                                        547912632485171441646060
                                                                                              0
                                                                     4383301059881371533168480
                                                                    3287475794911028649876360
                                                                   4931213692366542974814540
                                                                  1643737897455514324938180
                                                                 4383301059881371533168480
                                                                4931213692366542974814540
                                                               2191650529940685766584240
                                                              4931213692366542974814540
                                                             3835388427396200091522420
                                                            1643737897455514324938180
                                                            547912632485171441646060
                                                          4931213692366542974814540
                                                         1643737897455514324938180
                                                         547912632485171441646060
                                                       1095825264970342883292120
                                                                              0
                                                     1643737897455514324938180
                                                    1095825264970342883292120
                                                   1095825264970342883292120
                                                   547912632485171441646060
                                                 2191650529940685766584240
                                                4383301059881371533168480
                                               2191650529940685766584240
                                              3287475794911028649876360
                                             1095825264970342883292120
                                            4931213692366542974814540
                                           2191650529940685766584240
                                          2739563162425857208230300
                                         4383301059881371533168480
                                        2739563162425857208230300
                                        547912632485171441646060
                                      2191650529940685766584240
                                     4383301059881371533168480
                                    4931213692366542974814540
                                   4931213692366542974814540
                                  4383301059881371533168480
                                 1095825264970342883292120
                                                        0
                               4383301059881371533168480
                              3835388427396200091522420
                             4931213692366542974814540
                            4931213692366542974814540
                           3287475794911028649876360
                          1643737897455514324938180
                         4383301059881371533168480
                        4931213692366542974814540
                       4383301059881371533168480
                       547912632485171441646060
                     4383301059881371533168480
                    2191650529940685766584240
                   3287475794911028649876360
                  3835388427396200091522420
                 3287475794911028649876360
                2739563162425857208230300
               1095825264970342883292120
              3835388427396200091522420
                                     0
            4931213692366542974814540
           1643737897455514324938180
          2191650529940685766584240
         3835388427396200091522420
         547912632485171441646060
       2739563162425857208230300
      4931213692366542974814540
     3835388427396200091522420
    4931213692366542974814540
                           0
  2191650529940685766584240
                         0
4931213692366542974814540
----------------------------------------------------------------------------------------------------------------------
4953666887644557216547532438011246632382004163170929442342075221906115813977807777210846416908163529935199489192002540

