                                                                                                     92
 *54552024505078580096865853982817262575925423371381067653941132968115708351689827034799094217404325996
 ------------------------------------------------------------------------------------------------------
                                                                                                    552
                                                                                                   828
                                                                                                  828
                                                                                                 460
                                                                                                184
                                                                                               276
                                                                                              368
                                                                                               0
                                                                                            368
                                                                                           644
                                                                                           92
                                                                                         184
                                                                                        368
                                                                                       828
                                                                                        0
                                                                                     828
                                                                                    828
                                                                                   644
                                                                                  368
                                                                                 276
                                                                                  0
                                                                               644
                                                                              184
                                                                             736
                                                                            828
                                                                           736
                                                                          552
                                                                          92
                                                                        460
                                                                       276
                                                                      736
                                                                       0
                                                                    644
                                                                   460
                                                                   92
                                                                  92
                                                                736
                                                               552
                                                              828
                                                             184
                                                            276
                                                            92
                                                           92
                                                         368
                                                        828
                                                       276
                                                      460
                                                     552
                                                    644
                                                   552
                                                    0
                                                  92
                                                736
                                               276
                                               92
                                             644
                                            276
                                           276
                                          184
                                         368
                                        460
                                       184
                                      828
                                     460
                                    644
                                   460
                                  184
                                 552
                                184
                               644
                               92
                             736
                            184
                           736
                          828
                         276
                        460
                       736
                      460
                     552
                    736
                   552
                  828
                   0
                  0
               736
              460
             736
            644
             0
          460
           0
        460
       368
      184
       0
    184
   460
  460
 368
460
-------------------------------------------------------------------------------------------------------
5018786254467229368911658566419188156985138950167058224162584233066645168355464087201516668001197991632

