                                        7365853751589709063758792319719455031416674645552827796038000955568600377832397689459062963969416377
                                                                                                   *4041883271950310383347216623000415593920
                                                                                                   -----------------------------------------
                                                                                                                                           0
                                      14731707503179418127517584639438910062833349291105655592076001911137200755664795378918125927938832754
                                     66292683764307381573829130877475095282750071809975450164342008600117403400491579205131566675724747393
                                    22097561254769127191276376959158365094250023936658483388114002866705801133497193068377188891908249131
                                   66292683764307381573829130877475095282750071809975450164342008600117403400491579205131566675724747393
                                  36829268757948545318793961598597275157083373227764138980190004777843001889161988447295314819847081885
                                 36829268757948545318793961598597275157083373227764138980190004777843001889161988447295314819847081885
                                 7365853751589709063758792319719455031416674645552827796038000955568600377832397689459062963969416377
                               29463415006358836255035169278877820125666698582211311184152003822274401511329590757836251855877665508
                                                                                                                                  0
                                                                                                                                 0
                                                                                                                                0
                           22097561254769127191276376959158365094250023936658483388114002866705801133497193068377188891908249131
                          14731707503179418127517584639438910062833349291105655592076001911137200755664795378918125927938832754
                         44195122509538254382552753918316730188500047873316966776228005733411602266994386136754377783816498262
                        44195122509538254382552753918316730188500047873316966776228005733411602266994386136754377783816498262
                        7365853751589709063758792319719455031416674645552827796038000955568600377832397689459062963969416377
                      14731707503179418127517584639438910062833349291105655592076001911137200755664795378918125927938832754
                     51560976261127963446311546238036185219916722518869794572266006688980202644826783826213440747785914639
                    29463415006358836255035169278877820125666698582211311184152003822274401511329590757836251855877665508
                   22097561254769127191276376959158365094250023936658483388114002866705801133497193068377188891908249131
                  22097561254769127191276376959158365094250023936658483388114002866705801133497193068377188891908249131
                 58926830012717672510070338557755640251333397164422622368304007644548803022659181515672503711755331016
                22097561254769127191276376959158365094250023936658483388114002866705801133497193068377188891908249131
                                                                                                                   0
               7365853751589709063758792319719455031416674645552827796038000955568600377832397689459062963969416377
             22097561254769127191276376959158365094250023936658483388114002866705801133497193068377188891908249131
                                                                                                                0
           36829268757948545318793961598597275157083373227764138980190004777843001889161988447295314819847081885
          66292683764307381573829130877475095282750071809975450164342008600117403400491579205131566675724747393
          7365853751589709063758792319719455031416674645552827796038000955568600377832397689459062963969416377
        51560976261127963446311546238036185219916722518869794572266006688980202644826783826213440747785914639
       14731707503179418127517584639438910062833349291105655592076001911137200755664795378918125927938832754
      22097561254769127191276376959158365094250023936658483388114002866705801133497193068377188891908249131
     58926830012717672510070338557755640251333397164422622368304007644548803022659181515672503711755331016
    58926830012717672510070338557755640251333397164422622368304007644548803022659181515672503711755331016
    7365853751589709063758792319719455031416674645552827796038000955568600377832397689459062963969416377
  29463415006358836255035169278877820125666698582211311184152003822274401511329590757836251855877665508
                                                                                                     0
29463415006358836255035169278877820125666698582211311184152003822274401511329590757836251855877665508
--------------------------------------------------------------------------------------------------------------------------------------------
29771921062182882022916485200618458920395479872999478860394967950116003745095967452409633052795394684127535830865935055359557739512229627840

