                                                                                                98245
    *640350990093303612374623602427081016105215646917145607077320029130751372937528343814611443446359
    -------------------------------------------------------------------------------------------------
                                                                                               884205
                                                                                              491225
                                                                                             294735
                                                                                            589470
                                                                                           392980
                                                                                          392980
                                                                                         294735
                                                                                        392980
                                                                                       392980
                                                                                       98245
                                                                                      98245
                                                                                    589470
                                                                                   392980
                                                                                   98245
                                                                                 785960
                                                                                294735
                                                                               392980
                                                                              294735
                                                                             785960
                                                                            196490
                                                                           491225
                                                                          687715
                                                                         294735
                                                                        884205
                                                                       196490
                                                                      687715
                                                                     294735
                                                                     98245
                                                                   491225
                                                                  687715
                                                                      0
                                                                294735
                                                                98245
                                                              884205
                                                             196490
                                                                 0
                                                                0
                                                          196490
                                                         294735
                                                        687715
                                                       687715
                                                           0
                                                     687715
                                                         0
                                                   589470
                                                  491225
                                                 392980
                                                 98245
                                               687715
                                               98245
                                             884205
                                            589470
                                           392980
                                          589470
                                         491225
                                         98245
                                       196490
                                      491225
                                          0
                                     98245
                                   589470
                                   98245
                                      0
                                 98245
                               785960
                                   0
                             687715
                            196490
                           392980
                          196490
                              0
                        589470
                       294735
                      196490
                     589470
                    392980
                   687715
                  294735
                 196490
                 98245
               589470
              294735
                  0
            294735
           294735
          884205
              0
             0
       884205
      884205
          0
    491225
   294735
       0
 392980
589470
-----------------------------------------------------------------------------------------------------
62911283021716613397744895820448574427256911231374970167311306261950668634247472138066501261387539955

