                        38189527802984359383083565647310138091871170505544842208873505
                                                             *618428506723774328712042
                        --------------------------------------------------------------
                        76379055605968718766167131294620276183742341011089684417747010
                      152758111211937437532334262589240552367484682022179368835494020
                                                                                   0
                     76379055605968718766167131294620276183742341011089684417747010
                    38189527802984359383083565647310138091871170505544842208873505
                  267326694620890515681584959531170966643098193538813895462114535
                 305516222423874875064668525178481104734969364044358737670988040
                 76379055605968718766167131294620276183742341011089684417747010
               114568583408953078149250696941930414275613511516634526626620515
              152758111211937437532334262589240552367484682022179368835494020
             267326694620890515681584959531170966643098193538813895462114535
            267326694620890515681584959531170966643098193538813895462114535
           114568583408953078149250696941930414275613511516634526626620515
           76379055605968718766167131294620276183742341011089684417747010
         267326694620890515681584959531170966643098193538813895462114535
        229137166817906156298501393883860828551227023033269053253241030
                                                                     0
      190947639014921796915417828236550690459355852527724211044367525
     305516222423874875064668525178481104734969364044358737670988040
     76379055605968718766167131294620276183742341011089684417747010
   152758111211937437532334262589240552367484682022179368835494020
  305516222423874875064668525178481104734969364044358737670988040
  38189527802984359383083565647310138091871170505544842208873505
229137166817906156298501393883860828551227023033269053253241030
--------------------------------------------------------------------------------------
23617492651685679564082320039313323136884947175888625525675652072836147254470348247210

