                               842086499237451356
                 *3203366295503455431821059510866
                 --------------------------------
                              5052518995424708136
                             5052518995424708136
                            6736691993899610848
                                             0
                           842086499237451356
                         4210432496187256780
                        7578778493137062204
                       4210432496187256780
                                        0
                      842086499237451356
                    1684172998474902712
                   6736691993899610848
                   842086499237451356
                 2526259497712354068
                3368345996949805424
               4210432496187256780
              4210432496187256780
             3368345996949805424
            2526259497712354068
                             0
          4210432496187256780
         4210432496187256780
        7578778493137062204
       1684172998474902712
      5052518995424708136
     5052518995424708136
    2526259497712354068
   2526259497712354068
                    0
 1684172998474902712
2526259497712354068
-------------------------------------------------
2697511509555747897616721392947278528345828434296

