                                                        571637161304804241967089787343080253060101682016113921890
                                                        *62493396936647663584655884002908247677261836692940315904
                                                       ----------------------------------------------------------
                                                       2286548645219216967868359149372321012240406728064455687560
                                                                                                               0
                                                     5144734451743238177703808086087722277540915138145025297010
                                                    2858185806524021209835448936715401265300508410080569609450
                                                    571637161304804241967089787343080253060101682016113921890
                                                  1714911483914412725901269362029240759180305046048341765670
                                                                                                          0
                                                2286548645219216967868359149372321012240406728064455687560
                                               5144734451743238177703808086087722277540915138145025297010
                                              1143274322609608483934179574686160506120203364032227843780
                                             5144734451743238177703808086087722277540915138145025297010
                                            3429822967828825451802538724058481518360610092096683531340
                                           3429822967828825451802538724058481518360610092096683531340
                                          1714911483914412725901269362029240759180305046048341765670
                                         4573097290438433935736718298744642024480813456128911375120
                                         571637161304804241967089787343080253060101682016113921890
                                       3429822967828825451802538724058481518360610092096683531340
                                      1143274322609608483934179574686160506120203364032227843780
                                     4001460129133629693769628511401561771420711774112797453230
                                    4001460129133629693769628511401561771420711774112797453230
                                   3429822967828825451802538724058481518360610092096683531340
                                  4001460129133629693769628511401561771420711774112797453230
                                 2286548645219216967868359149372321012240406728064455687560
                                1143274322609608483934179574686160506120203364032227843780
                               4573097290438433935736718298744642024480813456128911375120
                                                                                       0
                             5144734451743238177703808086087722277540915138145025297010
                            1143274322609608483934179574686160506120203364032227843780
                                                                                    0
                                                                                   0
                         2286548645219216967868359149372321012240406728064455687560
                        4573097290438433935736718298744642024480813456128911375120
                       4573097290438433935736718298744642024480813456128911375120
                      2858185806524021209835448936715401265300508410080569609450
                     2858185806524021209835448936715401265300508410080569609450
                    3429822967828825451802538724058481518360610092096683531340
                   2286548645219216967868359149372321012240406728064455687560
                  4573097290438433935736718298744642024480813456128911375120
                 2858185806524021209835448936715401265300508410080569609450
                1714911483914412725901269362029240759180305046048341765670
               3429822967828825451802538724058481518360610092096683531340
              3429822967828825451802538724058481518360610092096683531340
             4001460129133629693769628511401561771420711774112797453230
            2286548645219216967868359149372321012240406728064455687560
           3429822967828825451802538724058481518360610092096683531340
          3429822967828825451802538724058481518360610092096683531340
         1714911483914412725901269362029240759180305046048341765670
        5144734451743238177703808086087722277540915138145025297010
       3429822967828825451802538724058481518360610092096683531340
      5144734451743238177703808086087722277540915138145025297010
     1714911483914412725901269362029240759180305046048341765670
    1714911483914412725901269362029240759180305046048341765670
   5144734451743238177703808086087722277540915138145025297010
  2286548645219216967868359149372321012240406728064455687560
 1143274322609608483934179574686160506120203364032227843780
3429822967828825451802538724058481518360610092096683531340
-----------------------------------------------------------------------------------------------------------------
35723548025159619750039114830521454321148269800650895985352014080150857549598512917807445388989726692908980738560

