                                                                  9365052917341963920459793904594530036328152248541696566956415868872514320554419678334920562049
                                                                                             *937188510576027984717209356661555263125273885574955686611377432969
                                                                 -----------------------------------------------------------------------------------------------
                                                                 84285476256077675284138145141350770326953370236875269102607742819852628884989777105014285058441
                                                                56190317504051783522758763427567180217968913491250179401738495213235085923326518070009523372294
                                                               84285476256077675284138145141350770326953370236875269102607742819852628884989777105014285058441
                                                              18730105834683927840919587809189060072656304497083393133912831737745028641108839356669841124098
                                                             28095158752025891761379381713783590108984456745625089700869247606617542961663259035004761686147
                                                            37460211669367855681839175618378120145312608994166786267825663475490057282217678713339682248196
                                                           65555370421393747443218557332161710254297065739791875968694911082107600243880937748344443934343
                                                          65555370421393747443218557332161710254297065739791875968694911082107600243880937748344443934343
                                                         28095158752025891761379381713783590108984456745625089700869247606617542961663259035004761686147
                                                         9365052917341963920459793904594530036328152248541696566956415868872514320554419678334920562049
                                                        9365052917341963920459793904594530036328152248541696566956415868872514320554419678334920562049
                                                      56190317504051783522758763427567180217968913491250179401738495213235085923326518070009523372294
                                                     56190317504051783522758763427567180217968913491250179401738495213235085923326518070009523372294
                                                    74920423338735711363678351236756240290625217988333572535651326950980114564435357426679364496392
                                                   56190317504051783522758763427567180217968913491250179401738495213235085923326518070009523372294
                                                  46825264586709819602298969522972650181640761242708482834782079344362571602772098391674602810245
                                                 46825264586709819602298969522972650181640761242708482834782079344362571602772098391674602810245
                                                84285476256077675284138145141350770326953370236875269102607742819852628884989777105014285058441
                                               37460211669367855681839175618378120145312608994166786267825663475490057282217678713339682248196
                                              65555370421393747443218557332161710254297065739791875968694911082107600243880937748344443934343
                                             46825264586709819602298969522972650181640761242708482834782079344362571602772098391674602810245
                                            46825264586709819602298969522972650181640761242708482834782079344362571602772098391674602810245
                                           74920423338735711363678351236756240290625217988333572535651326950980114564435357426679364496392
                                          74920423338735711363678351236756240290625217988333572535651326950980114564435357426679364496392
                                         28095158752025891761379381713783590108984456745625089700869247606617542961663259035004761686147
                                        65555370421393747443218557332161710254297065739791875968694911082107600243880937748344443934343
                                       18730105834683927840919587809189060072656304497083393133912831737745028641108839356669841124098
                                      46825264586709819602298969522972650181640761242708482834782079344362571602772098391674602810245
                                     18730105834683927840919587809189060072656304497083393133912831737745028641108839356669841124098
                                     9365052917341963920459793904594530036328152248541696566956415868872514320554419678334920562049
                                   28095158752025891761379381713783590108984456745625089700869247606617542961663259035004761686147
                                  56190317504051783522758763427567180217968913491250179401738495213235085923326518070009523372294
                                 18730105834683927840919587809189060072656304497083393133912831737745028641108839356669841124098
                                46825264586709819602298969522972650181640761242708482834782079344362571602772098391674602810245
                               46825264586709819602298969522972650181640761242708482834782079344362571602772098391674602810245
                              46825264586709819602298969522972650181640761242708482834782079344362571602772098391674602810245
                              9365052917341963920459793904594530036328152248541696566956415868872514320554419678334920562049
                            56190317504051783522758763427567180217968913491250179401738495213235085923326518070009523372294
                           56190317504051783522758763427567180217968913491250179401738495213235085923326518070009523372294
                          56190317504051783522758763427567180217968913491250179401738495213235085923326518070009523372294
                         46825264586709819602298969522972650181640761242708482834782079344362571602772098391674602810245
                        28095158752025891761379381713783590108984456745625089700869247606617542961663259035004761686147
                       84285476256077675284138145141350770326953370236875269102607742819852628884989777105014285058441
                                                                                                                    0
                     18730105834683927840919587809189060072656304497083393133912831737745028641108839356669841124098
                    65555370421393747443218557332161710254297065739791875968694911082107600243880937748344443934343
                    9365052917341963920459793904594530036328152248541696566956415868872514320554419678334920562049
                  65555370421393747443218557332161710254297065739791875968694911082107600243880937748344443934343
                 37460211669367855681839175618378120145312608994166786267825663475490057282217678713339682248196
                74920423338735711363678351236756240290625217988333572535651326950980114564435357426679364496392
               84285476256077675284138145141350770326953370236875269102607742819852628884989777105014285058441
              65555370421393747443218557332161710254297065739791875968694911082107600243880937748344443934343
             18730105834683927840919587809189060072656304497083393133912831737745028641108839356669841124098
                                                                                                          0
           56190317504051783522758763427567180217968913491250179401738495213235085923326518070009523372294
          65555370421393747443218557332161710254297065739791875968694911082107600243880937748344443934343
         46825264586709819602298969522972650181640761242708482834782079344362571602772098391674602810245
                                                                                                      0
        9365052917341963920459793904594530036328152248541696566956415868872514320554419678334920562049
      46825264586709819602298969522972650181640761242708482834782079344362571602772098391674602810245
     74920423338735711363678351236756240290625217988333572535651326950980114564435357426679364496392
    74920423338735711363678351236756240290625217988333572535651326950980114564435357426679364496392
    9365052917341963920459793904594530036328152248541696566956415868872514320554419678334920562049
  65555370421393747443218557332161710254297065739791875968694911082107600243880937748344443934343
 28095158752025891761379381713783590108984456745625089700869247606617542961663259035004761686147
84285476256077675284138145141350770326953370236875269102607742819852628884989777105014285058441
----------------------------------------------------------------------------------------------------------------------------------------------------------------
8776819995069400885835986458005472416898183131231255070676002485310085585535076505031519542746998777453202501456358692915183627971467675681290798070052302793481

