                                                                     2027320104260005339151005177867969602712249250883809910527204001071253578403491882783735566966063
                                                                                               *3995463877369141924760226293267556193580217131224791823543879624333681
                                                                     -------------------------------------------------------------------------------------------------
                                                                     2027320104260005339151005177867969602712249250883809910527204001071253578403491882783735566966063
                                                                   16218560834080042713208041422943756821697994007070479284217632008570028627227935062269884535728504
                                                                  12163920625560032034906031067207817616273495505302859463163224006427521470420951296702413401796378
                                                                  6081960312780016017453015533603908808136747752651429731581612003213760735210475648351206700898189
                                                                 6081960312780016017453015533603908808136747752651429731581612003213760735210475648351206700898189
                                                                6081960312780016017453015533603908808136747752651429731581612003213760735210475648351206700898189
                                                               8109280417040021356604020711471878410848997003535239642108816004285014313613967531134942267864252
                                                              4054640208520010678302010355735939205424498501767619821054408002142507156806983765567471133932126
                                                            12163920625560032034906031067207817616273495505302859463163224006427521470420951296702413401796378
                                                           18245880938340048052359046600811726424410243257954289194744836009641282205631426945053620102694567
                                                          14191240729820037374057036245075787218985744756186669373690428007498775048824443179486148968762441
                                                         16218560834080042713208041422943756821697994007070479284217632008570028627227935062269884535728504
                                                         6081960312780016017453015533603908808136747752651429731581612003213760735210475648351206700898189
                                                        8109280417040021356604020711471878410848997003535239642108816004285014313613967531134942267864252
                                                      10136600521300026695755025889339848013561246254419049552636020005356267892017459413918677834830315
                                                      6081960312780016017453015533603908808136747752651429731581612003213760735210475648351206700898189
                                                     4054640208520010678302010355735939205424498501767619821054408002142507156806983765567471133932126
                                                   16218560834080042713208041422943756821697994007070479284217632008570028627227935062269884535728504
                                                   2027320104260005339151005177867969602712249250883809910527204001071253578403491882783735566966063
                                                 18245880938340048052359046600811726424410243257954289194744836009641282205631426945053620102694567
                                                14191240729820037374057036245075787218985744756186669373690428007498775048824443179486148968762441
                                                8109280417040021356604020711471878410848997003535239642108816004285014313613967531134942267864252
                                               4054640208520010678302010355735939205424498501767619821054408002142507156806983765567471133932126
                                              4054640208520010678302010355735939205424498501767619821054408002142507156806983765567471133932126
                                             2027320104260005339151005177867969602712249250883809910527204001071253578403491882783735566966063
                                            6081960312780016017453015533603908808136747752651429731581612003213760735210475648351206700898189
                                           2027320104260005339151005177867969602712249250883809910527204001071253578403491882783735566966063
                                         14191240729820037374057036245075787218985744756186669373690428007498775048824443179486148968762441
                                         2027320104260005339151005177867969602712249250883809910527204001071253578403491882783735566966063
                                        4054640208520010678302010355735939205424498501767619821054408002142507156806983765567471133932126
                                                                                                                                       0
                                     16218560834080042713208041422943756821697994007070479284217632008570028627227935062269884535728504
                                    10136600521300026695755025889339848013561246254419049552636020005356267892017459413918677834830315
                                    6081960312780016017453015533603908808136747752651429731581612003213760735210475648351206700898189
                                  18245880938340048052359046600811726424410243257954289194744836009641282205631426945053620102694567
                                  2027320104260005339151005177867969602712249250883809910527204001071253578403491882783735566966063
                                12163920625560032034906031067207817616273495505302859463163224006427521470420951296702413401796378
                               10136600521300026695755025889339848013561246254419049552636020005356267892017459413918677834830315
                              10136600521300026695755025889339848013561246254419049552636020005356267892017459413918677834830315
                             14191240729820037374057036245075787218985744756186669373690428007498775048824443179486148968762441
                            12163920625560032034906031067207817616273495505302859463163224006427521470420951296702413401796378
                            4054640208520010678302010355735939205424498501767619821054408002142507156806983765567471133932126
                           6081960312780016017453015533603908808136747752651429731581612003213760735210475648351206700898189
                         18245880938340048052359046600811726424410243257954289194744836009641282205631426945053620102694567
                         4054640208520010678302010355735939205424498501767619821054408002142507156806983765567471133932126
                       12163920625560032034906031067207817616273495505302859463163224006427521470420951296702413401796378
                       4054640208520010678302010355735939205424498501767619821054408002142507156806983765567471133932126
                      4054640208520010678302010355735939205424498501767619821054408002142507156806983765567471133932126
                                                                                                                     0
                   12163920625560032034906031067207817616273495505302859463163224006427521470420951296702413401796378
                  14191240729820037374057036245075787218985744756186669373690428007498775048824443179486148968762441
                  8109280417040021356604020711471878410848997003535239642108816004285014313613967531134942267864252
                 4054640208520010678302010355735939205424498501767619821054408002142507156806983765567471133932126
               18245880938340048052359046600811726424410243257954289194744836009641282205631426945053620102694567
               2027320104260005339151005177867969602712249250883809910527204001071253578403491882783735566966063
              8109280417040021356604020711471878410848997003535239642108816004285014313613967531134942267864252
             2027320104260005339151005177867969602712249250883809910527204001071253578403491882783735566966063
           18245880938340048052359046600811726424410243257954289194744836009641282205631426945053620102694567
          12163920625560032034906031067207817616273495505302859463163224006427521470420951296702413401796378
          6081960312780016017453015533603908808136747752651429731581612003213760735210475648351206700898189
        14191240729820037374057036245075787218985744756186669373690428007498775048824443179486148968762441
       14191240729820037374057036245075787218985744756186669373690428007498775048824443179486148968762441
      16218560834080042713208041422943756821697994007070479284217632008570028627227935062269884535728504
      6081960312780016017453015533603908808136747752651429731581612003213760735210475648351206700898189
    12163920625560032034906031067207817616273495505302859463163224006427521470420951296702413401796378
    8109280417040021356604020711471878410848997003535239642108816004285014313613967531134942267864252
  10136600521300026695755025889339848013561246254419049552636020005356267892017459413918677834830315
 18245880938340048052359046600811726424410243257954289194744836009641282205631426945053620102694567
18245880938340048052359046600811726424410243257954289194744836009641282205631426945053620102694567
6081960312780016017453015533603908808136747752651429731581612003213760735210475648351206700898189
----------------------------------------------------------------------------------------------------------------------------------------------------------------------
8100084244435093993796616051684286418270410023710663259575764663100417028645727029875486607190600307676624455793722455934314042214727331864218629318937832921114867903

