          8272699208449555823028744642712539709720575521013416281756927280
                                                               *2611332907
         -----------------------------------------------------------------
         57908894459146890761201212498987777968044028647093913972298490960
                                                                        0
       74454292876046002407258701784412857387485179689120746535812345520
      16545398416899111646057489285425079419441151042026832563513854560
     24818097625348667469086233928137619129161726563040248845270781840
    24818097625348667469086233928137619129161726563040248845270781840
    8272699208449555823028744642712539709720575521013416281756927280
   8272699208449555823028744642712539709720575521013416281756927280
 49636195250697334938172467856275238258323453126080497690541563680
16545398416899111646057489285425079419441151042026832563513854560
--------------------------------------------------------------------------
21602771672737177570208429292415212685537566633001003925041447981470002960

