                      1494649623256548801819362820009148502464790344225416343625635549490737206241764315
                                                                                 *9403139864304895533839
                     -----------------------------------------------------------------------------------
                     13451846609308939216374265380082336522183113098028747092630719945416634856175878835
                     4483948869769646405458088460027445507394371032676249030876906648472211618725292945
                   11957196986052390414554902560073188019718322753803330749005084395925897649934114520
                   4483948869769646405458088460027445507394371032676249030876906648472211618725292945
                  4483948869769646405458088460027445507394371032676249030876906648472211618725292945
                 7473248116282744009096814100045742512323951721127081718128177747453686031208821575
                7473248116282744009096814100045742512323951721127081718128177747453686031208821575
              13451846609308939216374265380082336522183113098028747092630719945416634856175878835
             11957196986052390414554902560073188019718322753803330749005084395925897649934114520
             5978598493026195207277451280036594009859161376901665374502542197962948824967057260
                                                                                             0
           4483948869769646405458088460027445507394371032676249030876906648472211618725292945
          5978598493026195207277451280036594009859161376901665374502542197962948824967057260
         8967897739539292810916176920054891014788742065352498061753813296944423237450585890
       11957196986052390414554902560073188019718322753803330749005084395925897649934114520
      13451846609308939216374265380082336522183113098028747092630719945416634856175878835
      4483948869769646405458088460027445507394371032676249030876906648472211618725292945
     1494649623256548801819362820009148502464790344225416343625635549490737206241764315
    4483948869769646405458088460027445507394371032676249030876906648472211618725292945
                                                                                    0
  5978598493026195207277451280036594009859161376901665374502542197962948824967057260
13451846609308939216374265380082336522183113098028747092630719945416634856175878835
--------------------------------------------------------------------------------------------------------
14054399455611947532234151936490951569676090145711124282047156814793669538387558077151895333719145155285

