                                 9678240602003271015324764685915
                              *972806867178495607149615074575063
                              ----------------------------------
                                29034721806009813045974294057745
                               58069443612019626091948588115490
                                                             0
                             48391203010016355076623823429575
                            67747684214022897107273352801405
                           48391203010016355076623823429575
                          38712962408013084061299058743660
                         67747684214022897107273352801405
                                                       0
                       48391203010016355076623823429575
                       9678240602003271015324764685915
                     58069443612019626091948588115490
                    87104165418029439137922882173235
                   38712962408013084061299058743660
                   9678240602003271015324764685915
                 67747684214022897107273352801405
                                               0
               58069443612019626091948588115490
              48391203010016355076623823429575
             87104165418029439137922882173235
            38712962408013084061299058743660
           77425924816026168122598117487320
          67747684214022897107273352801405
          9678240602003271015324764685915
        67747684214022897107273352801405
       58069443612019626091948588115490
      77425924816026168122598117487320
     58069443612019626091948588115490
                                   0
   77425924816026168122598117487320
  19356481204006542030649529371830
 67747684214022897107273352801405
87104165418029439137922882173235
----------------------------------------------------------------
9415058919834519432564623286907232369559239117806464637286337645

