                                                                                                4948685533586964
               *618684542816825220089642090687048817372563145768777731931090804796423679083650437101205315495874
               -------------------------------------------------------------------------------------------------
                                                                                               19794742134347856
                                                                                              34640798735108748
                                                                                             39589484268695712
                                                                                            24743427667934820
                                                                                           44538169802282676
                                                                                          19794742134347856
                                                                                         24743427667934820
                                                                                         4948685533586964
                                                                                       14846056600760892
                                                                                      24743427667934820
                                                                                                     0
                                                                                     9897371067173928
                                                                                    4948685533586964
                                                                                                  0
                                                                                  4948685533586964
                                                                                34640798735108748
                                                                               14846056600760892
                                                                              19794742134347856
                                                                                             0
                                                                            24743427667934820
                                                                           29692113201521784
                                                                          14846056600760892
                                                                         39589484268695712
                                                                                        0
                                                                       44538169802282676
                                                                      34640798735108748
                                                                     29692113201521784
                                                                    14846056600760892
                                                                    9897371067173928
                                                                  19794742134347856
                                                                 29692113201521784
                                                                44538169802282676
                                                               34640798735108748
                                                              19794742134347856
                                                                             0
                                                            39589484268695712
                                                                           0
                                                          44538169802282676
                                                                         0
                                                         4948685533586964
                                                       14846056600760892
                                                      44538169802282676
                                                      4948685533586964
                                                    14846056600760892
                                                   34640798735108748
                                                  34640798735108748
                                                 34640798735108748
                                                34640798735108748
                                               39589484268695712
                                              29692113201521784
                                             34640798735108748
                                            24743427667934820
                                           19794742134347856
                                           4948685533586964
                                         14846056600760892
                                        29692113201521784
                                       24743427667934820
                                       9897371067173928
                                     34640798735108748
                                    14846056600760892
                                   34640798735108748
                                   4948685533586964
                                 39589484268695712
                                39589484268695712
                               19794742134347856
                                              0
                             34640798735108748
                            39589484268695712
                           29692113201521784
                                          0
                         44538169802282676
                                        0
                        9897371067173928
                      19794742134347856
                     29692113201521784
                    44538169802282676
                   39589484268695712
                                  0
                                 0
                 9897371067173928
                9897371067173928
              24743427667934820
              9897371067173928
            39589484268695712
           29692113201521784
           4948685533586964
         39589484268695712
         9897371067173928
       19794742134347856
      24743427667934820
     19794742134347856
    39589484268695712
   29692113201521784
  39589484268695712
  4948685533586964
29692113201521784
----------------------------------------------------------------------------------------------------------------
3061675246891487589637087775815569193114395232635189679392966071250589653966423643281516996819804261795562186536

