                                                                            174178794370210300632444891360177595464992923064127472951098015865311801104410922660856065
                                                                                         *8674549851753857377290960726782659003098174450287916903085654929820230047592
                                                                            ------------------------------------------------------------------------------------------
                                                                            348357588740420601264889782720355190929985846128254945902196031730623602208821845321712130
                                                                          1567609149331892705692004022241598359184936307577147256559882142787806209939698303947704585
                                                                          870893971851051503162224456800887977324964615320637364755490079326559005522054613304280325
                                                                        1219251560591472104427114239521243168254950461448892310657686111057182607730876458625992455
                                                                        696715177480841202529779565440710381859971692256509891804392063461247204417643690643424260
                                                                                                                                                                0
                                                                                                                                                               0
                                                                     522536383110630901897334674080532786394978769192382418853294047595935403313232767982568195
                                                                    348357588740420601264889782720355190929985846128254945902196031730623602208821845321712130
                                                                                                                                                            0
                                                                  348357588740420601264889782720355190929985846128254945902196031730623602208821845321712130
                                                                1393430354961682405059559130881420763719943384513019783608784126922494408835287381286848520
                                                               1567609149331892705692004022241598359184936307577147256559882142787806209939698303947704585
                                                               348357588740420601264889782720355190929985846128254945902196031730623602208821845321712130
                                                             1567609149331892705692004022241598359184936307577147256559882142787806209939698303947704585
                                                             696715177480841202529779565440710381859971692256509891804392063461247204417643690643424260
                                                            870893971851051503162224456800887977324964615320637364755490079326559005522054613304280325
                                                          1045072766221261803794669348161065572789957538384764837706588095191870806626465535965136390
                                                          870893971851051503162224456800887977324964615320637364755490079326559005522054613304280325
                                                        1393430354961682405059559130881420763719943384513019783608784126922494408835287381286848520
                                                                                                                                                 0
                                                       522536383110630901897334674080532786394978769192382418853294047595935403313232767982568195
                                                                                                                                               0
                                                    1567609149331892705692004022241598359184936307577147256559882142787806209939698303947704585
                                                   1045072766221261803794669348161065572789957538384764837706588095191870806626465535965136390
                                                   174178794370210300632444891360177595464992923064127472951098015865311801104410922660856065
                                                 1567609149331892705692004022241598359184936307577147256559882142787806209939698303947704585
                                                1219251560591472104427114239521243168254950461448892310657686111057182607730876458625992455
                                               1393430354961682405059559130881420763719943384513019783608784126922494408835287381286848520
                                               348357588740420601264889782720355190929985846128254945902196031730623602208821845321712130
                                                                                                                                       0
                                             870893971851051503162224456800887977324964615320637364755490079326559005522054613304280325
                                            696715177480841202529779565440710381859971692256509891804392063461247204417643690643424260
                                           696715177480841202529779565440710381859971692256509891804392063461247204417643690643424260
                                         1219251560591472104427114239521243168254950461448892310657686111057182607730876458625992455
                                         174178794370210300632444891360177595464992923064127472951098015865311801104410922660856065
                                       1393430354961682405059559130881420763719943384513019783608784126922494408835287381286848520
                                      1567609149331892705692004022241598359184936307577147256559882142787806209939698303947704585
                                                                                                                               0
                                     522536383110630901897334674080532786394978769192382418853294047595935403313232767982568195
                                                                                                                             0
                                                                                                                            0
                                 1567609149331892705692004022241598359184936307577147256559882142787806209939698303947704585
                                 870893971851051503162224456800887977324964615320637364755490079326559005522054613304280325
                               1045072766221261803794669348161065572789957538384764837706588095191870806626465535965136390
                               348357588740420601264889782720355190929985846128254945902196031730623602208821845321712130
                             1393430354961682405059559130881420763719943384513019783608784126922494408835287381286848520
                            1219251560591472104427114239521243168254950461448892310657686111057182607730876458625992455
                           1045072766221261803794669348161065572789957538384764837706588095191870806626465535965136390
                           348357588740420601264889782720355190929985846128254945902196031730623602208821845321712130
                         1219251560591472104427114239521243168254950461448892310657686111057182607730876458625992455
                                                                                                                  0
                       1045072766221261803794669348161065572789957538384764837706588095191870806626465535965136390
                      1567609149331892705692004022241598359184936307577147256559882142787806209939698303947704585
                                                                                                               0
                    1567609149331892705692004022241598359184936307577147256559882142787806209939698303947704585
                    348357588740420601264889782720355190929985846128254945902196031730623602208821845321712130
                  1219251560591472104427114239521243168254950461448892310657686111057182607730876458625992455
                 1219251560591472104427114239521243168254950461448892310657686111057182607730876458625992455
                 522536383110630901897334674080532786394978769192382418853294047595935403313232767982568195
               1219251560591472104427114239521243168254950461448892310657686111057182607730876458625992455
               870893971851051503162224456800887977324964615320637364755490079326559005522054613304280325
             1393430354961682405059559130881420763719943384513019783608784126922494408835287381286848520
             522536383110630901897334674080532786394978769192382418853294047595935403313232767982568195
            870893971851051503162224456800887977324964615320637364755490079326559005522054613304280325
          1219251560591472104427114239521243168254950461448892310657686111057182607730876458625992455
          174178794370210300632444891360177595464992923064127472951098015865311801104410922660856065
         870893971851051503162224456800887977324964615320637364755490079326559005522054613304280325
       1393430354961682405059559130881420763719943384513019783608784126922494408835287381286848520
      1567609149331892705692004022241598359184936307577147256559882142787806209939698303947704585
      696715177480841202529779565440710381859971692256509891804392063461247204417643690643424260
     870893971851051503162224456800887977324964615320637364755490079326559005522054613304280325
    696715177480841202529779565440710381859971692256509891804392063461247204417643690643424260
  1219251560591472104427114239521243168254950461448892310657686111057182607730876458625992455
 1045072766221261803794669348161065572789957538384764837706588095191870806626465535965136390
1393430354961682405059559130881420763719943384513019783608784126922494408835287381286848520
----------------------------------------------------------------------------------------------------------------------------------------------------------------------
1510922634882773371293468330887379798379551219780963594734657309601898982089987762629013167202614455697034830212687471396577222330747356412697021582032986470411845480

