                       656425297218201910096532149979834577106827747949049602917814897245955648423217122082384075555380886
                                                                                                  *44128360542762696446202
                      ----------------------------------------------------------------------------------------------------
                      1312850594436403820193064299959669154213655495898099205835629794491911296846434244164768151110761772
                                                                                                                        0
                    1312850594436403820193064299959669154213655495898099205835629794491911296846434244164768151110761772
                   3938551783309211460579192899879007462640966487694297617506889383475733890539302732494304453332285316
                  2625701188872807640386128599919338308427310991796198411671259588983822593692868488329536302221523544
                 2625701188872807640386128599919338308427310991796198411671259588983822593692868488329536302221523544
                3938551783309211460579192899879007462640966487694297617506889383475733890539302732494304453332285316
               5907827674963817190868789349818511193961449731541446426260334075213600835808954098741456679998427974
              3938551783309211460579192899879007462640966487694297617506889383475733890539302732494304453332285316
             1312850594436403820193064299959669154213655495898099205835629794491911296846434244164768151110761772
            3938551783309211460579192899879007462640966487694297617506889383475733890539302732494304453332285316
           4594977080527413370675725049858842039747794235643347220424704280721689538962519854576688528887666202
          1312850594436403820193064299959669154213655495898099205835629794491911296846434244164768151110761772
         2625701188872807640386128599919338308427310991796198411671259588983822593692868488329536302221523544
        3282126486091009550482660749899172885534138739745248014589074486229778242116085610411920377776904430
                                                                                                          0
      3938551783309211460579192899879007462640966487694297617506889383475733890539302732494304453332285316
     1969275891654605730289596449939503731320483243847148808753444691737866945269651366247152226666142658
    5251402377745615280772257199838676616854621983592396823342519177967645187385736976659072604443047088
   1312850594436403820193064299959669154213655495898099205835629794491911296846434244164768151110761772
   656425297218201910096532149979834577106827747949049602917814897245955648423217122082384075555380886
 2625701188872807640386128599919338308427310991796198411671259588983822593692868488329536302221523544
2625701188872807640386128599919338308427310991796198411671259588983822593692868488329536302221523544
--------------------------------------------------------------------------------------------------------------------------
28966972185034976775078254931583671621642052409308778994069774106797050376965863136968770556907288937837126273190718094972

