                                                 26003455423223949816971699874
                           *15676610165307647036295011900651219880997537291005
                           ---------------------------------------------------
                                                130017277116119749084858499370
                                                                            0
                                                                           0
                                              26003455423223949816971699874
                                            234031098809015548352745298866
                                            52006910846447899633943399748
                                          182024187962567648718801899118
                                          78010366269671849450915099622
                                        130017277116119749084858499370
                                       182024187962567648718801899118
                                      234031098809015548352745298866
                                     234031098809015548352745298866
                                                                 0
                                   208027643385791598535773598992
                                  208027643385791598535773598992
                                 234031098809015548352745298866
                                 26003455423223949816971699874
                                52006910846447899633943399748
                               26003455423223949816971699874
                             130017277116119749084858499370
                            156020732539343698901830199244
                                                        0
                                                       0
                         234031098809015548352745298866
                         26003455423223949816971699874
                        26003455423223949816971699874
                                                   0
                     130017277116119749084858499370
                    234031098809015548352745298866
                    52006910846447899633943399748
                  156020732539343698901830199244
                  78010366269671849450915099622
                                             0
               182024187962567648718801899118
              104013821692895799267886799496
             156020732539343698901830199244
            182024187962567648718801899118
                                        0
           78010366269671849450915099622
         130017277116119749084858499370
        156020732539343698901830199244
        26003455423223949816971699874
                                   0
      26003455423223949816971699874
    156020732539343698901830199244
   156020732539343698901830199244
  182024187962567648718801899118
 156020732539343698901830199244
130017277116119749084858499370
26003455423223949816971699874
------------------------------------------------------------------------------
407646033620836834766572742295386273879363813182644927619200310185059859833370

