                                                                                                     70206129792566296110689955292789710433402669389990069064583862844887128394323223330236794071355744556
                                                                                                    *49582815158451818769582139575048907289804759831718666870828332232961842327301472349037020854187483578
                                                                                                    ------------------------------------------------------------------------------------------------------
                                                                                                    561649038340530368885519642342317683467221355119920552516670902759097027154585786641894352570845956448
                                                                                                   491442908547964072774829687049527973033818685729930483452087039914209898760262563311657558499490211892
                                                                                                  351030648962831480553449776463948552167013346949950345322919314224435641971616116651183970356778722780
                                                                                                 210618389377698888332069865878369131300208008169970207193751588534661385182969669990710382214067233668
                                                                                                561649038340530368885519642342317683467221355119920552516670902759097027154585786641894352570845956448
                                                                                               280824519170265184442759821171158841733610677559960276258335451379548513577292893320947176285422978224
                                                                                              491442908547964072774829687049527973033818685729930483452087039914209898760262563311657558499490211892
                                                                                             561649038340530368885519642342317683467221355119920552516670902759097027154585786641894352570845956448
                                                                                             70206129792566296110689955292789710433402669389990069064583862844887128394323223330236794071355744556
                                                                                           280824519170265184442759821171158841733610677559960276258335451379548513577292893320947176285422978224
                                                                                          351030648962831480553449776463948552167013346949950345322919314224435641971616116651183970356778722780
                                                                                         561649038340530368885519642342317683467221355119920552516670902759097027154585786641894352570845956448
                                                                                                                                                                                             0
                                                                                       140412259585132592221379910585579420866805338779980138129167725689774256788646446660473588142711489112
                                                                                                                                                                                           0
                                                                                     491442908547964072774829687049527973033818685729930483452087039914209898760262563311657558499490211892
                                                                                    210618389377698888332069865878369131300208008169970207193751588534661385182969669990710382214067233668
                                                                                                                                                                                        0
                                                                                  631855168133096664996209597635107393900624024509910621581254765603984155548909009972131146642201701004
                                                                                 280824519170265184442759821171158841733610677559960276258335451379548513577292893320947176285422978224
                                                                                210618389377698888332069865878369131300208008169970207193751588534661385182969669990710382214067233668
                                                                               140412259585132592221379910585579420866805338779980138129167725689774256788646446660473588142711489112
                                                                              491442908547964072774829687049527973033818685729930483452087039914209898760262563311657558499490211892
                                                                             280824519170265184442759821171158841733610677559960276258335451379548513577292893320947176285422978224
                                                                             70206129792566296110689955292789710433402669389990069064583862844887128394323223330236794071355744556
                                                                                                                                                                                0
                                                                          210618389377698888332069865878369131300208008169970207193751588534661385182969669990710382214067233668
                                                                         491442908547964072774829687049527973033818685729930483452087039914209898760262563311657558499490211892
                                                                        140412259585132592221379910585579420866805338779980138129167725689774256788646446660473588142711489112
                                                                       210618389377698888332069865878369131300208008169970207193751588534661385182969669990710382214067233668
                                                                      140412259585132592221379910585579420866805338779980138129167725689774256788646446660473588142711489112
                                                                     280824519170265184442759821171158841733610677559960276258335451379548513577292893320947176285422978224
                                                                    561649038340530368885519642342317683467221355119920552516670902759097027154585786641894352570845956448
                                                                    70206129792566296110689955292789710433402669389990069064583862844887128394323223330236794071355744556
                                                                  421236778755397776664139731756738262600416016339940414387503177069322770365939339981420764428134467336
                                                                 631855168133096664996209597635107393900624024509910621581254765603984155548909009972131146642201701004
                                                                140412259585132592221379910585579420866805338779980138129167725689774256788646446660473588142711489112
                                                               210618389377698888332069865878369131300208008169970207193751588534661385182969669990710382214067233668
                                                              140412259585132592221379910585579420866805338779980138129167725689774256788646446660473588142711489112
                                                             140412259585132592221379910585579420866805338779980138129167725689774256788646446660473588142711489112
                                                            210618389377698888332069865878369131300208008169970207193751588534661385182969669990710382214067233668
                                                           210618389377698888332069865878369131300208008169970207193751588534661385182969669990710382214067233668
                                                          561649038340530368885519642342317683467221355119920552516670902759097027154585786641894352570845956448
                                                         140412259585132592221379910585579420866805338779980138129167725689774256788646446660473588142711489112
                                                        561649038340530368885519642342317683467221355119920552516670902759097027154585786641894352570845956448
                                                                                                                                                            0
                                                      491442908547964072774829687049527973033818685729930483452087039914209898760262563311657558499490211892
                                                     561649038340530368885519642342317683467221355119920552516670902759097027154585786641894352570845956448
                                                    421236778755397776664139731756738262600416016339940414387503177069322770365939339981420764428134467336
                                                   421236778755397776664139731756738262600416016339940414387503177069322770365939339981420764428134467336
                                                  421236778755397776664139731756738262600416016339940414387503177069322770365939339981420764428134467336
                                                 561649038340530368885519642342317683467221355119920552516670902759097027154585786641894352570845956448
                                                 70206129792566296110689955292789710433402669389990069064583862844887128394323223330236794071355744556
                                               491442908547964072774829687049527973033818685729930483452087039914209898760262563311657558499490211892
                                               70206129792566296110689955292789710433402669389990069064583862844887128394323223330236794071355744556
                                             210618389377698888332069865878369131300208008169970207193751588534661385182969669990710382214067233668
                                            561649038340530368885519642342317683467221355119920552516670902759097027154585786641894352570845956448
                                           631855168133096664996209597635107393900624024509910621581254765603984155548909009972131146642201701004
                                          351030648962831480553449776463948552167013346949950345322919314224435641971616116651183970356778722780
                                         491442908547964072774829687049527973033818685729930483452087039914209898760262563311657558499490211892
                                        280824519170265184442759821171158841733610677559960276258335451379548513577292893320947176285422978224
                                                                                                                                            0
                                      561649038340530368885519642342317683467221355119920552516670902759097027154585786641894352570845956448
                                     631855168133096664996209597635107393900624024509910621581254765603984155548909009972131146642201701004
                                    561649038340530368885519642342317683467221355119920552516670902759097027154585786641894352570845956448
                                   140412259585132592221379910585579420866805338779980138129167725689774256788646446660473588142711489112
                                  491442908547964072774829687049527973033818685729930483452087039914209898760262563311657558499490211892
                                                                                                                                      0
                                631855168133096664996209597635107393900624024509910621581254765603984155548909009972131146642201701004
                               561649038340530368885519642342317683467221355119920552516670902759097027154585786641894352570845956448
                              280824519170265184442759821171158841733610677559960276258335451379548513577292893320947176285422978224
                                                                                                                                  0
                            351030648962831480553449776463948552167013346949950345322919314224435641971616116651183970356778722780
                           491442908547964072774829687049527973033818685729930483452087039914209898760262563311657558499490211892
                          351030648962831480553449776463948552167013346949950345322919314224435641971616116651183970356778722780
                         631855168133096664996209597635107393900624024509910621581254765603984155548909009972131146642201701004
                        210618389377698888332069865878369131300208008169970207193751588534661385182969669990710382214067233668
                        70206129792566296110689955292789710433402669389990069064583862844887128394323223330236794071355744556
                      140412259585132592221379910585579420866805338779980138129167725689774256788646446660473588142711489112
                     561649038340530368885519642342317683467221355119920552516670902759097027154585786641894352570845956448
                    351030648962831480553449776463948552167013346949950345322919314224435641971616116651183970356778722780
                   631855168133096664996209597635107393900624024509910621581254765603984155548909009972131146642201701004
                  421236778755397776664139731756738262600416016339940414387503177069322770365939339981420764428134467336
                 491442908547964072774829687049527973033818685729930483452087039914209898760262563311657558499490211892
                561649038340530368885519642342317683467221355119920552516670902759097027154585786641894352570845956448
                70206129792566296110689955292789710433402669389990069064583862844887128394323223330236794071355744556
              561649038340530368885519642342317683467221355119920552516670902759097027154585786641894352570845956448
              70206129792566296110689955292789710433402669389990069064583862844887128394323223330236794071355744556
            351030648962831480553449776463948552167013346949950345322919314224435641971616116651183970356778722780
           280824519170265184442759821171158841733610677559960276258335451379548513577292893320947176285422978224
          561649038340530368885519642342317683467221355119920552516670902759097027154585786641894352570845956448
         351030648962831480553449776463948552167013346949950345322919314224435641971616116651183970356778722780
         70206129792566296110689955292789710433402669389990069064583862844887128394323223330236794071355744556
       351030648962831480553449776463948552167013346949950345322919314224435641971616116651183970356778722780
       70206129792566296110689955292789710433402669389990069064583862844887128394323223330236794071355744556
     561649038340530368885519642342317683467221355119920552516670902759097027154585786641894352570845956448
    140412259585132592221379910585579420866805338779980138129167725689774256788646446660473588142711489112
   561649038340530368885519642342317683467221355119920552516670902759097027154585786641894352570845956448
  351030648962831480553449776463948552167013346949950345322919314224435641971616116651183970356778722780
 631855168133096664996209597635107393900624024509910621581254765603984155548909009972131146642201701004
280824519170265184442759821171158841733610677559960276258335451379548513577292893320947176285422978224
----------------------------------------------------------------------------------------------------------------------------------------------------------------------------------------------------------
3481017556495091989697035656952570379237838733515491889804316746568465933555173768552718511032410984247389890389959408923710215430931864525192895599059285461310223732712714675130878385015933124212901368

