                                           49934236476321075153029308552446440864501144352977289210165410164141592717152340168099106748754278
                                                                                                 *5287904157597665755861619463642161861376026
                                          ---------------------------------------------------------------------------------------------------
                                          299605418857926450918175851314678645187006866117863735260992460984849556302914041008594640492525668
                                          99868472952642150306058617104892881729002288705954578420330820328283185434304680336198213497508556
                                                                                                                                          0
                                       299605418857926450918175851314678645187006866117863735260992460984849556302914041008594640492525668
                                      349539655334247526071205159867125086051508010470841024471157871148991149020066381176693747241279946
                                     149802709428963225459087925657339322593503433058931867630496230492424778151457020504297320246262834
                                     49934236476321075153029308552446440864501144352977289210165410164141592717152340168099106748754278
                                   299605418857926450918175851314678645187006866117863735260992460984849556302914041008594640492525668
                                  399473891810568601224234468419571526916009154823818313681323281313132741737218721344792853990034224
                                  49934236476321075153029308552446440864501144352977289210165410164141592717152340168099106748754278
                                299605418857926450918175851314678645187006866117863735260992460984849556302914041008594640492525668
                                49934236476321075153029308552446440864501144352977289210165410164141592717152340168099106748754278
                               99868472952642150306058617104892881729002288705954578420330820328283185434304680336198213497508556
                             199736945905284300612117234209785763458004577411909156840661640656566370868609360672396426995017112
                            299605418857926450918175851314678645187006866117863735260992460984849556302914041008594640492525668
                           149802709428963225459087925657339322593503433058931867630496230492424778151457020504297320246262834
                          299605418857926450918175851314678645187006866117863735260992460984849556302914041008594640492525668
                         199736945905284300612117234209785763458004577411909156840661640656566370868609360672396426995017112
                        449408128286889676377263776972017967780510299176795602891488691477274334454371061512891960738788502
                        49934236476321075153029308552446440864501144352977289210165410164141592717152340168099106748754278
                      299605418857926450918175851314678645187006866117863735260992460984849556302914041008594640492525668
                      49934236476321075153029308552446440864501144352977289210165410164141592717152340168099106748754278
                    299605418857926450918175851314678645187006866117863735260992460984849556302914041008594640492525668
                   399473891810568601224234468419571526916009154823818313681323281313132741737218721344792853990034224
                  249671182381605375765146542762232204322505721764886446050827050820707963585761700840495533743771390
                 249671182381605375765146542762232204322505721764886446050827050820707963585761700840495533743771390
                349539655334247526071205159867125086051508010470841024471157871148991149020066381176693747241279946
               249671182381605375765146542762232204322505721764886446050827050820707963585761700840495533743771390
              299605418857926450918175851314678645187006866117863735260992460984849556302914041008594640492525668
             299605418857926450918175851314678645187006866117863735260992460984849556302914041008594640492525668
            349539655334247526071205159867125086051508010470841024471157871148991149020066381176693747241279946
           449408128286889676377263776972017967780510299176795602891488691477274334454371061512891960738788502
          249671182381605375765146542762232204322505721764886446050827050820707963585761700840495533743771390
         349539655334247526071205159867125086051508010470841024471157871148991149020066381176693747241279946
        249671182381605375765146542762232204322505721764886446050827050820707963585761700840495533743771390
        49934236476321075153029308552446440864501144352977289210165410164141592717152340168099106748754278
      199736945905284300612117234209785763458004577411909156840661640656566370868609360672396426995017112
                                                                                                       0
    449408128286889676377263776972017967780510299176795602891488691477274334454371061512891960738788502
   349539655334247526071205159867125086051508010470841024471157871148991149020066381176693747241279946
  399473891810568601224234468419571526916009154823818313681323281313132741737218721344792853990034224
  99868472952642150306058617104892881729002288705954578420330820328283185434304680336198213497508556
249671182381605375765146542762232204322505721764886446050827050820707963585761700840495533743771390
---------------------------------------------------------------------------------------------------------------------------------------------
264047456669603228555406376891172828631336885048966090966119030224635747453578002798578799235600930151516448883902728015580055306498434139228

