                                                                     6977623753409564599871429178705403
                                 *275541891758207194337244025666983537726891712431974699101768367720493
                                 ----------------------------------------------------------------------
                                                                    20932871260228693799614287536116209
                                                                   62798613780686081398842862608348627
                                                                  27910495013638258399485716714821612
                                                                                                   0
                                                                13955247506819129199742858357410806
                                                               48843366273866952199100004250937821
                                                              48843366273866952199100004250937821
                                                             41865742520457387599228575072232418
                                                            20932871260228693799614287536116209
                                                           55820990027276516798971433429643224
                                                          41865742520457387599228575072232418
                                                         48843366273866952199100004250937821
                                                         6977623753409564599871429178705403
                                                                                         0
                                                       6977623753409564599871429178705403
                                                     62798613780686081398842862608348627
                                                    62798613780686081398842862608348627
                                                   41865742520457387599228575072232418
                                                  27910495013638258399485716714821612
                                                 48843366273866952199100004250937821
                                                62798613780686081398842862608348627
                                                6977623753409564599871429178705403
                                              20932871260228693799614287536116209
                                             27910495013638258399485716714821612
                                            13955247506819129199742858357410806
                                            6977623753409564599871429178705403
                                          48843366273866952199100004250937821
                                          6977623753409564599871429178705403
                                        62798613780686081398842862608348627
                                       55820990027276516798971433429643224
                                      41865742520457387599228575072232418
                                     13955247506819129199742858357410806
                                    48843366273866952199100004250937821
                                   48843366273866952199100004250937821
                                  20932871260228693799614287536116209
                                 34888118767047822999357145893527015
                                20932871260228693799614287536116209
                               55820990027276516798971433429643224
                              62798613780686081398842862608348627
                             41865742520457387599228575072232418
                            41865742520457387599228575072232418
                           41865742520457387599228575072232418
                          34888118767047822999357145893527015
                         13955247506819129199742858357410806
                                                          0
                       27910495013638258399485716714821612
                      27910495013638258399485716714821612
                     13955247506819129199742858357410806
                    48843366273866952199100004250937821
                   20932871260228693799614287536116209
                  20932871260228693799614287536116209
                 27910495013638258399485716714821612
                62798613780686081398842862608348627
                6977623753409564599871429178705403
              48843366273866952199100004250937821
                                               0
            13955247506819129199742858357410806
           55820990027276516798971433429643224
          34888118767047822999357145893527015
         48843366273866952199100004250937821
         6977623753409564599871429178705403
       62798613780686081398842862608348627
      55820990027276516798971433429643224
      6977623753409564599871429178705403
    27910495013638258399485716714821612
   34888118767047822999357145893527015
  34888118767047822999357145893527015
 48843366273866952199100004250937821
13955247506819129199742858357410806
-------------------------------------------------------------------------------------------------------
1922627648991473656548807784992721968027480505272373146324596181249082530966260855326862660639892923679

