             725749542489260817643024646953726290255493429510274587941646919649764214557
                                                                          *5085359937989
            ----------------------------------------------------------------------------
            6531745882403347358787221822583536612299440865592471291474822276847877931013
           5805996339914086541144197175629810322043947436082196703533175357198113716456
          6531745882403347358787221822583536612299440865592471291474822276847877931013
         5080246797424825723501172528676084031788454006571922115591528437548349501899
        2177248627467782452929073940861178870766480288530823763824940758949292643671
       6531745882403347358787221822583536612299440865592471291474822276847877931013
      6531745882403347358787221822583536612299440865592471291474822276847877931013
     3628747712446304088215123234768631451277467147551372939708234598248821072785
    2177248627467782452929073940861178870766480288530823763824940758949292643671
   3628747712446304088215123234768631451277467147551372939708234598248821072785
  5805996339914086541144197175629810322043947436082196703533175357198113716456
                                                                            0
3628747712446304088215123234768631451277467147551372939708234598248821072785
----------------------------------------------------------------------------------------
3690697648388732512307579255771000145166155081660966921173296106460657811738056811105873

