                                                                             410478131023654968830489982861603751564667022429313352351537607072129695498741682018243306176873
                                                                                               *28604568555072803985429480159991752219165762053341993842968957033254261748943
                                                                            -------------------------------------------------------------------------------------------------
                                                                            1231434393070964906491469948584811254694001067287940057054612821216389086496225046054729918530619
                                                                           1641912524094619875321959931446415006258668089717253409406150428288518781994966728072973224707492
                                                                          3694303179212894719474409845754433764082003201863820171163838463649167259488675138164189755591857
                                                                         3283825048189239750643919862892830012517336179434506818812300856577037563989933456145946449414984
                                                                        1641912524094619875321959931446415006258668089717253409406150428288518781994966728072973224707492
                                                                       2873346917165584781813429880031226260952669157005193466460763249504907868491191774127703143238111
                                                                       410478131023654968830489982861603751564667022429313352351537607072129695498741682018243306176873
                                                                     2462868786141929812982939897169622509388002134575880114109225642432778172992450092109459837061238
                                                                     820956262047309937660979965723207503129334044858626704703075214144259390997483364036486612353746
                                                                   1641912524094619875321959931446415006258668089717253409406150428288518781994966728072973224707492
                                                                  2052390655118274844152449914308018757823335112146566761757688035360648477493708410091216530884365
                                                                  820956262047309937660979965723207503129334044858626704703075214144259390997483364036486612353746
                                                                1231434393070964906491469948584811254694001067287940057054612821216389086496225046054729918530619
                                                               1231434393070964906491469948584811254694001067287940057054612821216389086496225046054729918530619
                                                                                                                                                              0
                                                             2873346917165584781813429880031226260952669157005193466460763249504907868491191774127703143238111
                                                            2052390655118274844152449914308018757823335112146566761757688035360648477493708410091216530884365
                                                           3694303179212894719474409845754433764082003201863820171163838463649167259488675138164189755591857
                                                          3283825048189239750643919862892830012517336179434506818812300856577037563989933456145946449414984
                                                         2462868786141929812982939897169622509388002134575880114109225642432778172992450092109459837061238
                                                        3694303179212894719474409845754433764082003201863820171163838463649167259488675138164189755591857
                                                        820956262047309937660979965723207503129334044858626704703075214144259390997483364036486612353746
                                                      1641912524094619875321959931446415006258668089717253409406150428288518781994966728072973224707492
                                                     3283825048189239750643919862892830012517336179434506818812300856577037563989933456145946449414984
                                                    1231434393070964906491469948584811254694001067287940057054612821216389086496225046054729918530619
                                                   3694303179212894719474409845754433764082003201863820171163838463649167259488675138164189755591857
                                                  3694303179212894719474409845754433764082003201863820171163838463649167259488675138164189755591857
                                                  410478131023654968830489982861603751564667022429313352351537607072129695498741682018243306176873
                                                1641912524094619875321959931446415006258668089717253409406150428288518781994966728072973224707492
                                               1231434393070964906491469948584811254694001067287940057054612821216389086496225046054729918530619
                                              1231434393070964906491469948584811254694001067287940057054612821216389086496225046054729918530619
                                             2052390655118274844152449914308018757823335112146566761757688035360648477493708410091216530884365
                                                                                                                                            0
                                            820956262047309937660979965723207503129334044858626704703075214144259390997483364036486612353746
                                          2462868786141929812982939897169622509388002134575880114109225642432778172992450092109459837061238
                                         2873346917165584781813429880031226260952669157005193466460763249504907868491191774127703143238111
                                        2052390655118274844152449914308018757823335112146566761757688035360648477493708410091216530884365
                                       2462868786141929812982939897169622509388002134575880114109225642432778172992450092109459837061238
                                       410478131023654968830489982861603751564667022429313352351537607072129695498741682018243306176873
                                     3694303179212894719474409845754433764082003201863820171163838463649167259488675138164189755591857
                                     410478131023654968830489982861603751564667022429313352351537607072129695498741682018243306176873
                                    820956262047309937660979965723207503129334044858626704703075214144259390997483364036486612353746
                                   820956262047309937660979965723207503129334044858626704703075214144259390997483364036486612353746
                                 2052390655118274844152449914308018757823335112146566761757688035360648477493708410091216530884365
                                2873346917165584781813429880031226260952669157005193466460763249504907868491191774127703143238111
                                410478131023654968830489982861603751564667022429313352351537607072129695498741682018243306176873
                              3694303179212894719474409845754433764082003201863820171163838463649167259488675138164189755591857
                             3694303179212894719474409845754433764082003201863820171163838463649167259488675138164189755591857
                            3694303179212894719474409845754433764082003201863820171163838463649167259488675138164189755591857
                           2052390655118274844152449914308018757823335112146566761757688035360648477493708410091216530884365
                           410478131023654968830489982861603751564667022429313352351537607072129695498741682018243306176873
                                                                                                                         0
                        3283825048189239750643919862892830012517336179434506818812300856577037563989933456145946449414984
                       1641912524094619875321959931446415006258668089717253409406150428288518781994966728072973224707492
                      3694303179212894719474409845754433764082003201863820171163838463649167259488675138164189755591857
                      820956262047309937660979965723207503129334044858626704703075214144259390997483364036486612353746
                    1641912524094619875321959931446415006258668089717253409406150428288518781994966728072973224707492
                   2052390655118274844152449914308018757823335112146566761757688035360648477493708410091216530884365
                  3283825048189239750643919862892830012517336179434506818812300856577037563989933456145946449414984
                 3694303179212894719474409845754433764082003201863820171163838463649167259488675138164189755591857
                1231434393070964906491469948584811254694001067287940057054612821216389086496225046054729918530619
                                                                                                               0
              3283825048189239750643919862892830012517336179434506818812300856577037563989933456145946449414984
              820956262047309937660979965723207503129334044858626704703075214144259390997483364036486612353746
            2873346917165584781813429880031226260952669157005193466460763249504907868491191774127703143238111
                                                                                                           0
          2052390655118274844152449914308018757823335112146566761757688035360648477493708410091216530884365
         2052390655118274844152449914308018757823335112146566761757688035360648477493708410091216530884365
        2052390655118274844152449914308018757823335112146566761757688035360648477493708410091216530884365
       3283825048189239750643919862892830012517336179434506818812300856577037563989933456145946449414984
      2462868786141929812982939897169622509388002134575880114109225642432778172992450092109459837061238
     2052390655118274844152449914308018757823335112146566761757688035360648477493708410091216530884365
    1641912524094619875321959931446415006258668089717253409406150428288518781994966728072973224707492
                                                                                                   0
  2462868786141929812982939897169622509388002134575880114109225642432778172992450092109459837061238
 3283825048189239750643919862892830012517336179434506818812300856577037563989933456145946449414984
 820956262047309937660979965723207503129334044858626704703075214144259390997483364036486612353746
-----------------------------------------------------------------------------------------------------------------------------------------------------------------------------
11741549839224295326448305313386584815267795951997662335605111372388507697360244929204107415311112149605880266392182455655554132586585409341542709367051552358843363878795239

