                    81490341110143004458077447958447696621832957367813611455
                                                       *24109676542851280753
                   ---------------------------------------------------------
                   244471023330429013374232343875343089865498872103440834365
                  407451705550715022290387239792238483109164786839068057275
                 570432387771001031206542135709133876352830701574695280185
                                                                        0
               651922728881144035664619583667581572974663658942508891640
              162980682220286008916154895916895393243665914735627222910
              81490341110143004458077447958447696621832957367813611455
            407451705550715022290387239792238483109164786839068057275
           651922728881144035664619583667581572974663658942508891640
          162980682220286008916154895916895393243665914735627222910
         325961364440572017832309791833790786487331829471254445820
        407451705550715022290387239792238483109164786839068057275
       488942046660858026748464687750686179730997744206881668730
      570432387771001031206542135709133876352830701574695280185
     488942046660858026748464687750686179730997744206881668730
    733413069991287040122697031626029269596496616310322503095
                                                           0
   81490341110143004458077447958447696621832957367813611455
 325961364440572017832309791833790786487331829471254445820
162980682220286008916154895916895393243665914735627222910
----------------------------------------------------------------------------
1964705765532164191790780662235766748807724365184611410113205257733061825615

