                                                                                                   6490245598751218201921893272219869883443
                                       *328349270462542970192188077312734578506652817104224432340081255612563128419130652106430448573044301
                                       ----------------------------------------------------------------------------------------------------
                                                                                                   6490245598751218201921893272219869883443
                                                                                                                                         0
                                                                                                19470736796253654605765679816659609650329
                                                                                               25960982395004872807687573088879479533772
                                                                                              25960982395004872807687573088879479533772
                                                                                                                                     0
                                                                                            19470736796253654605765679816659609650329
                                                                                           45431719191258527413453252905539089184101
                                                                                          32451227993756091009609466361099349417215
                                                                                         51921964790009745615375146177758959067544
                                                                                        25960982395004872807687573088879479533772
                                                                                       25960982395004872807687573088879479533772
                                                                                                                              0
                                                                                     19470736796253654605765679816659609650329
                                                                                    25960982395004872807687573088879479533772
                                                                                   38941473592507309211531359633319219300658
                                                                                                                          0
                                                                                  6490245598751218201921893272219869883443
                                                                                12980491197502436403843786544439739766886
                                                                               32451227993756091009609466361099349417215
                                                                              38941473592507309211531359633319219300658
                                                                                                                     0
                                                                            19470736796253654605765679816659609650329
                                                                            6490245598751218201921893272219869883443
                                                                          58412210388760963817297039449978828950987
                                                                          6490245598751218201921893272219869883443
                                                                        25960982395004872807687573088879479533772
                                                                       51921964790009745615375146177758959067544
                                                                      12980491197502436403843786544439739766886
                                                                      6490245598751218201921893272219869883443
                                                                    19470736796253654605765679816659609650329
                                                                   38941473592507309211531359633319219300658
                                                                  32451227993756091009609466361099349417215
                                                                 12980491197502436403843786544439739766886
                                                                 6490245598751218201921893272219869883443
                                                               38941473592507309211531359633319219300658
                                                              32451227993756091009609466361099349417215
                                                             32451227993756091009609466361099349417215
                                                            12980491197502436403843786544439739766886
                                                            6490245598751218201921893272219869883443
                                                          51921964790009745615375146177758959067544
                                                                                                 0
                                                                                                0
                                                       25960982395004872807687573088879479533772
                                                      19470736796253654605765679816659609650329
                                                     12980491197502436403843786544439739766886
                                                    19470736796253654605765679816659609650329
                                                   25960982395004872807687573088879479533772
                                                  25960982395004872807687573088879479533772
                                                 12980491197502436403843786544439739766886
                                                12980491197502436403843786544439739766886
                                               25960982395004872807687573088879479533772
                                                                                      0
                                              6490245598751218201921893272219869883443
                                            45431719191258527413453252905539089184101
                                            6490245598751218201921893272219869883443
                                          51921964790009745615375146177758959067544
                                         12980491197502436403843786544439739766886
                                        32451227993756091009609466361099349417215
                                       38941473592507309211531359633319219300658
                                      38941473592507309211531359633319219300658
                                                                             0
                                    32451227993756091009609466361099349417215
                                   51921964790009745615375146177758959067544
                                  45431719191258527413453252905539089184101
                                 32451227993756091009609466361099349417215
                                25960982395004872807687573088879479533772
                               19470736796253654605765679816659609650329
                              45431719191258527413453252905539089184101
                             12980491197502436403843786544439739766886
                             6490245598751218201921893272219869883443
                           19470736796253654605765679816659609650329
                          45431719191258527413453252905539089184101
                         45431719191258527413453252905539089184101
                                                                0
                       51921964790009745615375146177758959067544
                      51921964790009745615375146177758959067544
                      6490245598751218201921893272219869883443
                    12980491197502436403843786544439739766886
                   58412210388760963817297039449978828950987
                   6490245598751218201921893272219869883443
                                                         0
                45431719191258527413453252905539089184101
               58412210388760963817297039449978828950987
              12980491197502436403843786544439739766886
             25960982395004872807687573088879479533772
            32451227993756091009609466361099349417215
           12980491197502436403843786544439739766886
          38941473592507309211531359633319219300658
         25960982395004872807687573088879479533772
                                                0
       45431719191258527413453252905539089184101
      12980491197502436403843786544439739766886
     58412210388760963817297039449978828950987
    25960982395004872807687573088879479533772
   19470736796253654605765679816659609650329
  51921964790009745615375146177758959067544
 12980491197502436403843786544439739766886
19470736796253654605765679816659609650329
-------------------------------------------------------------------------------------------------------------------------------------------
2131067407472692884734930834097752227243978385368013988710802979528597213603575788354641640977267587010786910695983487808384328132545408343

