                                                                   306302052525193483174020984841572202418760280628946348446931088309
                                                                 *5514284465083039488925857846155716135681190403441334820614230701425
                                                                 --------------------------------------------------------------------
                                                                  1531510262625967415870104924207861012093801403144731742234655441545
                                                                  612604105050386966348041969683144404837520561257892696893862176618
                                                                1225208210100773932696083939366288809675041122515785393787724353236
                                                                306302052525193483174020984841572202418760280628946348446931088309
                                                                                                                                0
                                                             2144114367676354382218146893891005416931321964402624439128517618163
                                                                                                                              0
                                                            918906157575580449522062954524716607256280841886839045340793264927
                                                           612604105050386966348041969683144404837520561257892696893862176618
                                                         1225208210100773932696083939366288809675041122515785393787724353236
                                                         306302052525193483174020984841572202418760280628946348446931088309
                                                       1837812315151160899044125909049433214512561683773678090681586529854
                                                                                                                        0
                                                      612604105050386966348041969683144404837520561257892696893862176618
                                                    2450416420201547865392167878732577619350082245031570787575448706472
                                                   1225208210100773932696083939366288809675041122515785393787724353236
                                                   918906157575580449522062954524716607256280841886839045340793264927
                                                  918906157575580449522062954524716607256280841886839045340793264927
                                                 306302052525193483174020984841572202418760280628946348446931088309
                                               1225208210100773932696083939366288809675041122515785393787724353236
                                              1225208210100773932696083939366288809675041122515785393787724353236
                                              918906157575580449522062954524716607256280841886839045340793264927
                                                                                                              0
                                           1225208210100773932696083939366288809675041122515785393787724353236
                                                                                                            0
                                         2756718472726741348566188863574149821768842525660517136022379794781
                                         306302052525193483174020984841572202418760280628946348446931088309
                                        306302052525193483174020984841572202418760280628946348446931088309
                                      2450416420201547865392167878732577619350082245031570787575448706472
                                     1837812315151160899044125909049433214512561683773678090681586529854
                                    1531510262625967415870104924207861012093801403144731742234655441545
                                    918906157575580449522062954524716607256280841886839045340793264927
                                   306302052525193483174020984841572202418760280628946348446931088309
                                 1837812315151160899044125909049433214512561683773678090681586529854
                                 306302052525193483174020984841572202418760280628946348446931088309
                               2144114367676354382218146893891005416931321964402624439128517618163
                              1531510262625967415870104924207861012093801403144731742234655441545
                             1531510262625967415870104924207861012093801403144731742234655441545
                             306302052525193483174020984841572202418760280628946348446931088309
                           1837812315151160899044125909049433214512561683773678090681586529854
                          1225208210100773932696083939366288809675041122515785393787724353236
                         2450416420201547865392167878732577619350082245031570787575448706472
                        2144114367676354382218146893891005416931321964402624439128517618163
                       1531510262625967415870104924207861012093801403144731742234655441545
                      2450416420201547865392167878732577619350082245031570787575448706472
                     1531510262625967415870104924207861012093801403144731742234655441545
                     612604105050386966348041969683144404837520561257892696893862176618
                   2756718472726741348566188863574149821768842525660517136022379794781
                  2450416420201547865392167878732577619350082245031570787575448706472
                 2450416420201547865392167878732577619350082245031570787575448706472
                1225208210100773932696083939366288809675041122515785393787724353236
               2756718472726741348566188863574149821768842525660517136022379794781
               918906157575580449522062954524716607256280841886839045340793264927
                                                                               0
             918906157575580449522062954524716607256280841886839045340793264927
           2450416420201547865392167878732577619350082245031570787575448706472
                                                                            0
         1531510262625967415870104924207861012093801403144731742234655441545
        1837812315151160899044125909049433214512561683773678090681586529854
       1225208210100773932696083939366288809675041122515785393787724353236
      1225208210100773932696083939366288809675041122515785393787724353236
     2450416420201547865392167878732577619350082245031570787575448706472
     612604105050386966348041969683144404837520561257892696893862176618
   1225208210100773932696083939366288809675041122515785393787724353236
   306302052525193483174020984841572202418760280628946348446931088309
 1531510262625967415870104924207861012093801403144731742234655441545
1531510262625967415870104924207861012093801403144731742234655441545
-------------------------------------------------------------------------------------------------------------------------------------
1689036649862723611284376140863640070491281607080933742472147603766857191637486834677146260126747310104567465703507561140675687140325

