                                        793838091548114773773278978818688071870035846314692010808799658465543656140872341652633412478224
                                                                                               *8792448699572824476110523901225005350129
                                       -------------------------------------------------------------------------------------------------
                                       7144542823933032963959510809368192646830322616832228097279196926189892905267851074873700712304016
                                      1587676183096229547546557957637376143740071692629384021617599316931087312281744683305266824956448
                                      793838091548114773773278978818688071870035846314692010808799658465543656140872341652633412478224
                                                                                                                                    0
                                   3969190457740573868866394894093440359350179231573460054043998292327718280704361708263167062391120
                                  2381514274644344321319836936456064215610107538944076032426398975396630968422617024957900237434672
                                 3969190457740573868866394894093440359350179231573460054043998292327718280704361708263167062391120
                                                                                                                                0
                                                                                                                               0
                              3969190457740573868866394894093440359350179231573460054043998292327718280704361708263167062391120
                             1587676183096229547546557957637376143740071692629384021617599316931087312281744683305266824956448
                            1587676183096229547546557957637376143740071692629384021617599316931087312281744683305266824956448
                            793838091548114773773278978818688071870035846314692010808799658465543656140872341652633412478224
                                                                                                                          0
                         7144542823933032963959510809368192646830322616832228097279196926189892905267851074873700712304016
                        2381514274644344321319836936456064215610107538944076032426398975396630968422617024957900237434672
                       1587676183096229547546557957637376143740071692629384021617599316931087312281744683305266824956448
                      3969190457740573868866394894093440359350179231573460054043998292327718280704361708263167062391120
                                                                                                                     0
                     793838091548114773773278978818688071870035846314692010808799658465543656140872341652633412478224
                    793838091548114773773278978818688071870035846314692010808799658465543656140872341652633412478224
                  4763028549288688642639673872912128431220215077888152064852797950793261936845234049915800474869344
                 5556866640836803416412952851730816503090250924202844075661597609258805592986106391568433887347568
                3175352366192459095093115915274752287480143385258768043235198633862174624563489366610533649912896
               3175352366192459095093115915274752287480143385258768043235198633862174624563489366610533649912896
              1587676183096229547546557957637376143740071692629384021617599316931087312281744683305266824956448
             6350704732384918190186231830549504574960286770517536086470397267724349249126978733221067299825792
            1587676183096229547546557957637376143740071692629384021617599316931087312281744683305266824956448
           5556866640836803416412952851730816503090250924202844075661597609258805592986106391568433887347568
          3969190457740573868866394894093440359350179231573460054043998292327718280704361708263167062391120
         7144542823933032963959510809368192646830322616832228097279196926189892905267851074873700712304016
        7144542823933032963959510809368192646830322616832228097279196926189892905267851074873700712304016
       4763028549288688642639673872912128431220215077888152064852797950793261936845234049915800474869344
      6350704732384918190186231830549504574960286770517536086470397267724349249126978733221067299825792
     3175352366192459095093115915274752287480143385258768043235198633862174624563489366610533649912896
    3175352366192459095093115915274752287480143385258768043235198633862174624563489366610533649912896
   1587676183096229547546557957637376143740071692629384021617599316931087312281744683305266824956448
  7144542823933032963959510809368192646830322616832228097279196926189892905267851074873700712304016
 5556866640836803416412952851730816503090250924202844075661597609258805592986106391568433887347568
6350704732384918190186231830549504574960286770517536086470397267724349249126978733221067299825792
----------------------------------------------------------------------------------------------------------------------------------------
6979780695703594527473173035171870159971821270412453379286693688184040222344961203562712117347900769128272118061702285501370868708090896

