                                         9895392199952021267
                  *80287866208906950881881402724303432118839
                  ------------------------------------------
                                        89058529799568191403
                                       29686176599856063801
                                      79163137599616170136
                                     79163137599616170136
                                     9895392199952021267
                                    9895392199952021267
                                  19790784399904042534
                                 29686176599856063801
                                39581568799808085068
                               29686176599856063801
                                                 0
                             29686176599856063801
                            39581568799808085068
                           19790784399904042534
                          69267745399664148869
                         19790784399904042534
                                           0
                       39581568799808085068
                       9895392199952021267
                     79163137599616170136
                    79163137599616170136
                    9895392199952021267
                  79163137599616170136
                 79163137599616170136
                                   0
               49476960999760106335
              89058529799568191403
             59372353199712127602
                               0
           89058529799568191403
          79163137599616170136
                            0
        19790784399904042534
       59372353199712127602
      59372353199712127602
     79163137599616170136
    69267745399664148869
   79163137599616170136
  19790784399904042534
                    0
79163137599616170136
------------------------------------------------------------
794479925034409302186375485024925030263014086675186599349013

