                   336410465073098910724
                   *24194576749013228879
                  ----------------------
                  3027694185657890196516
                 2354873255511692375068
                2691283720584791285792
               2691283720584791285792
               672820930146197821448
              672820930146197821448
            1009231395219296732172
            336410465073098910724
                               0
         3027694185657890196516
        1345641860292395642896
       2354873255511692375068
      2018462790438593464344
     2354873255511692375068
    1682052325365494553620
   1345641860292395642896
  3027694185657890196516
  336410465073098910724
1345641860292395642896
672820930146197821448
----------------------------------------
8139308816382325824116902907920999598396

