                                                                                               5148321107582289271450273968956370203424283411448593611018813550571924353604749508970172953
                                                                                          *30836645999425573969059760489021115780389232889285181057006008210798737750948866474580290891713
                                                                                          ------------------------------------------------------------------------------------------------
                                                                                              15444963322746867814350821906869110610272850234345780833056440651715773060814248526910518859
                                                                                              5148321107582289271450273968956370203424283411448593611018813550571924353604749508970172953
                                                                                            36038247753076024900151917782694591423969983880140155277131694854003470475233246562791210671
                                                                                            5148321107582289271450273968956370203424283411448593611018813550571924353604749508970172953
                                                                                          46334889968240603443052465720607331830818550703037342499169321955147319182442745580731556577
                                                                                         41186568860658314171602191751650961627394267291588748888150508404575394828837996071761383624
                                                                                                                                                                                   0
                                                                                       46334889968240603443052465720607331830818550703037342499169321955147319182442745580731556577
                                                                                      10296642215164578542900547937912740406848566822897187222037627101143848707209499017940345906
                                                                                                                                                                                0
                                                                                    41186568860658314171602191751650961627394267291588748888150508404575394828837996071761383624
                                                                                   25741605537911446357251369844781851017121417057242968055094067752859621768023747544850864765
                                                                                  20593284430329157085801095875825480813697133645794374444075254202287697414418998035880691812
                                                                                 36038247753076024900151917782694591423969983880140155277131694854003470475233246562791210671
                                                                                20593284430329157085801095875825480813697133645794374444075254202287697414418998035880691812
                                                                               30889926645493735628701643813738221220545700468691561666112881303431546121628497053821037718
                                                                              30889926645493735628701643813738221220545700468691561666112881303431546121628497053821037718
                                                                             41186568860658314171602191751650961627394267291588748888150508404575394828837996071761383624
                                                                            41186568860658314171602191751650961627394267291588748888150508404575394828837996071761383624
                                                                           20593284430329157085801095875825480813697133645794374444075254202287697414418998035880691812
                                                                          46334889968240603443052465720607331830818550703037342499169321955147319182442745580731556577
                                                                                                                                                                    0
                                                                        25741605537911446357251369844781851017121417057242968055094067752859621768023747544850864765
                                                                       36038247753076024900151917782694591423969983880140155277131694854003470475233246562791210671
                                                                      36038247753076024900151917782694591423969983880140155277131694854003470475233246562791210671
                                                                     15444963322746867814350821906869110610272850234345780833056440651715773060814248526910518859
                                                                    36038247753076024900151917782694591423969983880140155277131694854003470475233246562791210671
                                                                   41186568860658314171602191751650961627394267291588748888150508404575394828837996071761383624
                                                                  46334889968240603443052465720607331830818550703037342499169321955147319182442745580731556577
                                                                 36038247753076024900151917782694591423969983880140155277131694854003470475233246562791210671
                                                                                                                                                           0
                                                                5148321107582289271450273968956370203424283411448593611018813550571924353604749508970172953
                                                              10296642215164578542900547937912740406848566822897187222037627101143848707209499017940345906
                                                             41186568860658314171602191751650961627394267291588748888150508404575394828837996071761383624
                                                                                                                                                       0
                                                                                                                                                      0
                                                          30889926645493735628701643813738221220545700468691561666112881303431546121628497053821037718
                                                                                                                                                    0
                                                                                                                                                   0
                                                       36038247753076024900151917782694591423969983880140155277131694854003470475233246562791210671
                                                      25741605537911446357251369844781851017121417057242968055094067752859621768023747544850864765
                                                                                                                                                0
                                                     5148321107582289271450273968956370203424283411448593611018813550571924353604749508970172953
                                                   41186568860658314171602191751650961627394267291588748888150508404575394828837996071761383624
                                                   5148321107582289271450273968956370203424283411448593611018813550571924353604749508970172953
                                                 25741605537911446357251369844781851017121417057242968055094067752859621768023747544850864765
                                                41186568860658314171602191751650961627394267291588748888150508404575394828837996071761383624
                                               10296642215164578542900547937912740406848566822897187222037627101143848707209499017940345906
                                              46334889968240603443052465720607331830818550703037342499169321955147319182442745580731556577
                                             41186568860658314171602191751650961627394267291588748888150508404575394828837996071761383624
                                            41186568860658314171602191751650961627394267291588748888150508404575394828837996071761383624
                                           10296642215164578542900547937912740406848566822897187222037627101143848707209499017940345906
                                          15444963322746867814350821906869110610272850234345780833056440651715773060814248526910518859
                                         10296642215164578542900547937912740406848566822897187222037627101143848707209499017940345906
                                        46334889968240603443052465720607331830818550703037342499169321955147319182442745580731556577
                                       41186568860658314171602191751650961627394267291588748888150508404575394828837996071761383624
                                      15444963322746867814350821906869110610272850234345780833056440651715773060814248526910518859
                                                                                                                                0
                                    41186568860658314171602191751650961627394267291588748888150508404575394828837996071761383624
                                   36038247753076024900151917782694591423969983880140155277131694854003470475233246562791210671
                                  25741605537911446357251369844781851017121417057242968055094067752859621768023747544850864765
                                  5148321107582289271450273968956370203424283411448593611018813550571924353604749508970172953
                                 5148321107582289271450273968956370203424283411448593611018813550571924353604749508970172953
                                5148321107582289271450273968956370203424283411448593611018813550571924353604749508970172953
                              10296642215164578542900547937912740406848566822897187222037627101143848707209499017940345906
                                                                                                                        0
                            46334889968240603443052465720607331830818550703037342499169321955147319182442745580731556577
                           41186568860658314171602191751650961627394267291588748888150508404575394828837996071761383624
                          20593284430329157085801095875825480813697133645794374444075254202287697414418998035880691812
                                                                                                                    0
                        30889926645493735628701643813738221220545700468691561666112881303431546121628497053821037718
                       36038247753076024900151917782694591423969983880140155277131694854003470475233246562791210671
                      46334889968240603443052465720607331830818550703037342499169321955147319182442745580731556577
                     25741605537911446357251369844781851017121417057242968055094067752859621768023747544850864765
                                                                                                               0
                   46334889968240603443052465720607331830818550703037342499169321955147319182442745580731556577
                  30889926645493735628701643813738221220545700468691561666112881303431546121628497053821037718
                 46334889968240603443052465720607331830818550703037342499169321955147319182442745580731556577
                15444963322746867814350821906869110610272850234345780833056440651715773060814248526910518859
               36038247753076024900151917782694591423969983880140155277131694854003470475233246562791210671
              25741605537911446357251369844781851017121417057242968055094067752859621768023747544850864765
             25741605537911446357251369844781851017121417057242968055094067752859621768023747544850864765
            10296642215164578542900547937912740406848566822897187222037627101143848707209499017940345906
           20593284430329157085801095875825480813697133645794374444075254202287697414418998035880691812
          46334889968240603443052465720607331830818550703037342499169321955147319182442745580731556577
         46334889968240603443052465720607331830818550703037342499169321955147319182442745580731556577
        46334889968240603443052465720607331830818550703037342499169321955147319182442745580731556577
       25741605537911446357251369844781851017121417057242968055094067752859621768023747544850864765
      20593284430329157085801095875825480813697133645794374444075254202287697414418998035880691812
     30889926645493735628701643813738221220545700468691561666112881303431546121628497053821037718
    30889926645493735628701643813738221220545700468691561666112881303431546121628497053821037718
   15444963322746867814350821906869110610272850234345780833056440651715773060814248526910518859
  41186568860658314171602191751650961627394267291588748888150508404575394828837996071761383624
                                                                                            0
15444963322746867814350821906869110610272850234345780833056440651715773060814248526910518859
------------------------------------------------------------------------------------------------------------------------------------------------------------------------------------------
158756955485885640473475652738656364950574672377786200334508126928601131215930383899233328060094831456624900821341574292047297362041985005617567538426722352115516349595578277216204438489

