                                            466466930770890771342582604840787423017094184151285544704298
                                                           *36691931111063804427382720762755315419620836
                                           -------------------------------------------------------------
                                           2798801584625344628055495629044724538102565104907713268225788
                                          1399400792312672314027747814522362269051282552453856634112894
                                         3731735446167126170740660838726299384136753473210284357634384
                                                                                                    0
                                        932933861541781542685165209681574846034188368302571089408596
                                      2798801584625344628055495629044724538102565104907713268225788
                                     4198202376938016942083243443567086807153847657361569902338682
                                     466466930770890771342582604840787423017094184151285544704298
                                   1865867723083563085370330419363149692068376736605142178817192
                                  2332334653854453856712913024203937115085470920756427723521490
                                  466466930770890771342582604840787423017094184151285544704298
                                1399400792312672314027747814522362269051282552453856634112894
                               2332334653854453856712913024203937115085470920756427723521490
                              2332334653854453856712913024203937115085470920756427723521490
                             3265268515396235399398078233885511961119659289058998812930086
                             932933861541781542685165209681574846034188368302571089408596
                           2798801584625344628055495629044724538102565104907713268225788
                          3265268515396235399398078233885511961119659289058998812930086
                                                                                     0
                         932933861541781542685165209681574846034188368302571089408596
                       3265268515396235399398078233885511961119659289058998812930086
                       932933861541781542685165209681574846034188368302571089408596
                     3731735446167126170740660838726299384136753473210284357634384
                    1399400792312672314027747814522362269051282552453856634112894
                   3265268515396235399398078233885511961119659289058998812930086
                   932933861541781542685165209681574846034188368302571089408596
                 1865867723083563085370330419363149692068376736605142178817192
                1865867723083563085370330419363149692068376736605142178817192
                                                                           0
              3731735446167126170740660838726299384136753473210284357634384
             1399400792312672314027747814522362269051282552453856634112894
            2798801584625344628055495629044724538102565104907713268225788
                                                                       0
           466466930770890771342582604840787423017094184151285544704298
          466466930770890771342582604840787423017094184151285544704298
         466466930770890771342582604840787423017094184151285544704298
        466466930770890771342582604840787423017094184151285544704298
      1399400792312672314027747814522362269051282552453856634112894
     4198202376938016942083243443567086807153847657361569902338682
     466466930770890771342582604840787423017094184151285544704298
   4198202376938016942083243443567086807153847657361569902338682
  2798801584625344628055495629044724538102565104907713268225788
 2798801584625344628055495629044724538102565104907713268225788
1399400792312672314027747814522362269051282552453856634112894
--------------------------------------------------------------------------------------------------------
17115572489434892961618505851134974981121929244996673280856811357057488783696992080733793587402899553128

