                                                                            7003721979
         *2557186646595855502580693414383448167822572067518877846288617061987660918114
         -----------------------------------------------------------------------------
                                                                           28014887916
                                                                           7003721979
                                                                          7003721979
                                                                        56029775832
                                                                        7003721979
                                                                      63033497811
                                                                               0
                                                                    42022331874
                                                                   42022331874
                                                                  49026053853
                                                                 56029775832
                                                                63033497811
                                                                7003721979
                                                              42022331874
                                                                       0
                                                            49026053853
                                                            7003721979
                                                          42022331874
                                                         56029775832
                                                        56029775832
                                                       14007443958
                                                      42022331874
                                                     28014887916
                                                    56029775832
                                                   49026053853
                                                  49026053853
                                                 56029775832
                                                56029775832
                                                7003721979
                                              35018609895
                                             49026053853
                                            42022331874
                                                     0
                                          14007443958
                                         49026053853
                                        35018609895
                                       14007443958
                                      14007443958
                                     56029775832
                                    49026053853
                                   42022331874
                                   7003721979
                                 56029775832
                                28014887916
                               28014887916
                              21011165937
                             56029775832
                            21011165937
                           28014887916
                           7003721979
                         28014887916
                        21011165937
                       63033497811
                      42022331874
                               0
                    56029775832
                   35018609895
                  14007443958
                           0
                35018609895
               35018609895
              35018609895
             56029775832
            35018609895
           63033497811
          35018609895
         42022331874
        28014887916
       42022331874
      42022331874
     56029775832
     7003721979
   49026053853
  35018609895
 35018609895
14007443958
--------------------------------------------------------------------------------------
17909824321168698713732493687377910666786228561593436769467770894557386198994341027606

