                                                                        279664560666675396509560471847854721288244812451012069
                                                    *1162019974795983128940492404473590701698168756169964003244791151221490317
                                                    --------------------------------------------------------------------------
                                                                       1957651924666727775566923302934983049017713687157084483
                                                                       279664560666675396509560471847854721288244812451012069
                                                                      838993682000026189528681415543564163864734437353036207
                                                                                                                          0
                                                                   2516981046000078568586044246630692491594203312059108621
                                                                  1118658242666701586038241887391418885152979249804048276
                                                                  279664560666675396509560471847854721288244812451012069
                                                                 559329121333350793019120943695709442576489624902024138
                                                                559329121333350793019120943695709442576489624902024138
                                                               279664560666675396509560471847854721288244812451012069
                                                             1398322803333376982547802359239273606441224062255060345
                                                             279664560666675396509560471847854721288244812451012069
                                                            279664560666675396509560471847854721288244812451012069
                                                          2516981046000078568586044246630692491594203312059108621
                                                         1957651924666727775566923302934983049017713687157084483
                                                        1118658242666701586038241887391418885152979249804048276
                                                       1118658242666701586038241887391418885152979249804048276
                                                       559329121333350793019120943695709442576489624902024138
                                                      838993682000026189528681415543564163864734437353036207
                                                                                                          0
                                                                                                         0
                                                  1118658242666701586038241887391418885152979249804048276
                                                 1677987364000052379057362831087128327729468874706072414
                                                2516981046000078568586044246630692491594203312059108621
                                               2516981046000078568586044246630692491594203312059108621
                                              1677987364000052379057362831087128327729468874706072414
                                              279664560666675396509560471847854721288244812451012069
                                            1677987364000052379057362831087128327729468874706072414
                                           1398322803333376982547802359239273606441224062255060345
                                          1957651924666727775566923302934983049017713687157084483
                                         2237316485333403172076483774782837770305958499608096552
                                        1677987364000052379057362831087128327729468874706072414
                                        279664560666675396509560471847854721288244812451012069
                                      2237316485333403172076483774782837770305958499608096552
                                     2516981046000078568586044246630692491594203312059108621
                                    1677987364000052379057362831087128327729468874706072414
                                    279664560666675396509560471847854721288244812451012069
                                                                                        0
                                 1957651924666727775566923302934983049017713687157084483
                                                                                      0
                               2516981046000078568586044246630692491594203312059108621
                              1398322803333376982547802359239273606441224062255060345
                              838993682000026189528681415543564163864734437353036207
                            1957651924666727775566923302934983049017713687157084483
                           1118658242666701586038241887391418885152979249804048276
                          1118658242666701586038241887391418885152979249804048276
                                                                               0
                        1118658242666701586038241887391418885152979249804048276
                        559329121333350793019120943695709442576489624902024138
                      2516981046000078568586044246630692491594203312059108621
                     1118658242666701586038241887391418885152979249804048276
                                                                          0
                   1118658242666701586038241887391418885152979249804048276
                  2516981046000078568586044246630692491594203312059108621
                 2237316485333403172076483774782837770305958499608096552
                 559329121333350793019120943695709442576489624902024138
                279664560666675396509560471847854721288244812451012069
               838993682000026189528681415543564163864734437353036207
             2237316485333403172076483774782837770305958499608096552
            2516981046000078568586044246630692491594203312059108621
           1398322803333376982547802359239273606441224062255060345
          2516981046000078568586044246630692491594203312059108621
         1957651924666727775566923302934983049017713687157084483
        1118658242666701586038241887391418885152979249804048276
       1957651924666727775566923302934983049017713687157084483
      2516981046000078568586044246630692491594203312059108621
     2516981046000078568586044246630692491594203312059108621
     279664560666675396509560471847854721288244812451012069
                                                         0
   559329121333350793019120943695709442576489624902024138
 1677987364000052379057362831087128327729468874706072414
 279664560666675396509560471847854721288244812451012069
279664560666675396509560471847854721288244812451012069
------------------------------------------------------------------------------------------------------------------------------
324975805737219838971707592829844023350925448599996322802534248442627456242167358758888877868058985046294574368781629133635873

