                                                                                                     59098255911868934349819525853048948773375452345770751613199403308175512058282850836097407357787505157
                                                                                                    *56229158756016981054632517569143866781557268967063536787434458835403669385282989232900654109082633999
                                                                                                    ------------------------------------------------------------------------------------------------------
                                                                                                    531884303206820409148375732677440538960379071111936764518794629773579608524545657524876666220087546413
                                                                                                   531884303206820409148375732677440538960379071111936764518794629773579608524545657524876666220087546413
                                                                                                  531884303206820409148375732677440538960379071111936764518794629773579608524545657524876666220087546413
                                                                                                 177294767735606803049458577559146846320126357037312254839598209924526536174848552508292222073362515471
                                                                                                177294767735606803049458577559146846320126357037312254839598209924526536174848552508292222073362515471
                                                                                               354589535471213606098917155118293692640252714074624509679196419849053072349697105016584444146725030942
                                                                                              118196511823737868699639051706097897546750904691541503226398806616351024116565701672194814715575010314
                                                                                             472786047294951474798556206824391590187003618766166012905595226465404096466262806688779258862300041256
                                                                                                                                                                                                 0
                                                                                           531884303206820409148375732677440538960379071111936764518794629773579608524545657524876666220087546413
                                                                                                                                                                                               0
                                                                                          59098255911868934349819525853048948773375452345770751613199403308175512058282850836097407357787505157
                                                                                        236393023647475737399278103412195795093501809383083006452797613232702048233131403344389629431150020628
                                                                                       295491279559344671749097629265244743866877261728853758065997016540877560291414254180487036788937525785
                                                                                      354589535471213606098917155118293692640252714074624509679196419849053072349697105016584444146725030942
                                                                                                                                                                                          0
                                                                                                                                                                                         0
                                                                                   531884303206820409148375732677440538960379071111936764518794629773579608524545657524876666220087546413
                                                                                  118196511823737868699639051706097897546750904691541503226398806616351024116565701672194814715575010314
                                                                                 177294767735606803049458577559146846320126357037312254839598209924526536174848552508292222073362515471
                                                                                118196511823737868699639051706097897546750904691541503226398806616351024116565701672194814715575010314
                                                                               531884303206820409148375732677440538960379071111936764518794629773579608524545657524876666220087546413
                                                                              472786047294951474798556206824391590187003618766166012905595226465404096466262806688779258862300041256
                                                                             531884303206820409148375732677440538960379071111936764518794629773579608524545657524876666220087546413
                                                                            118196511823737868699639051706097897546750904691541503226398806616351024116565701672194814715575010314
                                                                           472786047294951474798556206824391590187003618766166012905595226465404096466262806688779258862300041256
                                                                          118196511823737868699639051706097897546750904691541503226398806616351024116565701672194814715575010314
                                                                         295491279559344671749097629265244743866877261728853758065997016540877560291414254180487036788937525785
                                                                        472786047294951474798556206824391590187003618766166012905595226465404096466262806688779258862300041256
                                                                       177294767735606803049458577559146846320126357037312254839598209924526536174848552508292222073362515471
                                                                      531884303206820409148375732677440538960379071111936764518794629773579608524545657524876666220087546413
                                                                     354589535471213606098917155118293692640252714074624509679196419849053072349697105016584444146725030942
                                                                    354589535471213606098917155118293692640252714074624509679196419849053072349697105016584444146725030942
                                                                   177294767735606803049458577559146846320126357037312254839598209924526536174848552508292222073362515471
                                                                                                                                                                       0
                                                                 236393023647475737399278103412195795093501809383083006452797613232702048233131403344389629431150020628
                                                                295491279559344671749097629265244743866877261728853758065997016540877560291414254180487036788937525785
                                                               177294767735606803049458577559146846320126357037312254839598209924526536174848552508292222073362515471
                                                              472786047294951474798556206824391590187003618766166012905595226465404096466262806688779258862300041256
                                                             472786047294951474798556206824391590187003618766166012905595226465404096466262806688779258862300041256
                                                            295491279559344671749097629265244743866877261728853758065997016540877560291414254180487036788937525785
                                                           236393023647475737399278103412195795093501809383083006452797613232702048233131403344389629431150020628
                                                          236393023647475737399278103412195795093501809383083006452797613232702048233131403344389629431150020628
                                                         177294767735606803049458577559146846320126357037312254839598209924526536174848552508292222073362515471
                                                        236393023647475737399278103412195795093501809383083006452797613232702048233131403344389629431150020628
                                                       413687791383082540448736680971342641413628166420395261292395823157228584407979955852681851504512536099
                                                      472786047294951474798556206824391590187003618766166012905595226465404096466262806688779258862300041256
                                                     413687791383082540448736680971342641413628166420395261292395823157228584407979955852681851504512536099
                                                    354589535471213606098917155118293692640252714074624509679196419849053072349697105016584444146725030942
                                                   177294767735606803049458577559146846320126357037312254839598209924526536174848552508292222073362515471
                                                  295491279559344671749097629265244743866877261728853758065997016540877560291414254180487036788937525785
                                                 177294767735606803049458577559146846320126357037312254839598209924526536174848552508292222073362515471
                                                354589535471213606098917155118293692640252714074624509679196419849053072349697105016584444146725030942
                                                                                                                                                    0
                                              413687791383082540448736680971342641413628166420395261292395823157228584407979955852681851504512536099
                                             354589535471213606098917155118293692640252714074624509679196419849053072349697105016584444146725030942
                                            531884303206820409148375732677440538960379071111936764518794629773579608524545657524876666220087546413
                                           472786047294951474798556206824391590187003618766166012905595226465404096466262806688779258862300041256
                                          354589535471213606098917155118293692640252714074624509679196419849053072349697105016584444146725030942
                                         118196511823737868699639051706097897546750904691541503226398806616351024116565701672194814715575010314
                                        413687791383082540448736680971342641413628166420395261292395823157228584407979955852681851504512536099
                                       295491279559344671749097629265244743866877261728853758065997016540877560291414254180487036788937525785
                                      295491279559344671749097629265244743866877261728853758065997016540877560291414254180487036788937525785
                                      59098255911868934349819525853048948773375452345770751613199403308175512058282850836097407357787505157
                                    472786047294951474798556206824391590187003618766166012905595226465404096466262806688779258862300041256
                                   413687791383082540448736680971342641413628166420395261292395823157228584407979955852681851504512536099
                                  354589535471213606098917155118293692640252714074624509679196419849053072349697105016584444146725030942
                                 354589535471213606098917155118293692640252714074624509679196419849053072349697105016584444146725030942
                                472786047294951474798556206824391590187003618766166012905595226465404096466262806688779258862300041256
                               177294767735606803049458577559146846320126357037312254839598209924526536174848552508292222073362515471
                              236393023647475737399278103412195795093501809383083006452797613232702048233131403344389629431150020628
                              59098255911868934349819525853048948773375452345770751613199403308175512058282850836097407357787505157
                            531884303206820409148375732677440538960379071111936764518794629773579608524545657524876666220087546413
                           354589535471213606098917155118293692640252714074624509679196419849053072349697105016584444146725030942
                          295491279559344671749097629265244743866877261728853758065997016540877560291414254180487036788937525785
                         413687791383082540448736680971342641413628166420395261292395823157228584407979955852681851504512536099
                         59098255911868934349819525853048948773375452345770751613199403308175512058282850836097407357787505157
                       295491279559344671749097629265244743866877261728853758065997016540877560291414254180487036788937525785
                      118196511823737868699639051706097897546750904691541503226398806616351024116565701672194814715575010314
                     177294767735606803049458577559146846320126357037312254839598209924526536174848552508292222073362515471
                    354589535471213606098917155118293692640252714074624509679196419849053072349697105016584444146725030942
                   236393023647475737399278103412195795093501809383083006452797613232702048233131403344389629431150020628
                  295491279559344671749097629265244743866877261728853758065997016540877560291414254180487036788937525785
                                                                                                                      0
                 59098255911868934349819525853048948773375452345770751613199403308175512058282850836097407357787505157
               472786047294951474798556206824391590187003618766166012905595226465404096466262806688779258862300041256
              531884303206820409148375732677440538960379071111936764518794629773579608524545657524876666220087546413
             354589535471213606098917155118293692640252714074624509679196419849053072349697105016584444146725030942
             59098255911868934349819525853048948773375452345770751613199403308175512058282850836097407357787505157
                                                                                                                0
          354589535471213606098917155118293692640252714074624509679196419849053072349697105016584444146725030942
         295491279559344671749097629265244743866877261728853758065997016540877560291414254180487036788937525785
        413687791383082540448736680971342641413628166420395261292395823157228584407979955852681851504512536099
       472786047294951474798556206824391590187003618766166012905595226465404096466262806688779258862300041256
      295491279559344671749097629265244743866877261728853758065997016540877560291414254180487036788937525785
      59098255911868934349819525853048948773375452345770751613199403308175512058282850836097407357787505157
    531884303206820409148375732677440538960379071111936764518794629773579608524545657524876666220087546413
   118196511823737868699639051706097897546750904691541503226398806616351024116565701672194814715575010314
  118196511823737868699639051706097897546750904691541503226398806616351024116565701672194814715575010314
 354589535471213606098917155118293692640252714074624509679196419849053072349697105016584444146725030942
295491279559344671749097629265244743866877261728853758065997016540877560291414254180487036788937525785
----------------------------------------------------------------------------------------------------------------------------------------------------------------------------------------------------------
3323045213872197404932869709924869899951061665594795912798290128342236919203707313807111741759987071621739525454391474591029079913009353576499555073131713760396901492795802247320841416016745456356032843

