                   649841979597651757836168342265
                             *2100041921418179827
                  -------------------------------
                  4548893857183562304853178395855
                 1299683959195303515672336684530
                5198735836781214062689346738120
               5848577816378865820525515080385
              4548893857183562304853178395855
              649841979597651757836168342265
            5198735836781214062689346738120
            649841979597651757836168342265
          2599367918390607031344673369060
          649841979597651757836168342265
        1299683959195303515672336684530
       5848577816378865820525515080385
       649841979597651757836168342265
     2599367918390607031344673369060
                                  0
                                 0
                                0
  649841979597651757836168342265
1299683959195303515672336684530
-------------------------------------------------
1364695399452446211220777310467750862776254488155

