                                                           21984704254459752847813565581342540010446982857131922389837972227328473061246050243571464
                                                                                       *361484126063370594200235583639165204727333770720240274833107
                                                          ------------------------------------------------------------------------------------------
                                                          153892929781218269934694959069397780073128879999923456728865805591299311428722351705000248
                                                                                                                                                  0
                                                         21984704254459752847813565581342540010446982857131922389837972227328473061246050243571464
                                                        65954112763379258543440696744027620031340948571395767169513916681985419183738150730714392
                                                       65954112763379258543440696744027620031340948571395767169513916681985419183738150730714392
                                                     175877634035678022782508524650740320083575862857055379118703777818627784489968401948571712
                                                     87938817017839011391254262325370160041787931428527689559351888909313892244984200974285856
                                                   153892929781218269934694959069397780073128879999923456728865805591299311428722351705000248
                                                   43969408508919505695627131162685080020893965714263844779675944454656946122492100487142928
                                                                                                                                          0
                                                 87938817017839011391254262325370160041787931428527689559351888909313892244984200974285856
                                                43969408508919505695627131162685080020893965714263844779675944454656946122492100487142928
                                                                                                                                       0
                                              43969408508919505695627131162685080020893965714263844779675944454656946122492100487142928
                                            153892929781218269934694959069397780073128879999923456728865805591299311428722351705000248
                                                                                                                                    0
                                          153892929781218269934694959069397780073128879999923456728865805591299311428722351705000248
                                         153892929781218269934694959069397780073128879999923456728865805591299311428722351705000248
                                         65954112763379258543440696744027620031340948571395767169513916681985419183738150730714392
                                        65954112763379258543440696744027620031340948571395767169513916681985419183738150730714392
                                       65954112763379258543440696744027620031340948571395767169513916681985419183738150730714392
                                     153892929781218269934694959069397780073128879999923456728865805591299311428722351705000248
                                     43969408508919505695627131162685080020893965714263844779675944454656946122492100487142928
                                   153892929781218269934694959069397780073128879999923456728865805591299311428722351705000248
                                   87938817017839011391254262325370160041787931428527689559351888909313892244984200974285856
                                                                                                                          0
                                 43969408508919505695627131162685080020893965714263844779675944454656946122492100487142928
                               109923521272298764239067827906712700052234914285659611949189861136642365306230251217857320
                              131908225526758517086881393488055240062681897142791534339027833363970838367476301461428784
                              21984704254459752847813565581342540010446982857131922389837972227328473061246050243571464
                            197862338290137775630322090232082860094022845714187301508541750045956257551214452192143176
                            65954112763379258543440696744027620031340948571395767169513916681985419183738150730714392
                          131908225526758517086881393488055240062681897142791534339027833363970838367476301461428784
                          65954112763379258543440696744027620031340948571395767169513916681985419183738150730714392
                        175877634035678022782508524650740320083575862857055379118703777818627784489968401948571712
                       109923521272298764239067827906712700052234914285659611949189861136642365306230251217857320
                      109923521272298764239067827906712700052234914285659611949189861136642365306230251217857320
                      65954112763379258543440696744027620031340948571395767169513916681985419183738150730714392
                     43969408508919505695627131162685080020893965714263844779675944454656946122492100487142928
                                                                                                            0
                                                                                                           0
                  43969408508919505695627131162685080020893965714263844779675944454656946122492100487142928
                 87938817017839011391254262325370160041787931428527689559351888909313892244984200974285856
               197862338290137775630322090232082860094022845714187301508541750045956257551214452192143176
              109923521272298764239067827906712700052234914285659611949189861136642365306230251217857320
                                                                                                      0
            153892929781218269934694959069397780073128879999923456728865805591299311428722351705000248
            65954112763379258543440696744027620031340948571395767169513916681985419183738150730714392
           65954112763379258543440696744027620031340948571395767169513916681985419183738150730714392
         131908225526758517086881393488055240062681897142791534339027833363970838367476301461428784
                                                                                                 0
       131908225526758517086881393488055240062681897142791534339027833363970838367476301461428784
       43969408508919505695627131162685080020893965714263844779675944454656946122492100487142928
      21984704254459752847813565581342540010446982857131922389837972227328473061246050243571464
     87938817017839011391254262325370160041787931428527689559351888909313892244984200974285856
   175877634035678022782508524650740320083575862857055379118703777818627784489968401948571712
   87938817017839011391254262325370160041787931428527689559351888909313892244984200974285856
  21984704254459752847813565581342540010446982857131922389837972227328473061246050243571464
131908225526758517086881393488055240062681897142791534339027833363970838367476301461428784
65954112763379258543440696744027620031340948571395767169513916681985419183738150730714392
----------------------------------------------------------------------------------------------------------------------------------------------------
7947121604185049132289459539700614191633603807194824147838684644880197758144348900302528523340283003916632033355840351431323391022471150212227658648

