                                                                                                     86020576653013527110207182749028720877542854217028058867031043816804558844375077873759463667059640196
                                                                                                    *18041792571308803539210706218178072251408549429782714794416233030366417371314293564943484007311448199
                                                                                                    ------------------------------------------------------------------------------------------------------
                                                                                                    774185189877121743991864644741258487897885687953252529803279394351241029599375700863835173003536761764
                                                                                                   774185189877121743991864644741258487897885687953252529803279394351241029599375700863835173003536761764
                                                                                                   86020576653013527110207182749028720877542854217028058867031043816804558844375077873759463667059640196
                                                                                                 688164613224108216881657461992229767020342833736224470936248350534436470755000622990075709336477121568
                                                                                                344082306612054108440828730996114883510171416868112235468124175267218235377500311495037854668238560784
                                                                                               344082306612054108440828730996114883510171416868112235468124175267218235377500311495037854668238560784
                                                                                               86020576653013527110207182749028720877542854217028058867031043816804558844375077873759463667059640196
                                                                                              86020576653013527110207182749028720877542854217028058867031043816804558844375077873759463667059640196
                                                                                            258061729959040581330621548247086162632628562651084176601093131450413676533125233621278391001178920588
                                                                                           602144036571094689771450279243201046142799979519196412069217306717631911910625545116316245669417481372
                                                                                                                                                                                               0
                                                                                                                                                                                              0
                                                                                        344082306612054108440828730996114883510171416868112235468124175267218235377500311495037854668238560784
                                                                                       688164613224108216881657461992229767020342833736224470936248350534436470755000622990075709336477121568
                                                                                      344082306612054108440828730996114883510171416868112235468124175267218235377500311495037854668238560784
                                                                                     258061729959040581330621548247086162632628562651084176601093131450413676533125233621278391001178920588
                                                                                    344082306612054108440828730996114883510171416868112235468124175267218235377500311495037854668238560784
                                                                                   774185189877121743991864644741258487897885687953252529803279394351241029599375700863835173003536761764
                                                                                  344082306612054108440828730996114883510171416868112235468124175267218235377500311495037854668238560784
                                                                                 516123459918081162661243096494172325265257125302168353202186262900827353066250467242556782002357841176
                                                                                430102883265067635551035913745143604387714271085140294335155219084022794221875389368797318335298200980
                                                                               258061729959040581330621548247086162632628562651084176601093131450413676533125233621278391001178920588
                                                                              774185189877121743991864644741258487897885687953252529803279394351241029599375700863835173003536761764
                                                                             172041153306027054220414365498057441755085708434056117734062087633609117688750155747518927334119280392
                                                                            344082306612054108440828730996114883510171416868112235468124175267218235377500311495037854668238560784
                                                                            86020576653013527110207182749028720877542854217028058867031043816804558844375077873759463667059640196
                                                                          258061729959040581330621548247086162632628562651084176601093131450413676533125233621278391001178920588
                                                                          86020576653013527110207182749028720877542854217028058867031043816804558844375077873759463667059640196
                                                                        602144036571094689771450279243201046142799979519196412069217306717631911910625545116316245669417481372
                                                                       258061729959040581330621548247086162632628562651084176601093131450413676533125233621278391001178920588
                                                                      602144036571094689771450279243201046142799979519196412069217306717631911910625545116316245669417481372
                                                                      86020576653013527110207182749028720877542854217028058867031043816804558844375077873759463667059640196
                                                                    344082306612054108440828730996114883510171416868112235468124175267218235377500311495037854668238560784
                                                                   516123459918081162661243096494172325265257125302168353202186262900827353066250467242556782002357841176
                                                                  516123459918081162661243096494172325265257125302168353202186262900827353066250467242556782002357841176
                                                                 258061729959040581330621548247086162632628562651084176601093131450413676533125233621278391001178920588
                                                                                                                                                                     0
                                                               258061729959040581330621548247086162632628562651084176601093131450413676533125233621278391001178920588
                                                                                                                                                                   0
                                                             258061729959040581330621548247086162632628562651084176601093131450413676533125233621278391001178920588
                                                            258061729959040581330621548247086162632628562651084176601093131450413676533125233621278391001178920588
                                                           172041153306027054220414365498057441755085708434056117734062087633609117688750155747518927334119280392
                                                          516123459918081162661243096494172325265257125302168353202186262900827353066250467242556782002357841176
                                                          86020576653013527110207182749028720877542854217028058867031043816804558844375077873759463667059640196
                                                        344082306612054108440828730996114883510171416868112235468124175267218235377500311495037854668238560784
                                                       344082306612054108440828730996114883510171416868112235468124175267218235377500311495037854668238560784
                                                      774185189877121743991864644741258487897885687953252529803279394351241029599375700863835173003536761764
                                                     602144036571094689771450279243201046142799979519196412069217306717631911910625545116316245669417481372
                                                    344082306612054108440828730996114883510171416868112235468124175267218235377500311495037854668238560784
                                                    86020576653013527110207182749028720877542854217028058867031043816804558844375077873759463667059640196
                                                  602144036571094689771450279243201046142799979519196412069217306717631911910625545116316245669417481372
                                                 172041153306027054220414365498057441755085708434056117734062087633609117688750155747518927334119280392
                                                688164613224108216881657461992229767020342833736224470936248350534436470755000622990075709336477121568
                                               602144036571094689771450279243201046142799979519196412069217306717631911910625545116316245669417481372
                                              774185189877121743991864644741258487897885687953252529803279394351241029599375700863835173003536761764
                                             172041153306027054220414365498057441755085708434056117734062087633609117688750155747518927334119280392
                                            344082306612054108440828730996114883510171416868112235468124175267218235377500311495037854668238560784
                                           774185189877121743991864644741258487897885687953252529803279394351241029599375700863835173003536761764
                                          344082306612054108440828730996114883510171416868112235468124175267218235377500311495037854668238560784
                                         430102883265067635551035913745143604387714271085140294335155219084022794221875389368797318335298200980
                                        688164613224108216881657461992229767020342833736224470936248350534436470755000622990075709336477121568
                                                                                                                                            0
                                      344082306612054108440828730996114883510171416868112235468124175267218235377500311495037854668238560784
                                      86020576653013527110207182749028720877542854217028058867031043816804558844375077873759463667059640196
                                    430102883265067635551035913745143604387714271085140294335155219084022794221875389368797318335298200980
                                   172041153306027054220414365498057441755085708434056117734062087633609117688750155747518927334119280392
                                  172041153306027054220414365498057441755085708434056117734062087633609117688750155747518927334119280392
                                 602144036571094689771450279243201046142799979519196412069217306717631911910625545116316245669417481372
                                                                                                                                     0
                               688164613224108216881657461992229767020342833736224470936248350534436470755000622990075709336477121568
                              602144036571094689771450279243201046142799979519196412069217306717631911910625545116316245669417481372
                              86020576653013527110207182749028720877542854217028058867031043816804558844375077873759463667059640196
                            688164613224108216881657461992229767020342833736224470936248350534436470755000622990075709336477121568
                            86020576653013527110207182749028720877542854217028058867031043816804558844375077873759463667059640196
                          172041153306027054220414365498057441755085708434056117734062087633609117688750155747518927334119280392
                         516123459918081162661243096494172325265257125302168353202186262900827353066250467242556782002357841176
                                                                                                                             0
                       602144036571094689771450279243201046142799979519196412069217306717631911910625545116316245669417481372
                                                                                                                           0
                      86020576653013527110207182749028720877542854217028058867031043816804558844375077873759463667059640196
                    172041153306027054220414365498057441755085708434056117734062087633609117688750155747518927334119280392
                   774185189877121743991864644741258487897885687953252529803279394351241029599375700863835173003536761764
                  258061729959040581330621548247086162632628562651084176601093131450413676533125233621278391001178920588
                 430102883265067635551035913745143604387714271085140294335155219084022794221875389368797318335298200980
                258061729959040581330621548247086162632628562651084176601093131450413676533125233621278391001178920588
                                                                                                                    0
              688164613224108216881657461992229767020342833736224470936248350534436470755000622990075709336477121568
             688164613224108216881657461992229767020342833736224470936248350534436470755000622990075709336477121568
                                                                                                                 0
           258061729959040581330621548247086162632628562651084176601093131450413676533125233621278391001178920588
           86020576653013527110207182749028720877542854217028058867031043816804558844375077873759463667059640196
         602144036571094689771450279243201046142799979519196412069217306717631911910625545116316245669417481372
        430102883265067635551035913745143604387714271085140294335155219084022794221875389368797318335298200980
       172041153306027054220414365498057441755085708434056117734062087633609117688750155747518927334119280392
      774185189877121743991864644741258487897885687953252529803279394351241029599375700863835173003536761764
     602144036571094689771450279243201046142799979519196412069217306717631911910625545116316245669417481372
     86020576653013527110207182749028720877542854217028058867031043816804558844375077873759463667059640196
   344082306612054108440828730996114883510171416868112235468124175267218235377500311495037854668238560784
                                                                                                       0
 688164613224108216881657461992229767020342833736224470936248350534436470755000622990075709336477121568
 86020576653013527110207182749028720877542854217028058867031043816804558844375077873759463667059640196
----------------------------------------------------------------------------------------------------------------------------------------------------------------------------------------------------------
1551965400838038956694839470570823611202501132687157061830783772365393653512068915771128301074074381411227846005601264044678654243319620071520833542385120182658444125814686652793976102412005936632207004

