                                                                                    70389161343151101592671969988574503520755170281440608804892
                                                          *640100462538045174218388168648803913969213128645177906822787578869256188491265872673
                                                          -------------------------------------------------------------------------------------
                                                                                   211167484029453304778015909965723510562265510844321826414676
                                                                                  492724129402057711148703789920021524645286191970084261634244
                                                                                 422334968058906609556031819931447021124531021688643652829352
                                                                                140778322686302203185343939977149007041510340562881217609784
                                                                               492724129402057711148703789920021524645286191970084261634244
                                                                              563113290745208812741375759908596028166041362251524870439136
                                                                             351945806715755507963359849942872517603775851407203044024460
                                                                            422334968058906609556031819931447021124531021688643652829352
                                                                           140778322686302203185343939977149007041510340562881217609784
                                                                           70389161343151101592671969988574503520755170281440608804892
                                                                         633502452088359914334047729897170531686796532532965479244028
                                                                        281556645372604406370687879954298014083020681125762435219568
                                                                       563113290745208812741375759908596028166041362251524870439136
                                                                      563113290745208812741375759908596028166041362251524870439136
                                                                      70389161343151101592671969988574503520755170281440608804892
                                                                    422334968058906609556031819931447021124531021688643652829352
                                                                   351945806715755507963359849942872517603775851407203044024460
                                                                  140778322686302203185343939977149007041510340562881217609784
                                                                 633502452088359914334047729897170531686796532532965479244028
                                                                422334968058906609556031819931447021124531021688643652829352
                                                               563113290745208812741375759908596028166041362251524870439136
                                                              563113290745208812741375759908596028166041362251524870439136
                                                             492724129402057711148703789920021524645286191970084261634244
                                                            351945806715755507963359849942872517603775851407203044024460
                                                           492724129402057711148703789920021524645286191970084261634244
                                                          563113290745208812741375759908596028166041362251524870439136
                                                         492724129402057711148703789920021524645286191970084261634244
                                                        140778322686302203185343939977149007041510340562881217609784
                                                       140778322686302203185343939977149007041510340562881217609784
                                                      563113290745208812741375759908596028166041362251524870439136
                                                     422334968058906609556031819931447021124531021688643652829352
                                                                                                               0
                                                   633502452088359914334047729897170531686796532532965479244028
                                                  492724129402057711148703789920021524645286191970084261634244
                                                 492724129402057711148703789920021524645286191970084261634244
                                                 70389161343151101592671969988574503520755170281440608804892
                                               351945806715755507963359849942872517603775851407203044024460
                                              281556645372604406370687879954298014083020681125762435219568
                                             422334968058906609556031819931447021124531021688643652829352
                                            563113290745208812741375759908596028166041362251524870439136
                                           140778322686302203185343939977149007041510340562881217609784
                                           70389161343151101592671969988574503520755170281440608804892
                                         211167484029453304778015909965723510562265510844321826414676
                                         70389161343151101592671969988574503520755170281440608804892
                                       140778322686302203185343939977149007041510340562881217609784
                                      633502452088359914334047729897170531686796532532965479244028
                                     422334968058906609556031819931447021124531021688643652829352
                                    633502452088359914334047729897170531686796532532965479244028
                                   211167484029453304778015909965723510562265510844321826414676
                                   70389161343151101592671969988574503520755170281440608804892
                                 633502452088359914334047729897170531686796532532965479244028
                                211167484029453304778015909965723510562265510844321826414676
                                                                                          0
                              563113290745208812741375759908596028166041362251524870439136
                             563113290745208812741375759908596028166041362251524870439136
                            281556645372604406370687879954298014083020681125762435219568
                           422334968058906609556031819931447021124531021688643652829352
                          563113290745208812741375759908596028166041362251524870439136
                         422334968058906609556031819931447021124531021688643652829352
                         70389161343151101592671969988574503520755170281440608804892
                       563113290745208812741375759908596028166041362251524870439136
                      563113290745208812741375759908596028166041362251524870439136
                     211167484029453304778015909965723510562265510844321826414676
                    563113290745208812741375759908596028166041362251524870439136
                    70389161343151101592671969988574503520755170281440608804892
                  140778322686302203185343939977149007041510340562881217609784
                 281556645372604406370687879954298014083020681125762435219568
                492724129402057711148703789920021524645286191970084261634244
                70389161343151101592671969988574503520755170281440608804892
              351945806715755507963359849942872517603775851407203044024460
             281556645372604406370687879954298014083020681125762435219568
                                                                       0
           563113290745208812741375759908596028166041362251524870439136
          211167484029453304778015909965723510562265510844321826414676
         351945806715755507963359849942872517603775851407203044024460
        140778322686302203185343939977149007041510340562881217609784
       422334968058906609556031819931447021124531021688643652829352
      281556645372604406370687879954298014083020681125762435219568
                                                                0
                                                               0
    70389161343151101592671969988574503520755170281440608804892
                                                             0
 281556645372604406370687879954298014083020681125762435219568
422334968058906609556031819931447021124531021688643652829352
-----------------------------------------------------------------------------------------------------------------------------------------------
45056134733416109243240232007313493446933741347274697266128037903658659570725277192528715776001570963832817497112013686004291371851675971516316

