                                                                                                    21777575691554580553372688074856924781251306765810157426323809402870096137813395400252985366217494594
                                                                                                   *21789822877989409362035109044096175067345133184011324834849348965461205719127539661145529453259806927
                                                                                                   ------------------------------------------------------------------------------------------------------
                                                                                                   152443029840882063873608816523998473468759147360671101984266665820090672964693767801770897563522462158
                                                                                                   43555151383109161106745376149713849562502613531620314852647618805740192275626790800505970732434989188
                                                                                                 195998181223991224980354192673712323031261760892291416836914284625830865240320558602276868295957451346
                                                                                                130665454149327483320236128449141548687507840594860944557942856417220576826880372401517912197304967564
                                                                                                                                                                                                    0
                                                                                              174220605532436644426981504598855398250010454126481259410590475222960769102507163202023882929739956752
                                                                                             195998181223991224980354192673712323031261760892291416836914284625830865240320558602276868295957451346
                                                                                            108887878457772902766863440374284623906256533829050787131619047014350480689066977001264926831087472970
                                                                                            43555151383109161106745376149713849562502613531620314852647618805740192275626790800505970732434989188
                                                                                           65332727074663741660118064224570774343753920297430472278971428208610288413440186200758956098652483782
                                                                                         108887878457772902766863440374284623906256533829050787131619047014350480689066977001264926831087472970
                                                                                         87110302766218322213490752299427699125005227063240629705295237611480384551253581601011941464869978376
                                                                                       195998181223991224980354192673712323031261760892291416836914284625830865240320558602276868295957451346
                                                                                       43555151383109161106745376149713849562502613531620314852647618805740192275626790800505970732434989188
                                                                                     108887878457772902766863440374284623906256533829050787131619047014350480689066977001264926831087472970
                                                                                    108887878457772902766863440374284623906256533829050787131619047014350480689066977001264926831087472970
                                                                                    87110302766218322213490752299427699125005227063240629705295237611480384551253581601011941464869978376
                                                                                   21777575691554580553372688074856924781251306765810157426323809402870096137813395400252985366217494594
                                                                                  21777575691554580553372688074856924781251306765810157426323809402870096137813395400252985366217494594
                                                                                130665454149327483320236128449141548687507840594860944557942856417220576826880372401517912197304967564
                                                                               130665454149327483320236128449141548687507840594860944557942856417220576826880372401517912197304967564
                                                                              195998181223991224980354192673712323031261760892291416836914284625830865240320558602276868295957451346
                                                                              65332727074663741660118064224570774343753920297430472278971428208610288413440186200758956098652483782
                                                                            108887878457772902766863440374284623906256533829050787131619047014350480689066977001264926831087472970
                                                                           152443029840882063873608816523998473468759147360671101984266665820090672964693767801770897563522462158
                                                                           43555151383109161106745376149713849562502613531620314852647618805740192275626790800505970732434989188
                                                                          21777575691554580553372688074856924781251306765810157426323809402870096137813395400252985366217494594
                                                                        195998181223991224980354192673712323031261760892291416836914284625830865240320558602276868295957451346
                                                                        21777575691554580553372688074856924781251306765810157426323809402870096137813395400252985366217494594
                                                                      152443029840882063873608816523998473468759147360671101984266665820090672964693767801770897563522462158
                                                                     108887878457772902766863440374284623906256533829050787131619047014350480689066977001264926831087472970
                                                                                                                                                                         0
                                                                    43555151383109161106745376149713849562502613531620314852647618805740192275626790800505970732434989188
                                                                   21777575691554580553372688074856924781251306765810157426323809402870096137813395400252985366217494594
                                                                 130665454149327483320236128449141548687507840594860944557942856417220576826880372401517912197304967564
                                                                 87110302766218322213490752299427699125005227063240629705295237611480384551253581601011941464869978376
                                                               108887878457772902766863440374284623906256533829050787131619047014350480689066977001264926831087472970
                                                              130665454149327483320236128449141548687507840594860944557942856417220576826880372401517912197304967564
                                                             195998181223991224980354192673712323031261760892291416836914284625830865240320558602276868295957451346
                                                            174220605532436644426981504598855398250010454126481259410590475222960769102507163202023882929739956752
                                                            87110302766218322213490752299427699125005227063240629705295237611480384551253581601011941464869978376
                                                           65332727074663741660118064224570774343753920297430472278971428208610288413440186200758956098652483782
                                                         195998181223991224980354192673712323031261760892291416836914284625830865240320558602276868295957451346
                                                         87110302766218322213490752299427699125005227063240629705295237611480384551253581601011941464869978376
                                                       174220605532436644426981504598855398250010454126481259410590475222960769102507163202023882929739956752
                                                       87110302766218322213490752299427699125005227063240629705295237611480384551253581601011941464869978376
                                                      65332727074663741660118064224570774343753920297430472278971428208610288413440186200758956098652483782
                                                    174220605532436644426981504598855398250010454126481259410590475222960769102507163202023882929739956752
                                                    87110302766218322213490752299427699125005227063240629705295237611480384551253581601011941464869978376
                                                   43555151383109161106745376149713849562502613531620314852647618805740192275626790800505970732434989188
                                                  65332727074663741660118064224570774343753920297430472278971428208610288413440186200758956098652483782
                                                 21777575691554580553372688074856924781251306765810157426323809402870096137813395400252985366217494594
                                                21777575691554580553372688074856924781251306765810157426323809402870096137813395400252985366217494594
                                                                                                                                                   0
                                              87110302766218322213490752299427699125005227063240629705295237611480384551253581601011941464869978376
                                            174220605532436644426981504598855398250010454126481259410590475222960769102507163202023882929739956752
                                            21777575691554580553372688074856924781251306765810157426323809402870096137813395400252985366217494594
                                           65332727074663741660118064224570774343753920297430472278971428208610288413440186200758956098652483782
                                          65332727074663741660118064224570774343753920297430472278971428208610288413440186200758956098652483782
                                         21777575691554580553372688074856924781251306765810157426323809402870096137813395400252985366217494594
                                       108887878457772902766863440374284623906256533829050787131619047014350480689066977001264926831087472970
                                       87110302766218322213490752299427699125005227063240629705295237611480384551253581601011941464869978376
                                      65332727074663741660118064224570774343753920297430472278971428208610288413440186200758956098652483782
                                    152443029840882063873608816523998473468759147360671101984266665820090672964693767801770897563522462158
                                   130665454149327483320236128449141548687507840594860944557942856417220576826880372401517912197304967564
                                                                                                                                       0
                                 108887878457772902766863440374284623906256533829050787131619047014350480689066977001264926831087472970
                                152443029840882063873608816523998473468759147360671101984266665820090672964693767801770897563522462158
                                21777575691554580553372688074856924781251306765810157426323809402870096137813395400252985366217494594
                              130665454149327483320236128449141548687507840594860944557942856417220576826880372401517912197304967564
                             195998181223991224980354192673712323031261760892291416836914284625830865240320558602276868295957451346
                                                                                                                                 0
                            87110302766218322213490752299427699125005227063240629705295237611480384551253581601011941464869978376
                           87110302766218322213490752299427699125005227063240629705295237611480384551253581601011941464869978376
                                                                                                                              0
                        195998181223991224980354192673712323031261760892291416836914284625830865240320558602276868295957451346
                                                                                                                            0
                       21777575691554580553372688074856924781251306765810157426323809402870096137813395400252985366217494594
                     108887878457772902766863440374284623906256533829050787131619047014350480689066977001264926831087472970
                     65332727074663741660118064224570774343753920297430472278971428208610288413440186200758956098652483782
                                                                                                                        0
                   43555151383109161106745376149713849562502613531620314852647618805740192275626790800505970732434989188
                 130665454149327483320236128449141548687507840594860944557942856417220576826880372401517912197304967564
                 65332727074663741660118064224570774343753920297430472278971428208610288413440186200758956098652483782
               195998181223991224980354192673712323031261760892291416836914284625830865240320558602276868295957451346
                                                                                                                   0
              87110302766218322213490752299427699125005227063240629705295237611480384551253581601011941464869978376
            195998181223991224980354192673712323031261760892291416836914284625830865240320558602276868295957451346
           174220605532436644426981504598855398250010454126481259410590475222960769102507163202023882929739956752
          195998181223991224980354192673712323031261760892291416836914284625830865240320558602276868295957451346
         152443029840882063873608816523998473468759147360671101984266665820090672964693767801770897563522462158
        152443029840882063873608816523998473468759147360671101984266665820090672964693767801770897563522462158
       174220605532436644426981504598855398250010454126481259410590475222960769102507163202023882929739956752
       43555151383109161106745376149713849562502613531620314852647618805740192275626790800505970732434989188
      43555151383109161106745376149713849562502613531620314852647618805740192275626790800505970732434989188
    174220605532436644426981504598855398250010454126481259410590475222960769102507163202023882929739956752
   195998181223991224980354192673712323031261760892291416836914284625830865240320558602276868295957451346
  174220605532436644426981504598855398250010454126481259410590475222960769102507163202023882929739956752
 152443029840882063873608816523998473468759147360671101984266665820090672964693767801770897563522462158
 21777575691554580553372688074856924781251306765810157426323809402870096137813395400252985366217494594
43555151383109161106745376149713849562502613531620314852647618805740192275626790800505970732434989188
---------------------------------------------------------------------------------------------------------------------------------------------------------------------------------------------------------
474529517030982032307671834319255166362546046252264698877623653653790023152863423527326097451523575777125554308396270014831591302314906125313735540584382571523818888881122979126392451868213966106252638

