                                                                                                     35364470404369981336716400840743379726766203101234816557542617954927503224545768250915679931636129880
                                                                                                    *30275623315914160960286657846648675247588180596683611276061626594128987895844413874902618781431853642
                                                                                                    ------------------------------------------------------------------------------------------------------
                                                                                                     70728940808739962673432801681486759453532406202469633115085235909855006449091536501831359863272259760
                                                                                                   141457881617479925346865603362973518907064812404939266230170471819710012898183073003662719726544519520
                                                                                                  212186822426219888020298405044460278360597218607408899345255707729565019347274609505494079589816779280
                                                                                                 106093411213109944010149202522230139180298609303704449672627853864782509673637304752747039794908389640
                                                                                                176822352021849906683582004203716898633831015506174082787713089774637516122728841254578399658180649400
                                                                                               282915763234959850693731206725947037814129624809878532460340943639420025796366146007325439453089039040
                                                                                               35364470404369981336716400840743379726766203101234816557542617954927503224545768250915679931636129880
                                                                                             106093411213109944010149202522230139180298609303704449672627853864782509673637304752747039794908389640
                                                                                            141457881617479925346865603362973518907064812404939266230170471819710012898183073003662719726544519520
                                                                                            35364470404369981336716400840743379726766203101234816557542617954927503224545768250915679931636129880
                                                                                          282915763234959850693731206725947037814129624809878532460340943639420025796366146007325439453089039040
                                                                                         247551292830589869357014805885203658087363421708643715902798325684492522571820377756409759521452909160
                                                                                        282915763234959850693731206725947037814129624809878532460340943639420025796366146007325439453089039040
                                                                                        35364470404369981336716400840743379726766203101234816557542617954927503224545768250915679931636129880
                                                                                      212186822426219888020298405044460278360597218607408899345255707729565019347274609505494079589816779280
                                                                                      70728940808739962673432801681486759453532406202469633115085235909855006449091536501831359863272259760
                                                                                                                                                                                         0
                                                                                   318280233639329832030447607566690417540895827911113349017883561594347529020911914258241119384725168920
                                                                                  141457881617479925346865603362973518907064812404939266230170471819710012898183073003662719726544519520
                                                                                 247551292830589869357014805885203658087363421708643715902798325684492522571820377756409759521452909160
                                                                                282915763234959850693731206725947037814129624809878532460340943639420025796366146007325439453089039040
                                                                               106093411213109944010149202522230139180298609303704449672627853864782509673637304752747039794908389640
                                                                               35364470404369981336716400840743379726766203101234816557542617954927503224545768250915679931636129880
                                                                             141457881617479925346865603362973518907064812404939266230170471819710012898183073003662719726544519520
                                                                            141457881617479925346865603362973518907064812404939266230170471819710012898183073003662719726544519520
                                                                           141457881617479925346865603362973518907064812404939266230170471819710012898183073003662719726544519520
                                                                          282915763234959850693731206725947037814129624809878532460340943639420025796366146007325439453089039040
                                                                         176822352021849906683582004203716898633831015506174082787713089774637516122728841254578399658180649400
                                                                        318280233639329832030447607566690417540895827911113349017883561594347529020911914258241119384725168920
                                                                       282915763234959850693731206725947037814129624809878532460340943639420025796366146007325439453089039040
                                                                      247551292830589869357014805885203658087363421708643715902798325684492522571820377756409759521452909160
                                                                     282915763234959850693731206725947037814129624809878532460340943639420025796366146007325439453089039040
                                                                    318280233639329832030447607566690417540895827911113349017883561594347529020911914258241119384725168920
                                                                   282915763234959850693731206725947037814129624809878532460340943639420025796366146007325439453089039040
                                                                   70728940808739962673432801681486759453532406202469633115085235909855006449091536501831359863272259760
                                                                  35364470404369981336716400840743379726766203101234816557542617954927503224545768250915679931636129880
                                                                141457881617479925346865603362973518907064812404939266230170471819710012898183073003662719726544519520
                                                               318280233639329832030447607566690417540895827911113349017883561594347529020911914258241119384725168920
                                                              176822352021849906683582004203716898633831015506174082787713089774637516122728841254578399658180649400
                                                             212186822426219888020298405044460278360597218607408899345255707729565019347274609505494079589816779280
                                                             70728940808739962673432801681486759453532406202469633115085235909855006449091536501831359863272259760
                                                           212186822426219888020298405044460278360597218607408899345255707729565019347274609505494079589816779280
                                                           35364470404369981336716400840743379726766203101234816557542617954927503224545768250915679931636129880
                                                         212186822426219888020298405044460278360597218607408899345255707729565019347274609505494079589816779280
                                                                                                                                                             0
                                                       212186822426219888020298405044460278360597218607408899345255707729565019347274609505494079589816779280
                                                      247551292830589869357014805885203658087363421708643715902798325684492522571820377756409759521452909160
                                                      70728940808739962673432801681486759453532406202469633115085235909855006449091536501831359863272259760
                                                     35364470404369981336716400840743379726766203101234816557542617954927503224545768250915679931636129880
                                                    35364470404369981336716400840743379726766203101234816557542617954927503224545768250915679931636129880
                                                  212186822426219888020298405044460278360597218607408899345255707729565019347274609505494079589816779280
                                                 106093411213109944010149202522230139180298609303704449672627853864782509673637304752747039794908389640
                                                282915763234959850693731206725947037814129624809878532460340943639420025796366146007325439453089039040
                                               212186822426219888020298405044460278360597218607408899345255707729565019347274609505494079589816779280
                                              212186822426219888020298405044460278360597218607408899345255707729565019347274609505494079589816779280
                                             318280233639329832030447607566690417540895827911113349017883561594347529020911914258241119384725168920
                                            176822352021849906683582004203716898633831015506174082787713089774637516122728841254578399658180649400
                                                                                                                                                0
                                          282915763234959850693731206725947037814129624809878532460340943639420025796366146007325439453089039040
                                          35364470404369981336716400840743379726766203101234816557542617954927503224545768250915679931636129880
                                        282915763234959850693731206725947037814129624809878532460340943639420025796366146007325439453089039040
                                       282915763234959850693731206725947037814129624809878532460340943639420025796366146007325439453089039040
                                      176822352021849906683582004203716898633831015506174082787713089774637516122728841254578399658180649400
                                     247551292830589869357014805885203658087363421708643715902798325684492522571820377756409759521452909160
                                    141457881617479925346865603362973518907064812404939266230170471819710012898183073003662719726544519520
                                    70728940808739962673432801681486759453532406202469633115085235909855006449091536501831359863272259760
                                  176822352021849906683582004203716898633831015506174082787713089774637516122728841254578399658180649400
                                 247551292830589869357014805885203658087363421708643715902798325684492522571820377756409759521452909160
                                212186822426219888020298405044460278360597218607408899345255707729565019347274609505494079589816779280
                               282915763234959850693731206725947037814129624809878532460340943639420025796366146007325439453089039040
                              141457881617479925346865603362973518907064812404939266230170471819710012898183073003662719726544519520
                             212186822426219888020298405044460278360597218607408899345255707729565019347274609505494079589816779280
                            212186822426219888020298405044460278360597218607408899345255707729565019347274609505494079589816779280
                           141457881617479925346865603362973518907064812404939266230170471819710012898183073003662719726544519520
                          282915763234959850693731206725947037814129624809878532460340943639420025796366146007325439453089039040
                         247551292830589869357014805885203658087363421708643715902798325684492522571820377756409759521452909160
                        176822352021849906683582004203716898633831015506174082787713089774637516122728841254578399658180649400
                       212186822426219888020298405044460278360597218607408899345255707729565019347274609505494079589816779280
                      212186822426219888020298405044460278360597218607408899345255707729565019347274609505494079589816779280
                     282915763234959850693731206725947037814129624809878532460340943639420025796366146007325439453089039040
                     70728940808739962673432801681486759453532406202469633115085235909855006449091536501831359863272259760
                                                                                                                        0
                  212186822426219888020298405044460278360597218607408899345255707729565019347274609505494079589816779280
                 318280233639329832030447607566690417540895827911113349017883561594347529020911914258241119384725168920
                                                                                                                     0
               212186822426219888020298405044460278360597218607408899345255707729565019347274609505494079589816779280
               35364470404369981336716400840743379726766203101234816557542617954927503224545768250915679931636129880
             141457881617479925346865603362973518907064812404939266230170471819710012898183073003662719726544519520
             35364470404369981336716400840743379726766203101234816557542617954927503224545768250915679931636129880
           318280233639329832030447607566690417540895827911113349017883561594347529020911914258241119384725168920
          176822352021849906683582004203716898633831015506174082787713089774637516122728841254578399658180649400
          35364470404369981336716400840743379726766203101234816557542617954927503224545768250915679931636129880
        106093411213109944010149202522230139180298609303704449672627853864782509673637304752747039794908389640
       106093411213109944010149202522230139180298609303704449672627853864782509673637304752747039794908389640
       70728940808739962673432801681486759453532406202469633115085235909855006449091536501831359863272259760
     212186822426219888020298405044460278360597218607408899345255707729565019347274609505494079589816779280
    176822352021849906683582004203716898633831015506174082787713089774637516122728841254578399658180649400
   247551292830589869357014805885203658087363421708643715902798325684492522571820377756409759521452909160
   70728940808739962673432801681486759453532406202469633115085235909855006449091536501831359863272259760
                                                                                                      0
106093411213109944010149202522230139180298609303704449672627853864782509673637304752747039794908389640
----------------------------------------------------------------------------------------------------------------------------------------------------------------------------------------------------------
1070681384729500103068893884104838121860322870295137482504933928297850082283270115377695116604689621419328424923605753531790573140486736382512292496781101885746535088421569158863428221226649987463022960

