                                                                                                     83
 *54314622824928347037559900258982424987169562396109955856971770022410227283413033028603391578570721744
 ------------------------------------------------------------------------------------------------------
                                                                                                    332
                                                                                                   332
                                                                                                  581
                                                                                                  83
                                                                                                166
                                                                                               581
                                                                                                0
                                                                                             581
                                                                                            415
                                                                                           664
                                                                                          581
                                                                                         415
                                                                                         83
                                                                                       747
                                                                                      249
                                                                                     249
                                                                                      0
                                                                                   498
                                                                                  664
                                                                                 166
                                                                                  0
                                                                               249
                                                                              249
                                                                               0
                                                                            249
                                                                            83
                                                                          332
                                                                         249
                                                                        664
                                                                       166
                                                                      581
                                                                     166
                                                                    166
                                                                     0
                                                                   83
                                                                 332
                                                                166
                                                               166
                                                                0
                                                               0
                                                            581
                                                           581
                                                           83
                                                         581
                                                        747
                                                       498
                                                      415
                                                     664
                                                    415
                                                   415
                                                  747
                                                 747
                                                  0
                                                83
                                              498
                                             747
                                            249
                                           166
                                          498
                                         415
                                        747
                                       498
                                       83
                                     581
                                    664
                                   747
                                  332
                                 166
                                332
                               166
                              664
                             747
                            664
                           415
                          166
                           0
                          0
                       747
                      747
                     415
                    415
                   581
                  249
                   0
                581
               332
              249
             664
            166
           747
          332
         166
        664
       166
      166
     498
    332
    83
  249
 332
415
-------------------------------------------------------------------------------------------------------
4508113694469052804117471721495541273935073678877126336128656911860048864523281741374081501021369904752

