                                                                                                     87596500635507160756379964538616375025198658475551299185648409147640259125063628747766221071085750785
                                                                                                    *70731468655132795005825673270137211357122735015516198766094008829965777951552114724690309800693699167
                                                                                                    ------------------------------------------------------------------------------------------------------
                                                                                                    613175504448550125294659751770314625176390609328859094299538864033481813875445401234363547497600255495
                                                                                                   525579003813042964538279787231698250151191950853307795113890454885841554750381772486597326426514504710
                                                                                                   87596500635507160756379964538616375025198658475551299185648409147640259125063628747766221071085750785
                                                                                                 788368505719564446807419680847547375226787926279961692670835682328762332125572658729895989639771757065
                                                                                                788368505719564446807419680847547375226787926279961692670835682328762332125572658729895989639771757065
                                                                                               525579003813042964538279787231698250151191950853307795113890454885841554750381772486597326426514504710
                                                                                              262789501906521482269139893615849125075595975426653897556945227442920777375190886243298663213257252355
                                                                                             788368505719564446807419680847547375226787926279961692670835682328762332125572658729895989639771757065
                                                                                            525579003813042964538279787231698250151191950853307795113890454885841554750381772486597326426514504710
                                                                                                                                                                                                0
                                                                                                                                                                                               0
                                                                                         700772005084057286051039716308931000201589267804410393485187273181122073000509029982129768568686006280
                                                                                        788368505719564446807419680847547375226787926279961692670835682328762332125572658729895989639771757065
                                                                                                                                                                                            0
                                                                                      262789501906521482269139893615849125075595975426653897556945227442920777375190886243298663213257252355
                                                                                                                                                                                          0
                                                                                    788368505719564446807419680847547375226787926279961692670835682328762332125572658729895989639771757065
                                                                                   525579003813042964538279787231698250151191950853307795113890454885841554750381772486597326426514504710
                                                                                  350386002542028643025519858154465500100794633902205196742593636590561036500254514991064884284343003140
                                                                                 175193001271014321512759929077232750050397316951102598371296818295280518250127257495532442142171501570
                                                                                613175504448550125294659751770314625176390609328859094299538864033481813875445401234363547497600255495
                                                                               350386002542028643025519858154465500100794633902205196742593636590561036500254514991064884284343003140
                                                                               87596500635507160756379964538616375025198658475551299185648409147640259125063628747766221071085750785
                                                                              87596500635507160756379964538616375025198658475551299185648409147640259125063628747766221071085750785
                                                                            175193001271014321512759929077232750050397316951102598371296818295280518250127257495532442142171501570
                                                                           437982503177535803781899822693081875125993292377756495928242045738201295625318143738831105355428753925
                                                                          437982503177535803781899822693081875125993292377756495928242045738201295625318143738831105355428753925
                                                                          87596500635507160756379964538616375025198658475551299185648409147640259125063628747766221071085750785
                                                                        437982503177535803781899822693081875125993292377756495928242045738201295625318143738831105355428753925
                                                                       788368505719564446807419680847547375226787926279961692670835682328762332125572658729895989639771757065
                                                                      613175504448550125294659751770314625176390609328859094299538864033481813875445401234363547497600255495
                                                                     613175504448550125294659751770314625176390609328859094299538864033481813875445401234363547497600255495
                                                                    613175504448550125294659751770314625176390609328859094299538864033481813875445401234363547497600255495
                                                                   437982503177535803781899822693081875125993292377756495928242045738201295625318143738831105355428753925
                                                                  525579003813042964538279787231698250151191950853307795113890454885841554750381772486597326426514504710
                                                                 788368505719564446807419680847547375226787926279961692670835682328762332125572658729895989639771757065
                                                                788368505719564446807419680847547375226787926279961692670835682328762332125572658729895989639771757065
                                                               175193001271014321512759929077232750050397316951102598371296818295280518250127257495532442142171501570
                                                              700772005084057286051039716308931000201589267804410393485187273181122073000509029982129768568686006280
                                                             700772005084057286051039716308931000201589267804410393485187273181122073000509029982129768568686006280
                                                                                                                                                                 0
                                                                                                                                                                0
                                                          350386002542028643025519858154465500100794633902205196742593636590561036500254514991064884284343003140
                                                         788368505719564446807419680847547375226787926279961692670835682328762332125572658729895989639771757065
                                                                                                                                                             0
                                                       525579003813042964538279787231698250151191950853307795113890454885841554750381772486597326426514504710
                                                      525579003813042964538279787231698250151191950853307795113890454885841554750381772486597326426514504710
                                                     613175504448550125294659751770314625176390609328859094299538864033481813875445401234363547497600255495
                                                    700772005084057286051039716308931000201589267804410393485187273181122073000509029982129768568686006280
                                                   788368505719564446807419680847547375226787926279961692670835682328762332125572658729895989639771757065
                                                   87596500635507160756379964538616375025198658475551299185648409147640259125063628747766221071085750785
                                                 525579003813042964538279787231698250151191950853307795113890454885841554750381772486597326426514504710
                                                 87596500635507160756379964538616375025198658475551299185648409147640259125063628747766221071085750785
                                               437982503177535803781899822693081875125993292377756495928242045738201295625318143738831105355428753925
                                              437982503177535803781899822693081875125993292377756495928242045738201295625318143738831105355428753925
                                              87596500635507160756379964538616375025198658475551299185648409147640259125063628747766221071085750785
                                                                                                                                                 0
                                           437982503177535803781899822693081875125993292377756495928242045738201295625318143738831105355428753925
                                          262789501906521482269139893615849125075595975426653897556945227442920777375190886243298663213257252355
                                         613175504448550125294659751770314625176390609328859094299538864033481813875445401234363547497600255495
                                        175193001271014321512759929077232750050397316951102598371296818295280518250127257495532442142171501570
                                       175193001271014321512759929077232750050397316951102598371296818295280518250127257495532442142171501570
                                       87596500635507160756379964538616375025198658475551299185648409147640259125063628747766221071085750785
                                     613175504448550125294659751770314625176390609328859094299538864033481813875445401234363547497600255495
                                    437982503177535803781899822693081875125993292377756495928242045738201295625318143738831105355428753925
                                   262789501906521482269139893615849125075595975426653897556945227442920777375190886243298663213257252355
                                   87596500635507160756379964538616375025198658475551299185648409147640259125063628747766221071085750785
                                  87596500635507160756379964538616375025198658475551299185648409147640259125063628747766221071085750785
                                175193001271014321512759929077232750050397316951102598371296818295280518250127257495532442142171501570
                               613175504448550125294659751770314625176390609328859094299538864033481813875445401234363547497600255495
                              262789501906521482269139893615849125075595975426653897556945227442920777375190886243298663213257252355
                              87596500635507160756379964538616375025198658475551299185648409147640259125063628747766221071085750785
                                                                                                                                 0
                           613175504448550125294659751770314625176390609328859094299538864033481813875445401234363547497600255495
                          175193001271014321512759929077232750050397316951102598371296818295280518250127257495532442142171501570
                         262789501906521482269139893615849125075595975426653897556945227442920777375190886243298663213257252355
                        613175504448550125294659751770314625176390609328859094299538864033481813875445401234363547497600255495
                       525579003813042964538279787231698250151191950853307795113890454885841554750381772486597326426514504710
                      437982503177535803781899822693081875125993292377756495928242045738201295625318143738831105355428753925
                     175193001271014321512759929077232750050397316951102598371296818295280518250127257495532442142171501570
                    700772005084057286051039716308931000201589267804410393485187273181122073000509029982129768568686006280
                   437982503177535803781899822693081875125993292377756495928242045738201295625318143738831105355428753925
                                                                                                                       0
                                                                                                                      0
                437982503177535803781899822693081875125993292377756495928242045738201295625318143738831105355428753925
               788368505719564446807419680847547375226787926279961692670835682328762332125572658729895989639771757065
              613175504448550125294659751770314625176390609328859094299538864033481813875445401234363547497600255495
             175193001271014321512759929077232750050397316951102598371296818295280518250127257495532442142171501570
            262789501906521482269139893615849125075595975426653897556945227442920777375190886243298663213257252355
            87596500635507160756379964538616375025198658475551299185648409147640259125063628747766221071085750785
          437982503177535803781899822693081875125993292377756495928242045738201295625318143738831105355428753925
         437982503177535803781899822693081875125993292377756495928242045738201295625318143738831105355428753925
        525579003813042964538279787231698250151191950853307795113890454885841554750381772486597326426514504710
       700772005084057286051039716308931000201589267804410393485187273181122073000509029982129768568686006280
      525579003813042964538279787231698250151191950853307795113890454885841554750381772486597326426514504710
     350386002542028643025519858154465500100794633902205196742593636590561036500254514991064884284343003140
     87596500635507160756379964538616375025198658475551299185648409147640259125063628747766221071085750785
   262789501906521482269139893615849125075595975426653897556945227442920777375190886243298663213257252355
  613175504448550125294659751770314625176390609328859094299538864033481813875445401234363547497600255495
                                                                                                      0
613175504448550125294659751770314625176390609328859094299538864033481813875445401234363547497600255495
----------------------------------------------------------------------------------------------------------------------------------------------------------------------------------------------------------
6195829138999694698880136318755630458598905507784407084607272708086591071457527890737549464672508843577921307934399363758854193413718933541423161753691569710605391585484973808652729414993226105124096095

