                                                                                                     62028330703173203294253613539226528451432740070499825287530562125061204489486535518136890946269775995
                                                                                                    *44339295650731100009571269918971314344809983193104151288189077118643133121430851266484202100822796000
                                                                                                    ------------------------------------------------------------------------------------------------------
                                                                                                                                                                                                         0
                                                                                                                                                                                                        0
                                                                                                                                                                                                       0
                                                                                                 372169984219039219765521681235359170708596440422998951725183372750367226936919213108821345677618655970
                                                                                                558254976328558829648282521853038756062894660634498427587775059125550840405378819663232018516427983955
                                                                                               434198314922212423059775294774585699160029180493498777012713934875428431426405748626958236623888431965
                                                                                              124056661406346406588507227078453056902865480140999650575061124250122408978973071036273781892539551990
                                                                                             124056661406346406588507227078453056902865480140999650575061124250122408978973071036273781892539551990
                                                                                            496226645625385626354028908313812227611461920563998602300244497000489635915892284145095127570158207960
                                                                                                                                                                                                0
                                                                                                                                                                                               0
                                                                                          62028330703173203294253613539226528451432740070499825287530562125061204489486535518136890946269775995
                                                                                        124056661406346406588507227078453056902865480140999650575061124250122408978973071036273781892539551990
                                                                                                                                                                                            0
                                                                                      124056661406346406588507227078453056902865480140999650575061124250122408978973071036273781892539551990
                                                                                     248113322812692813177014454156906113805730960281999301150122248500244817957946142072547563785079103980
                                                                                    496226645625385626354028908313812227611461920563998602300244497000489635915892284145095127570158207960
                                                                                   248113322812692813177014454156906113805730960281999301150122248500244817957946142072547563785079103980
                                                                                  372169984219039219765521681235359170708596440422998951725183372750367226936919213108821345677618655970
                                                                                 372169984219039219765521681235359170708596440422998951725183372750367226936919213108821345677618655970
                                                                                124056661406346406588507227078453056902865480140999650575061124250122408978973071036273781892539551990
                                                                                62028330703173203294253613539226528451432740070499825287530562125061204489486535518136890946269775995
                                                                              310141653515866016471268067696132642257163700352499126437652810625306022447432677590684454731348879975
                                                                             496226645625385626354028908313812227611461920563998602300244497000489635915892284145095127570158207960
                                                                                                                                                                                 0
                                                                           186084992109519609882760840617679585354298220211499475862591686375183613468459606554410672838809327985
                                                                          248113322812692813177014454156906113805730960281999301150122248500244817957946142072547563785079103980
                                                                          62028330703173203294253613539226528451432740070499825287530562125061204489486535518136890946269775995
                                                                        124056661406346406588507227078453056902865480140999650575061124250122408978973071036273781892539551990
                                                                        62028330703173203294253613539226528451432740070499825287530562125061204489486535518136890946269775995
                                                                      186084992109519609882760840617679585354298220211499475862591686375183613468459606554410672838809327985
                                                                     186084992109519609882760840617679585354298220211499475862591686375183613468459606554410672838809327985
                                                                     62028330703173203294253613539226528451432740070499825287530562125061204489486535518136890946269775995
                                                                   186084992109519609882760840617679585354298220211499475862591686375183613468459606554410672838809327985
                                                                  248113322812692813177014454156906113805730960281999301150122248500244817957946142072547563785079103980
                                                                 372169984219039219765521681235359170708596440422998951725183372750367226936919213108821345677618655970
                                                                496226645625385626354028908313812227611461920563998602300244497000489635915892284145095127570158207960
                                                                62028330703173203294253613539226528451432740070499825287530562125061204489486535518136890946269775995
                                                               62028330703173203294253613539226528451432740070499825287530562125061204489486535518136890946269775995
                                                             434198314922212423059775294774585699160029180493498777012713934875428431426405748626958236623888431965
                                                            434198314922212423059775294774585699160029180493498777012713934875428431426405748626958236623888431965
                                                                                                                                                                0
                                                          558254976328558829648282521853038756062894660634498427587775059125550840405378819663232018516427983955
                                                         496226645625385626354028908313812227611461920563998602300244497000489635915892284145095127570158207960
                                                         62028330703173203294253613539226528451432740070499825287530562125061204489486535518136890946269775995
                                                       496226645625385626354028908313812227611461920563998602300244497000489635915892284145095127570158207960
                                                      496226645625385626354028908313812227611461920563998602300244497000489635915892284145095127570158207960
                                                     124056661406346406588507227078453056902865480140999650575061124250122408978973071036273781892539551990
                                                     62028330703173203294253613539226528451432740070499825287530562125061204489486535518136890946269775995
                                                   310141653515866016471268067696132642257163700352499126437652810625306022447432677590684454731348879975
                                                   62028330703173203294253613539226528451432740070499825287530562125061204489486535518136890946269775995
                                                 248113322812692813177014454156906113805730960281999301150122248500244817957946142072547563785079103980
                                                                                                                                                     0
                                                62028330703173203294253613539226528451432740070499825287530562125061204489486535518136890946269775995
                                              186084992109519609882760840617679585354298220211499475862591686375183613468459606554410672838809327985
                                             558254976328558829648282521853038756062894660634498427587775059125550840405378819663232018516427983955
                                             62028330703173203294253613539226528451432740070499825287530562125061204489486535518136890946269775995
                                           186084992109519609882760840617679585354298220211499475862591686375183613468459606554410672838809327985
                                          496226645625385626354028908313812227611461920563998602300244497000489635915892284145095127570158207960
                                         558254976328558829648282521853038756062894660634498427587775059125550840405378819663232018516427983955
                                        558254976328558829648282521853038756062894660634498427587775059125550840405378819663232018516427983955
                                                                                                                                            0
                                      496226645625385626354028908313812227611461920563998602300244497000489635915892284145095127570158207960
                                     248113322812692813177014454156906113805730960281999301150122248500244817957946142072547563785079103980
                                    248113322812692813177014454156906113805730960281999301150122248500244817957946142072547563785079103980
                                   186084992109519609882760840617679585354298220211499475862591686375183613468459606554410672838809327985
                                  248113322812692813177014454156906113805730960281999301150122248500244817957946142072547563785079103980
                                  62028330703173203294253613539226528451432740070499825287530562125061204489486535518136890946269775995
                                186084992109519609882760840617679585354298220211499475862591686375183613468459606554410672838809327985
                                62028330703173203294253613539226528451432740070499825287530562125061204489486535518136890946269775995
                              434198314922212423059775294774585699160029180493498777012713934875428431426405748626958236623888431965
                             558254976328558829648282521853038756062894660634498427587775059125550840405378819663232018516427983955
                            496226645625385626354028908313812227611461920563998602300244497000489635915892284145095127570158207960
                            62028330703173203294253613539226528451432740070499825287530562125061204489486535518136890946269775995
                          558254976328558829648282521853038756062894660634498427587775059125550840405378819663232018516427983955
                         558254976328558829648282521853038756062894660634498427587775059125550840405378819663232018516427983955
                        372169984219039219765521681235359170708596440422998951725183372750367226936919213108821345677618655970
                       124056661406346406588507227078453056902865480140999650575061124250122408978973071036273781892539551990
                       62028330703173203294253613539226528451432740070499825287530562125061204489486535518136890946269775995
                     434198314922212423059775294774585699160029180493498777012713934875428431426405748626958236623888431965
                    310141653515866016471268067696132642257163700352499126437652810625306022447432677590684454731348879975
                   558254976328558829648282521853038756062894660634498427587775059125550840405378819663232018516427983955
                                                                                                                       0
                                                                                                                      0
                                                                                                                     0
                                                                                                                    0
               62028330703173203294253613539226528451432740070499825287530562125061204489486535518136890946269775995
              62028330703173203294253613539226528451432740070499825287530562125061204489486535518136890946269775995
            186084992109519609882760840617679585354298220211499475862591686375183613468459606554410672838809327985
           434198314922212423059775294774585699160029180493498777012713934875428431426405748626958236623888431965
                                                                                                               0
         310141653515866016471268067696132642257163700352499126437652810625306022447432677590684454731348879975
        372169984219039219765521681235359170708596440422998951725183372750367226936919213108821345677618655970
       310141653515866016471268067696132642257163700352499126437652810625306022447432677590684454731348879975
      558254976328558829648282521853038756062894660634498427587775059125550840405378819663232018516427983955
     124056661406346406588507227078453056902865480140999650575061124250122408978973071036273781892539551990
    558254976328558829648282521853038756062894660634498427587775059125550840405378819663232018516427983955
   186084992109519609882760840617679585354298220211499475862591686375183613468459606554410672838809327985
  186084992109519609882760840617679585354298220211499475862591686375183613468459606554410672838809327985
 248113322812692813177014454156906113805730960281999301150122248500244817957946142072547563785079103980
248113322812692813177014454156906113805730960281999301150122248500244817957946142072547563785079103980
----------------------------------------------------------------------------------------------------------------------------------------------------------------------------------------------------------
2750292493769317967192244741508323209420339200599145542305230150828855986744724071537336462324710415983188175819221718042506889953616814585287681869402696189685219407877535521817933696335576109582020000

