                                                           718250220256413
              *75612603145021108381984196751888340610935538658596685004779
              ------------------------------------------------------------
                                                          6464251982307717
                                                         5027751541794891
                                                        5027751541794891
                                                       2873000881025652
                                                                     0
                                                                    0
                                                    3591251101282065
                                                   5746001762051304
                                                  4309501321538478
                                                 4309501321538478
                                                6464251982307717
                                               3591251101282065
                                              5746001762051304
                                             3591251101282065
                                            4309501321538478
                                           5746001762051304
                                          2154750660769239
                                         3591251101282065
                                        3591251101282065
                                       2154750660769239
                                      6464251982307717
                                                    0
                                     718250220256413
                                   4309501321538478
                                                 0
                                 2873000881025652
                                2154750660769239
                               5746001762051304
                              5746001762051304
                             5746001762051304
                             718250220256413
                           3591251101282065
                          5027751541794891
                         4309501321538478
                        6464251982307717
                        718250220256413
                      2873000881025652
                     5746001762051304
                    6464251982307717
                    718250220256413
                  5746001762051304
                 2154750660769239
                5746001762051304
                              0
               718250220256413
              718250220256413
            1436500440512826
                          0
          3591251101282065
         2873000881025652
         718250220256413
       2154750660769239
                     0
     4309501321538478
    1436500440512826
    718250220256413
  4309501321538478
 3591251101282065
5027751541794891
--------------------------------------------------------------------------
54308768863072157410228290817116799900981330128427388170019969593510397727

