     51181175451012986787261105715600818935571782971659476586167637619513170249546612659218825688459301
                                                                                                 *71874
    ---------------------------------------------------------------------------------------------------
    204724701804051947149044422862403275742287131886637906344670550478052680998186450636875302753837204
   358268228157090907510827740009205732549002480801616336103173463336592191746826288614531779819215107
  409449403608103894298088845724806551484574263773275812689341100956105361996372901273750605507674408
  51181175451012986787261105715600818935571782971659476586167637619513170249546612659218825688459301
358268228157090907510827740009205732549002480801616336103173463336592191746826288614531779819215107
-------------------------------------------------------------------------------------------------------
3678595804366107412347604712203093260175286329305053220154212786264889598515913238268693877532323800074

