                                                                                              5511920715819722656884108574441993195266747610975663184941386485705322007879867
                                                                              *5348422373769155961293390169037461213551927942438667907013017764895241333138382249049740152828
                                                                              -----------------------------------------------------------------------------------------------
                                                                                             44095365726557781255072868595535945562133980887805305479531091885642576063038936
                                                                                            11023841431639445313768217148883986390533495221951326369882772971410644015759734
                                                                                           44095365726557781255072868595535945562133980887805305479531091885642576063038936
                                                                                          11023841431639445313768217148883986390533495221951326369882772971410644015759734
                                                                                         27559603579098613284420542872209965976333738054878315924706932428526610039399335
                                                                                         5511920715819722656884108574441993195266747610975663184941386485705322007879867
                                                                                                                                                                      0
                                                                                      22047682863278890627536434297767972781066990443902652739765545942821288031519468
                                                                                     38583445010738058598188760021093952366867233276829642294589705399937254055159069
                                                                                    49607286442377503911956977169977938757400728498780968664472478371347898070918803
                                                                                   22047682863278890627536434297767972781066990443902652739765545942821288031519468
                                                                                                                                                                 0
                                                                                 49607286442377503911956977169977938757400728498780968664472478371347898070918803
                                                                                22047682863278890627536434297767972781066990443902652739765545942821288031519468
                                                                               11023841431639445313768217148883986390533495221951326369882772971410644015759734
                                                                              11023841431639445313768217148883986390533495221951326369882772971410644015759734
                                                                             44095365726557781255072868595535945562133980887805305479531091885642576063038936
                                                                            16535762147459167970652325723325979585800242832926989554824159457115966023639601
                                                                           44095365726557781255072868595535945562133980887805305479531091885642576063038936
                                                                          16535762147459167970652325723325979585800242832926989554824159457115966023639601
                                                                          5511920715819722656884108574441993195266747610975663184941386485705322007879867
                                                                        16535762147459167970652325723325979585800242832926989554824159457115966023639601
                                                                       16535762147459167970652325723325979585800242832926989554824159457115966023639601
                                                                      16535762147459167970652325723325979585800242832926989554824159457115966023639601
                                                                      5511920715819722656884108574441993195266747610975663184941386485705322007879867
                                                                    22047682863278890627536434297767972781066990443902652739765545942821288031519468
                                                                   11023841431639445313768217148883986390533495221951326369882772971410644015759734
                                                                  27559603579098613284420542872209965976333738054878315924706932428526610039399335
                                                                 49607286442377503911956977169977938757400728498780968664472478371347898070918803
                                                                44095365726557781255072868595535945562133980887805305479531091885642576063038936
                                                               22047682863278890627536434297767972781066990443902652739765545942821288031519468
                                                              33071524294918335941304651446651959171600485665853979109648318914231932047279202
                                                             38583445010738058598188760021093952366867233276829642294589705399937254055159069
                                                            38583445010738058598188760021093952366867233276829642294589705399937254055159069
                                                            5511920715819722656884108574441993195266747610975663184941386485705322007879867
                                                                                                                                         0
                                                         16535762147459167970652325723325979585800242832926989554824159457115966023639601
                                                         5511920715819722656884108574441993195266747610975663184941386485705322007879867
                                                                                                                                      0
                                                      38583445010738058598188760021093952366867233276829642294589705399937254055159069
                                                                                                                                    0
                                                    49607286442377503911956977169977938757400728498780968664472478371347898070918803
                                                   38583445010738058598188760021093952366867233276829642294589705399937254055159069
                                                  33071524294918335941304651446651959171600485665853979109648318914231932047279202
                                                 33071524294918335941304651446651959171600485665853979109648318914231932047279202
                                                44095365726557781255072868595535945562133980887805305479531091885642576063038936
                                               16535762147459167970652325723325979585800242832926989554824159457115966023639601
                                              22047682863278890627536434297767972781066990443902652739765545942821288031519468
                                             11023841431639445313768217148883986390533495221951326369882772971410644015759734
                                            22047682863278890627536434297767972781066990443902652739765545942821288031519468
                                           49607286442377503911956977169977938757400728498780968664472478371347898070918803
                                          38583445010738058598188760021093952366867233276829642294589705399937254055159069
                                         11023841431639445313768217148883986390533495221951326369882772971410644015759734
                                        49607286442377503911956977169977938757400728498780968664472478371347898070918803
                                        5511920715819722656884108574441993195266747610975663184941386485705322007879867
                                      27559603579098613284420542872209965976333738054878315924706932428526610039399335
                                     27559603579098613284420542872209965976333738054878315924706932428526610039399335
                                    16535762147459167970652325723325979585800242832926989554824159457115966023639601
                                    5511920715819722656884108574441993195266747610975663184941386485705322007879867
                                  11023841431639445313768217148883986390533495221951326369882772971410644015759734
                                  5511920715819722656884108574441993195266747610975663184941386485705322007879867
                                33071524294918335941304651446651959171600485665853979109648318914231932047279202
                               22047682863278890627536434297767972781066990443902652739765545942821288031519468
                              38583445010738058598188760021093952366867233276829642294589705399937254055159069
                             16535762147459167970652325723325979585800242832926989554824159457115966023639601
                                                                                                           0
                           49607286442377503911956977169977938757400728498780968664472478371347898070918803
                          33071524294918335941304651446651959171600485665853979109648318914231932047279202
                          5511920715819722656884108574441993195266747610975663184941386485705322007879867
                                                                                                       0
                       49607286442377503911956977169977938757400728498780968664472478371347898070918803
                      16535762147459167970652325723325979585800242832926989554824159457115966023639601
                     16535762147459167970652325723325979585800242832926989554824159457115966023639601
                    49607286442377503911956977169977938757400728498780968664472478371347898070918803
                   11023841431639445313768217148883986390533495221951326369882772971410644015759734
                   5511920715819722656884108574441993195266747610975663184941386485705322007879867
                 33071524294918335941304651446651959171600485665853979109648318914231932047279202
                49607286442377503911956977169977938757400728498780968664472478371347898070918803
               27559603579098613284420542872209965976333738054878315924706932428526610039399335
              27559603579098613284420542872209965976333738054878315924706932428526610039399335
              5511920715819722656884108574441993195266747610975663184941386485705322007879867
            49607286442377503911956977169977938757400728498780968664472478371347898070918803
           33071524294918335941304651446651959171600485665853979109648318914231932047279202
          38583445010738058598188760021093952366867233276829642294589705399937254055159069
         16535762147459167970652325723325979585800242832926989554824159457115966023639601
        38583445010738058598188760021093952366867233276829642294589705399937254055159069
       16535762147459167970652325723325979585800242832926989554824159457115966023639601
      11023841431639445313768217148883986390533495221951326369882772971410644015759734
     11023841431639445313768217148883986390533495221951326369882772971410644015759734
    22047682863278890627536434297767972781066990443902652739765545942821288031519468
   44095365726557781255072868595535945562133980887805305479531091885642576063038936
  22047682863278890627536434297767972781066990443902652739765545942821288031519468
 16535762147459167970652325723325979585800242832926989554824159457115966023639601
27559603579098613284420542872209965976333738054878315924706932428526610039399335
-----------------------------------------------------------------------------------------------------------------------------------------------------------------------------
29480080078931906369483238801151294835334677728035189311850998076520941682417172746258228894040956860651675217808024909526759812297098540563743239683519271325779404844313876

