                                                                                             2036
   *723500261653641250096697597701473724751917381507516276035716853235711812541791553181784355941
   ----------------------------------------------------------------------------------------------
                                                                                             2036
                                                                                            8144
                                                                                          18324
                                                                                         10180
                                                                                        10180
                                                                                        6108
                                                                                       8144
                                                                                     16288
                                                                                    14252
                                                                                    2036
                                                                                  16288
                                                                                  2036
                                                                                 6108
                                                                               10180
                                                                              10180
                                                                              2036
                                                                            18324
                                                                           14252
                                                                           2036
                                                                          8144
                                                                        10180
                                                                        4072
                                                                       2036
                                                                     16288
                                                                     2036
                                                                    2036
                                                                  14252
                                                                 10180
                                                                 6108
                                                                4072
                                                               6108
                                                             10180
                                                            16288
                                                           12216
                                                           2036
                                                         14252
                                                        10180
                                                        6108
                                                          0
                                                     12216
                                                    14252
                                                    4072
                                                  12216
                                                  2036
                                                10180
                                               14252
                                                  0
                                             10180
                                             2036
                                           16288
                                           6108
                                         14252
                                         2036
                                       18324
                                       2036
                                     10180
                                    14252
                                    8144
                                   4072
                                 14252
                                 6108
                               14252
                               8144
                              2036
                                0
                           14252
                          14252
                         18324
                        10180
                       14252
                      18324
                     12216
                    12216
                   18324
                      0
                     0
                10180
                4072
               2036
              8144
            12216
            6108
          10180
         12216
         2036
       12216
       4072
         0
        0
   10180
   6108
  4072
14252
-------------------------------------------------------------------------------------------------
1473046532726813585196876308920200503594903788749303138008719513187909250335087602278112948695876

