                                                                   653891994507700204033242635409265655745106
                                         *9869063106449185694850515261467443350770425334993389430966012857183
                                         --------------------------------------------------------------------
                                                                  1961675983523100612099727906227796967235318
                                                                 5231135956061601632265941083274125245960848
                                                                 653891994507700204033242635409265655745106
                                                               4577243961553901428232698447864859590215742
                                                              3269459972538501020166213177046328278725530
                                                             5231135956061601632265941083274125245960848
                                                            1307783989015400408066485270818531311490212
                                                            653891994507700204033242635409265655745106
                                                                                                    0
                                                         3923351967046201224199455812455593934470636
                                                        3923351967046201224199455812455593934470636
                                                       5885027950569301836299183718683390901705954
                                                                                                0
                                                     1961675983523100612099727906227796967235318
                                                    2615567978030800816132970541637062622980424
                                                   5885027950569301836299183718683390901705954
                                                  5231135956061601632265941083274125245960848
                                                 1961675983523100612099727906227796967235318
                                                1961675983523100612099727906227796967235318
                                               5885027950569301836299183718683390901705954
                                              5885027950569301836299183718683390901705954
                                             2615567978030800816132970541637062622980424
                                            1961675983523100612099727906227796967235318
                                           1961675983523100612099727906227796967235318
                                          3269459972538501020166213177046328278725530
                                         1307783989015400408066485270818531311490212
                                        2615567978030800816132970541637062622980424
                                                                                 0
                                      4577243961553901428232698447864859590215742
                                     4577243961553901428232698447864859590215742
                                                                              0
                                   3269459972538501020166213177046328278725530
                                  1961675983523100612099727906227796967235318
                                 1961675983523100612099727906227796967235318
                                2615567978030800816132970541637062622980424
                               2615567978030800816132970541637062622980424
                              4577243961553901428232698447864859590215742
                             3923351967046201224199455812455593934470636
                            2615567978030800816132970541637062622980424
                            653891994507700204033242635409265655745106
                          3923351967046201224199455812455593934470636
                         1307783989015400408066485270818531311490212
                        3269459972538501020166213177046328278725530
                        653891994507700204033242635409265655745106
                      3269459972538501020166213177046328278725530
                                                               0
                    3269459972538501020166213177046328278725530
                   5231135956061601632265941083274125245960848
                  2615567978030800816132970541637062622980424
                 5885027950569301836299183718683390901705954
                3923351967046201224199455812455593934470636
               3269459972538501020166213177046328278725530
              5231135956061601632265941083274125245960848
              653891994507700204033242635409265655745106
            5885027950569301836299183718683390901705954
           2615567978030800816132970541637062622980424
          2615567978030800816132970541637062622980424
         3923351967046201224199455812455593934470636
                                                  0
        653891994507700204033242635409265655745106
      1961675983523100612099727906227796967235318
     3923351967046201224199455812455593934470636
                                              0
   5885027950569301836299183718683390901705954
  3923351967046201224199455812455593934470636
 5231135956061601632265941083274125245960848
5885027950569301836299183718683390901705954
-------------------------------------------------------------------------------------------------------------
6453301358598417646443277915836591256421345088083978887187899352911269434500705313938608557287783925829196398

