                                                                                                    41
*12966993488105651691352906373793999589928748203363509799427807296155147912842279639509542232052777282
------------------------------------------------------------------------------------------------------
                                                                                                    82
                                                                                                  328
                                                                                                  82
                                                                                                287
                                                                                               287
                                                                                              287
                                                                                              82
                                                                                            205
                                                                                             0
                                                                                           82
                                                                                         123
                                                                                         82
                                                                                        82
                                                                                      164
                                                                                     205
                                                                                    369
                                                                                     0
                                                                                  205
                                                                                 369
                                                                                123
                                                                               246
                                                                              369
                                                                             287
                                                                             82
                                                                            82
                                                                          164
                                                                         328
                                                                         82
                                                                        41
                                                                      369
                                                                     287
                                                                    164
                                                                    41
                                                                  205
                                                                 205
                                                                 41
                                                               246
                                                              369
                                                              82
                                                            287
                                                             0
                                                          328
                                                         287
                                                         82
                                                       164
                                                      369
                                                     369
                                                    287
                                                   369
                                                    0
                                                 205
                                                123
                                               246
                                              123
                                             123
                                              0
                                            82
                                          328
                                         164
                                        287
                                       328
                                       82
                                     369
                                    369
                                   328
                                  205
                                 369
                                369
                               369
                              123
                             369
                            287
                           123
                          287
                         123
                        246
                         0
                      369
                      82
                    205
                   123
                   41
                 369
                246
                41
              205
             246
            205
             0
           41
         328
        328
       164
      123
     369
    369
   246
  246
 369
 82
41
------------------------------------------------------------------------------------------------------
531646733012331719345469161325553983187078676337903901776540099142361064426533465219891231514163868562

