                                                                                                    295356634513518319396587272272091627390741093824864412149467676739578543753046522974188134892476323
                                                                                                  *3786530686119083171306198675098376930099600508926066676543043881574683543504497003761325720118266634
                                                                                                  -----------------------------------------------------------------------------------------------------
                                                                                                   1181426538054073277586349089088366509562964375299457648597870706958314175012186091896752539569905292
                                                                                                   886069903540554958189761816816274882172223281474593236448403030218735631259139568922564404677428969
                                                                                                 1772139807081109916379523633632549764344446562949186472896806060437471262518279137845128809354857938
                                                                                                1772139807081109916379523633632549764344446562949186472896806060437471262518279137845128809354857938
                                                                                               1772139807081109916379523633632549764344446562949186472896806060437471262518279137845128809354857938
                                                                                               590713269027036638793174544544183254781482187649728824298935353479157087506093045948376269784952646
                                                                                             2362853076108146555172698178176733019125928750598915297195741413916628350024372183793505079139810584
                                                                                             295356634513518319396587272272091627390741093824864412149467676739578543753046522974188134892476323
                                                                                            295356634513518319396587272272091627390741093824864412149467676739578543753046522974188134892476323
                                                                                                                                                                                             0
                                                                                          590713269027036638793174544544183254781482187649728824298935353479157087506093045948376269784952646
                                                                                        2067496441594628235776110905904641391735187656774050885046273737177049806271325660819316944247334261
                                                                                       1476783172567591596982936361360458136953705469124322060747338383697892718765232614870940674462381615
                                                                                       590713269027036638793174544544183254781482187649728824298935353479157087506093045948376269784952646
                                                                                      886069903540554958189761816816274882172223281474593236448403030218735631259139568922564404677428969
                                                                                     295356634513518319396587272272091627390741093824864412149467676739578543753046522974188134892476323
                                                                                   1772139807081109916379523633632549764344446562949186472896806060437471262518279137845128809354857938
                                                                                  2067496441594628235776110905904641391735187656774050885046273737177049806271325660819316944247334261
                                                                                  886069903540554958189761816816274882172223281474593236448403030218735631259139568922564404677428969
                                                                                                                                                                                   0
                                                                                                                                                                                  0
                                                                              2067496441594628235776110905904641391735187656774050885046273737177049806271325660819316944247334261
                                                                             2658209710621664874569285450448824646516669844423779709345209090656206893777418706767693214032286907
                                                                            1181426538054073277586349089088366509562964375299457648597870706958314175012186091896752539569905292
                                                                           1181426538054073277586349089088366509562964375299457648597870706958314175012186091896752539569905292
                                                                                                                                                                             0
                                                                         1476783172567591596982936361360458136953705469124322060747338383697892718765232614870940674462381615
                                                                         886069903540554958189761816816274882172223281474593236448403030218735631259139568922564404677428969
                                                                       1181426538054073277586349089088366509562964375299457648597870706958314175012186091896752539569905292
                                                                      1476783172567591596982936361360458136953705469124322060747338383697892718765232614870940674462381615
                                                                      886069903540554958189761816816274882172223281474593236448403030218735631259139568922564404677428969
                                                                    2362853076108146555172698178176733019125928750598915297195741413916628350024372183793505079139810584
                                                                   1772139807081109916379523633632549764344446562949186472896806060437471262518279137845128809354857938
                                                                  1181426538054073277586349089088366509562964375299457648597870706958314175012186091896752539569905292
                                                                 2067496441594628235776110905904641391735187656774050885046273737177049806271325660819316944247334261
                                                                1476783172567591596982936361360458136953705469124322060747338383697892718765232614870940674462381615
                                                                295356634513518319396587272272091627390741093824864412149467676739578543753046522974188134892476323
                                                              2362853076108146555172698178176733019125928750598915297195741413916628350024372183793505079139810584
                                                             2362853076108146555172698178176733019125928750598915297195741413916628350024372183793505079139810584
                                                             886069903540554958189761816816274882172223281474593236448403030218735631259139568922564404677428969
                                                           1181426538054073277586349089088366509562964375299457648597870706958314175012186091896752539569905292
                                                                                                                                                             0
                                                          886069903540554958189761816816274882172223281474593236448403030218735631259139568922564404677428969
                                                        1181426538054073277586349089088366509562964375299457648597870706958314175012186091896752539569905292
                                                       1476783172567591596982936361360458136953705469124322060747338383697892718765232614870940674462381615
                                                      1772139807081109916379523633632549764344446562949186472896806060437471262518279137845128809354857938
                                                     2067496441594628235776110905904641391735187656774050885046273737177049806271325660819316944247334261
                                                    1772139807081109916379523633632549764344446562949186472896806060437471262518279137845128809354857938
                                                   1772139807081109916379523633632549764344446562949186472896806060437471262518279137845128809354857938
                                                  1772139807081109916379523633632549764344446562949186472896806060437471262518279137845128809354857938
                                                                                                                                                    0
                                                1772139807081109916379523633632549764344446562949186472896806060437471262518279137845128809354857938
                                                590713269027036638793174544544183254781482187649728824298935353479157087506093045948376269784952646
                                              2658209710621664874569285450448824646516669844423779709345209090656206893777418706767693214032286907
                                             2362853076108146555172698178176733019125928750598915297195741413916628350024372183793505079139810584
                                                                                                                                               0
                                           1476783172567591596982936361360458136953705469124322060747338383697892718765232614870940674462381615
                                                                                                                                             0
                                                                                                                                            0
                                        1772139807081109916379523633632549764344446562949186472896806060437471262518279137845128809354857938
                                       2658209710621664874569285450448824646516669844423779709345209090656206893777418706767693214032286907
                                      2658209710621664874569285450448824646516669844423779709345209090656206893777418706767693214032286907
                                                                                                                                        0
                                                                                                                                       0
                                    886069903540554958189761816816274882172223281474593236448403030218735631259139568922564404677428969
                                  2658209710621664874569285450448824646516669844423779709345209090656206893777418706767693214032286907
                                 1772139807081109916379523633632549764344446562949186472896806060437471262518279137845128809354857938
                                2067496441594628235776110905904641391735187656774050885046273737177049806271325660819316944247334261
                                886069903540554958189761816816274882172223281474593236448403030218735631259139568922564404677428969
                              2362853076108146555172698178176733019125928750598915297195741413916628350024372183793505079139810584
                             2658209710621664874569285450448824646516669844423779709345209090656206893777418706767693214032286907
                                                                                                                               0
                           1476783172567591596982936361360458136953705469124322060747338383697892718765232614870940674462381615
                          2067496441594628235776110905904641391735187656774050885046273737177049806271325660819316944247334261
                         1772139807081109916379523633632549764344446562949186472896806060437471262518279137845128809354857938
                        2362853076108146555172698178176733019125928750598915297195741413916628350024372183793505079139810584
                       2658209710621664874569285450448824646516669844423779709345209090656206893777418706767693214032286907
                       295356634513518319396587272272091627390741093824864412149467676739578543753046522974188134892476323
                     1772139807081109916379523633632549764344446562949186472896806060437471262518279137845128809354857938
                                                                                                                       0
                    886069903540554958189761816816274882172223281474593236448403030218735631259139568922564404677428969
                   295356634513518319396587272272091627390741093824864412149467676739578543753046522974188134892476323
                 2067496441594628235776110905904641391735187656774050885046273737177049806271325660819316944247334261
                 295356634513518319396587272272091627390741093824864412149467676739578543753046522974188134892476323
                886069903540554958189761816816274882172223281474593236448403030218735631259139568922564404677428969
              2362853076108146555172698178176733019125928750598915297195741413916628350024372183793505079139810584
                                                                                                                0
            2658209710621664874569285450448824646516669844423779709345209090656206893777418706767693214032286907
            295356634513518319396587272272091627390741093824864412149467676739578543753046522974188134892476323
           295356634513518319396587272272091627390741093824864412149467676739578543753046522974188134892476323
         1772139807081109916379523633632549764344446562949186472896806060437471262518279137845128809354857938
        2362853076108146555172698178176733019125928750598915297195741413916628350024372183793505079139810584
       1772139807081109916379523633632549764344446562949186472896806060437471262518279137845128809354857938
                                                                                                         0
      886069903540554958189761816816274882172223281474593236448403030218735631259139568922564404677428969
    1476783172567591596982936361360458136953705469124322060747338383697892718765232614870940674462381615
   1772139807081109916379523633632549764344446562949186472896806060437471262518279137845128809354857938
  2362853076108146555172698178176733019125928750598915297195741413916628350024372183793505079139810584
 2067496441594628235776110905904641391735187656774050885046273737177049806271325660819316944247334261
 886069903540554958189761816816274882172223281474593236448403030218735631259139568922564404677428969
-------------------------------------------------------------------------------------------------------------------------------------------------------------------------------------------------------
1118376959934295802922522324145203165454571779006105210392903824710375981563508287743330975965241055877542095163978583235844778329668807662232643260421020350278036001781283931992527787398686645906782

