                                      85664008900368801278766873247015681182983010801928804492816527186304692994084187068517709
                                                                                        *45127080026956907859629315582577199897
                                     ------------------------------------------------------------------------------------------
                                     599648062302581608951368112729109768280881075613501631449715690304132850958589309479623963
                                    770976080103319211508901859223141130646847097217359240435348744676742236946757683616659381
                                   685312071202950410230134985976125449463864086415430435942532217490437543952673496548141672
                                  770976080103319211508901859223141130646847097217359240435348744676742236946757683616659381
                                 770976080103319211508901859223141130646847097217359240435348744676742236946757683616659381
                                 85664008900368801278766873247015681182983010801928804492816527186304692994084187068517709
                               599648062302581608951368112729109768280881075613501631449715690304132850958589309479623963
                              599648062302581608951368112729109768280881075613501631449715690304132850958589309479623963
                             428320044501844006393834366235078405914915054009644022464082635931523464970420935342588545
                            171328017800737602557533746494031362365966021603857608985633054372609385988168374137035418
                           685312071202950410230134985976125449463864086415430435942532217490437543952673496548141672
                          428320044501844006393834366235078405914915054009644022464082635931523464970420935342588545
                         428320044501844006393834366235078405914915054009644022464082635931523464970420935342588545
                         85664008900368801278766873247015681182983010801928804492816527186304692994084187068517709
                       256992026701106403836300619741047043548949032405786413478449581558914078982252561205553127
                      770976080103319211508901859223141130646847097217359240435348744676742236946757683616659381
                     171328017800737602557533746494031362365966021603857608985633054372609385988168374137035418
                    513984053402212807672601239482094087097898064811572826956899163117828157964505122411106254
                   770976080103319211508901859223141130646847097217359240435348744676742236946757683616659381
                  428320044501844006393834366235078405914915054009644022464082635931523464970420935342588545
                 685312071202950410230134985976125449463864086415430435942532217490437543952673496548141672
                599648062302581608951368112729109768280881075613501631449715690304132850958589309479623963
                                                                                                        0
              770976080103319211508901859223141130646847097217359240435348744676742236946757683616659381
             513984053402212807672601239482094087097898064811572826956899163117828157964505122411106254
            428320044501844006393834366235078405914915054009644022464082635931523464970420935342588545
           770976080103319211508901859223141130646847097217359240435348744676742236946757683616659381
          513984053402212807672601239482094087097898064811572826956899163117828157964505122411106254
         171328017800737602557533746494031362365966021603857608985633054372609385988168374137035418
                                                                                                 0
                                                                                                0
      685312071202950410230134985976125449463864086415430435942532217490437543952673496548141672
                                                                                              0
    599648062302581608951368112729109768280881075613501631449715690304132850958589309479623963
   171328017800737602557533746494031362365966021603857608985633054372609385988168374137035418
   85664008900368801278766873247015681182983010801928804492816527186304692994084187068517709
 428320044501844006393834366235078405914915054009644022464082635931523464970420935342588545
342656035601475205115067492988062724731932043207715217971266108745218771976336748274070836
-------------------------------------------------------------------------------------------------------------------------------
3865766585076891719624722373224970410565592305917182066293672238524557880182645013296829395387407382571598141301918791577475973

