                                                                                                    10
*70267969959304914690809551639735751558443484986345426482645529105250105553942687229868033585595021031
------------------------------------------------------------------------------------------------------
                                                                                                    10
                                                                                                   30
                                                                                                   0
                                                                                                 10
                                                                                                20
                                                                                                0
                                                                                              50
                                                                                             90
                                                                                            50
                                                                                           50
                                                                                          80
                                                                                         50
                                                                                        30
                                                                                       30
                                                                                       0
                                                                                     80
                                                                                    60
                                                                                   80
                                                                                  90
                                                                                 20
                                                                                20
                                                                               70
                                                                              80
                                                                             60
                                                                            20
                                                                           40
                                                                          90
                                                                         30
                                                                        50
                                                                       50
                                                                      50
                                                                      0
                                                                    10
                                                                    0
                                                                  50
                                                                 20
                                                                50
                                                                0
                                                              10
                                                             90
                                                            20
                                                           50
                                                          50
                                                         40
                                                        60
                                                       20
                                                      80
                                                     40
                                                    60
                                                   20
                                                  40
                                                 50
                                                40
                                               30
                                              60
                                             80
                                            90
                                           40
                                          80
                                         40
                                        30
                                       40
                                      40
                                     80
                                    50
                                   50
                                  10
                                 50
                                70
                               50
                              30
                             70
                            90
                           30
                          60
                         10
                        50
                       50
                      90
                      0
                    80
                    0
                  90
                 60
                40
               10
              90
             40
             0
           30
          90
         50
        90
       90
      60
     90
    70
   60
  20
  0
70
------------------------------------------------------------------------------------------------------
702679699593049146908095516397357515584434849863454264826455291052501055539426872298680335855950210310

