                                                                                                    8016199694455709247210023998955757477337882353388100202502
                                                         *4970627105432325789168368571074561534344898131709625552300518965118543033946027989545885836733245109
                                                         -----------------------------------------------------------------------------------------------------
                                                                                                   72145797250101383224890215990601817296040941180492901822518
                                                                                                                                                            0
                                                                                                  8016199694455709247210023998955757477337882353388100202502
                                                                                                40080998472278546236050119994778787386689411766940501012510
                                                                                               32064798777822836988840095995823029909351529413552400810008
                                                                                              16032399388911418494420047997911514954675764706776200405004
                                                                                             24048599083367127741630071996867272432013647060164300607506
                                                                                            24048599083367127741630071996867272432013647060164300607506
                                                                                           56113397861189964730470167992690302341365176473716701417514
                                                                                          48097198166734255483260143993734544864027294120328601215012
                                                                                         24048599083367127741630071996867272432013647060164300607506
                                                                                        64129597555645673977680191991646059818703058827104801620016
                                                                                       40080998472278546236050119994778787386689411766940501012510
                                                                                      64129597555645673977680191991646059818703058827104801620016
                                                                                     64129597555645673977680191991646059818703058827104801620016
                                                                                    40080998472278546236050119994778787386689411766940501012510
                                                                                   32064798777822836988840095995823029909351529413552400810008
                                                                                  40080998472278546236050119994778787386689411766940501012510
                                                                                 72145797250101383224890215990601817296040941180492901822518
                                                                                64129597555645673977680191991646059818703058827104801620016
                                                                               72145797250101383224890215990601817296040941180492901822518
                                                                              56113397861189964730470167992690302341365176473716701417514
                                                                             16032399388911418494420047997911514954675764706776200405004
                                                                                                                                      0
                                                                           48097198166734255483260143993734544864027294120328601215012
                                                                          32064798777822836988840095995823029909351529413552400810008
                                                                         72145797250101383224890215990601817296040941180492901822518
                                                                        24048599083367127741630071996867272432013647060164300607506
                                                                       24048599083367127741630071996867272432013647060164300607506
                                                                                                                                0
                                                                     24048599083367127741630071996867272432013647060164300607506
                                                                    32064798777822836988840095995823029909351529413552400810008
                                                                   40080998472278546236050119994778787386689411766940501012510
                                                                  64129597555645673977680191991646059818703058827104801620016
                                                                  8016199694455709247210023998955757477337882353388100202502
                                                                 8016199694455709247210023998955757477337882353388100202502
                                                               40080998472278546236050119994778787386689411766940501012510
                                                              48097198166734255483260143993734544864027294120328601215012
                                                             72145797250101383224890215990601817296040941180492901822518
                                                            64129597555645673977680191991646059818703058827104801620016
                                                            8016199694455709247210023998955757477337882353388100202502
                                                          40080998472278546236050119994778787386689411766940501012510
                                                                                                                   0
                                                                                                                  0
                                                       24048599083367127741630071996867272432013647060164300607506
                                                      16032399388911418494420047997911514954675764706776200405004
                                                     40080998472278546236050119994778787386689411766940501012510
                                                    40080998472278546236050119994778787386689411766940501012510
                                                   40080998472278546236050119994778787386689411766940501012510
                                                  16032399388911418494420047997911514954675764706776200405004
                                                 48097198166734255483260143993734544864027294120328601215012
                                                72145797250101383224890215990601817296040941180492901822518
                                                                                                         0
                                              56113397861189964730470167992690302341365176473716701417514
                                              8016199694455709247210023998955757477337882353388100202502
                                            24048599083367127741630071996867272432013647060164300607506
                                            8016199694455709247210023998955757477337882353388100202502
                                          64129597555645673977680191991646059818703058827104801620016
                                         72145797250101383224890215990601817296040941180492901822518
                                        64129597555645673977680191991646059818703058827104801620016
                                       32064798777822836988840095995823029909351529413552400810008
                                      32064798777822836988840095995823029909351529413552400810008
                                     24048599083367127741630071996867272432013647060164300607506
                                    32064798777822836988840095995823029909351529413552400810008
                                   24048599083367127741630071996867272432013647060164300607506
                                  40080998472278546236050119994778787386689411766940501012510
                                  8016199694455709247210023998955757477337882353388100202502
                                48097198166734255483260143993734544864027294120328601215012
                               40080998472278546236050119994778787386689411766940501012510
                              32064798777822836988840095995823029909351529413552400810008
                             56113397861189964730470167992690302341365176473716701417514
                                                                                      0
                            8016199694455709247210023998955757477337882353388100202502
                          56113397861189964730470167992690302341365176473716701417514
                         40080998472278546236050119994778787386689411766940501012510
                        64129597555645673977680191991646059818703058827104801620016
                       48097198166734255483260143993734544864027294120328601215012
                      24048599083367127741630071996867272432013647060164300607506
                     64129597555645673977680191991646059818703058827104801620016
                    48097198166734255483260143993734544864027294120328601215012
                    8016199694455709247210023998955757477337882353388100202502
                  72145797250101383224890215990601817296040941180492901822518
                 64129597555645673977680191991646059818703058827104801620016
                56113397861189964730470167992690302341365176473716701417514
               40080998472278546236050119994778787386689411766940501012510
              16032399388911418494420047997911514954675764706776200405004
             24048599083367127741630071996867272432013647060164300607506
            16032399388911418494420047997911514954675764706776200405004
           24048599083367127741630071996867272432013647060164300607506
          32064798777822836988840095995823029909351529413552400810008
         40080998472278546236050119994778787386689411766940501012510
                                                                  0
        8016199694455709247210023998955757477337882353388100202502
      56113397861189964730470167992690302341365176473716701417514
     16032399388911418494420047997911514954675764706776200405004
    48097198166734255483260143993734544864027294120328601215012
                                                             0
  56113397861189964730470167992690302341365176473716701417514
 72145797250101383224890215990601817296040941180492901822518
32064798777822836988840095995823029909351529413552400810008
--------------------------------------------------------------------------------------------------------------------------------------------------------------
39845539483819876465218090430768494024297543048673725364422555363785406167784044404567766588140888174988782174394513381373604280266550916011807613958501062718

