                                                                                                     46068598845239587088810965774758365214099523481289161167734200047678178030388417424540314745849506314
                                                                                                    *22826610795031534781130625799841124796875389432811024087657541764134711250193485698007762427693007488
                                                                                                    ------------------------------------------------------------------------------------------------------
                                                                                                    368548790761916696710487726198066921712796187850313289341873600381425424243107339396322517966796050512
                                                                                                   368548790761916696710487726198066921712796187850313289341873600381425424243107339396322517966796050512
                                                                                                  184274395380958348355243863099033460856398093925156644670936800190712712121553669698161258983398025256
                                                                                                 322480191916677109621676760423308556498696664369024128174139400333747246212718921971782203220946544198
                                                                                                                                                                                                     0
                                                                                                                                                                                                    0
                                                                                              138205796535718761266432897324275095642298570443867483503202600143034534091165252273620944237548518942
                                                                                             414617389607156283799298691972825286926895711331602450509607800429103602273495756820862832712645556826
                                                                                            276411593071437522532865794648550191284597140887734967006405200286069068182330504547241888475097037884
                                                                                           322480191916677109621676760423308556498696664369024128174139400333747246212718921971782203220946544198
                                                                                           92137197690479174177621931549516730428199046962578322335468400095356356060776834849080629491699012628
                                                                                         184274395380958348355243863099033460856398093925156644670936800190712712121553669698161258983398025256
                                                                                         92137197690479174177621931549516730428199046962578322335468400095356356060776834849080629491699012628
                                                                                       276411593071437522532865794648550191284597140887734967006405200286069068182330504547241888475097037884
                                                                                      322480191916677109621676760423308556498696664369024128174139400333747246212718921971782203220946544198
                                                                                     322480191916677109621676760423308556498696664369024128174139400333747246212718921971782203220946544198
                                                                                                                                                                                         0
                                                                                                                                                                                        0
                                                                                  368548790761916696710487726198066921712796187850313289341873600381425424243107339396322517966796050512
                                                                                 414617389607156283799298691972825286926895711331602450509607800429103602273495756820862832712645556826
                                                                                276411593071437522532865794648550191284597140887734967006405200286069068182330504547241888475097037884
                                                                               230342994226197935444054828873791826070497617406445805838671000238390890151942087122701573729247531570
                                                                              368548790761916696710487726198066921712796187850313289341873600381425424243107339396322517966796050512
                                                                             184274395380958348355243863099033460856398093925156644670936800190712712121553669698161258983398025256
                                                                            138205796535718761266432897324275095642298570443867483503202600143034534091165252273620944237548518942
                                                                           414617389607156283799298691972825286926895711331602450509607800429103602273495756820862832712645556826
                                                                           46068598845239587088810965774758365214099523481289161167734200047678178030388417424540314745849506314
                                                                                                                                                                              0
                                                                        230342994226197935444054828873791826070497617406445805838671000238390890151942087122701573729247531570
                                                                        92137197690479174177621931549516730428199046962578322335468400095356356060776834849080629491699012628
                                                                       46068598845239587088810965774758365214099523481289161167734200047678178030388417424540314745849506314
                                                                      46068598845239587088810965774758365214099523481289161167734200047678178030388417424540314745849506314
                                                                    322480191916677109621676760423308556498696664369024128174139400333747246212718921971782203220946544198
                                                                   184274395380958348355243863099033460856398093925156644670936800190712712121553669698161258983398025256
                                                                  138205796535718761266432897324275095642298570443867483503202600143034534091165252273620944237548518942
                                                                  46068598845239587088810965774758365214099523481289161167734200047678178030388417424540314745849506314
                                                                184274395380958348355243863099033460856398093925156644670936800190712712121553669698161258983398025256
                                                               276411593071437522532865794648550191284597140887734967006405200286069068182330504547241888475097037884
                                                              322480191916677109621676760423308556498696664369024128174139400333747246212718921971782203220946544198
                                                              46068598845239587088810965774758365214099523481289161167734200047678178030388417424540314745849506314
                                                            184274395380958348355243863099033460856398093925156644670936800190712712121553669698161258983398025256
                                                           230342994226197935444054828873791826070497617406445805838671000238390890151942087122701573729247531570
                                                          322480191916677109621676760423308556498696664369024128174139400333747246212718921971782203220946544198
                                                         230342994226197935444054828873791826070497617406445805838671000238390890151942087122701573729247531570
                                                        276411593071437522532865794648550191284597140887734967006405200286069068182330504547241888475097037884
                                                       322480191916677109621676760423308556498696664369024128174139400333747246212718921971782203220946544198
                                                      368548790761916696710487726198066921712796187850313289341873600381425424243107339396322517966796050512
                                                                                                                                                          0
                                                    184274395380958348355243863099033460856398093925156644670936800190712712121553669698161258983398025256
                                                    92137197690479174177621931549516730428199046962578322335468400095356356060776834849080629491699012628
                                                                                                                                                       0
                                                  46068598845239587088810965774758365214099523481289161167734200047678178030388417424540314745849506314
                                                 46068598845239587088810965774758365214099523481289161167734200047678178030388417424540314745849506314
                                               368548790761916696710487726198066921712796187850313289341873600381425424243107339396322517966796050512
                                               92137197690479174177621931549516730428199046962578322335468400095356356060776834849080629491699012628
                                             138205796535718761266432897324275095642298570443867483503202600143034534091165252273620944237548518942
                                            184274395380958348355243863099033460856398093925156644670936800190712712121553669698161258983398025256
                                           414617389607156283799298691972825286926895711331602450509607800429103602273495756820862832712645556826
                                          368548790761916696710487726198066921712796187850313289341873600381425424243107339396322517966796050512
                                         138205796535718761266432897324275095642298570443867483503202600143034534091165252273620944237548518942
                                        230342994226197935444054828873791826070497617406445805838671000238390890151942087122701573729247531570
                                       322480191916677109621676760423308556498696664369024128174139400333747246212718921971782203220946544198
                                      368548790761916696710487726198066921712796187850313289341873600381425424243107339396322517966796050512
                                     276411593071437522532865794648550191284597140887734967006405200286069068182330504547241888475097037884
                                    414617389607156283799298691972825286926895711331602450509607800429103602273495756820862832712645556826
                                   322480191916677109621676760423308556498696664369024128174139400333747246212718921971782203220946544198
                                  184274395380958348355243863099033460856398093925156644670936800190712712121553669698161258983398025256
                                  92137197690479174177621931549516730428199046962578322335468400095356356060776834849080629491699012628
                                 46068598845239587088810965774758365214099523481289161167734200047678178030388417424540314745849506314
                                46068598845239587088810965774758365214099523481289161167734200047678178030388417424540314745849506314
                              184274395380958348355243863099033460856398093925156644670936800190712712121553669698161258983398025256
                             368548790761916696710487726198066921712796187850313289341873600381425424243107339396322517966796050512
                            414617389607156283799298691972825286926895711331602450509607800429103602273495756820862832712645556826
                           414617389607156283799298691972825286926895711331602450509607800429103602273495756820862832712645556826
                          322480191916677109621676760423308556498696664369024128174139400333747246212718921971782203220946544198
                         230342994226197935444054828873791826070497617406445805838671000238390890151942087122701573729247531570
                         92137197690479174177621931549516730428199046962578322335468400095356356060776834849080629491699012628
                       276411593071437522532865794648550191284597140887734967006405200286069068182330504547241888475097037884
                                                                                                                           0
                     138205796535718761266432897324275095642298570443867483503202600143034534091165252273620944237548518942
                     46068598845239587088810965774758365214099523481289161167734200047678178030388417424540314745849506314
                    46068598845239587088810965774758365214099523481289161167734200047678178030388417424540314745849506314
                  368548790761916696710487726198066921712796187850313289341873600381425424243107339396322517966796050512
                 322480191916677109621676760423308556498696664369024128174139400333747246212718921971782203220946544198
                184274395380958348355243863099033460856398093925156644670936800190712712121553669698161258983398025256
               138205796535718761266432897324275095642298570443867483503202600143034534091165252273620944237548518942
              230342994226197935444054828873791826070497617406445805838671000238390890151942087122701573729247531570
              46068598845239587088810965774758365214099523481289161167734200047678178030388417424540314745849506314
            138205796535718761266432897324275095642298570443867483503202600143034534091165252273620944237548518942
                                                                                                                0
          230342994226197935444054828873791826070497617406445805838671000238390890151942087122701573729247531570
         414617389607156283799298691972825286926895711331602450509607800429103602273495756820862832712645556826
        322480191916677109621676760423308556498696664369024128174139400333747246212718921971782203220946544198
                                                                                                            0
       46068598845239587088810965774758365214099523481289161167734200047678178030388417424540314745849506314
     276411593071437522532865794648550191284597140887734967006405200286069068182330504547241888475097037884
    276411593071437522532865794648550191284597140887734967006405200286069068182330504547241888475097037884
    92137197690479174177621931549516730428199046962578322335468400095356356060776834849080629491699012628
  368548790761916696710487726198066921712796187850313289341873600381425424243107339396322517966796050512
  92137197690479174177621931549516730428199046962578322335468400095356356060776834849080629491699012628
 92137197690479174177621931549516730428199046962578322335468400095356356060776834849080629491699012628
----------------------------------------------------------------------------------------------------------------------------------------------------------------------------------------------------------
1051589975712723256184374245911570258524764133516318497764675759060194258155774991006961322459487492249495209516967851428080531951369051057752477310925379012730890592342003857567490594498988874705279232

