                                  9068346135560
            *3672733403487471560638975111682959
            -----------------------------------
                                 81615115220040
                                45341730677800
                               81615115220040
                              18136692271120
                             72546769084480
                            54410076813360
                            9068346135560
                           9068346135560
                          9068346135560
                        45341730677800
                       63478422948920
                      81615115220040
                     72546769084480
                    27205038406680
                   54410076813360
                               0
                 54410076813360
                45341730677800
                9068346135560
              63478422948920
             36273384542240
            63478422948920
           72546769084480
          36273384542240
         27205038406680
                     0
       36273384542240
      27205038406680
     27205038406680
    63478422948920
   18136692271120
  63478422948920
 54410076813360
27205038406680
-----------------------------------------------
33305617766457738953795852158349180655555922040

