                                                                                               210372821411481603278431178265986024306447596657074817024951550152
                                                                 *68222798665135974145495000512138950230196619217721271772823036832866875547568241468545828122815
                                                                 ------------------------------------------------------------------------------------------------
                                                                                              1051864107057408016392155891329930121532237983285374085124757750760
                                                                                              210372821411481603278431178265986024306447596657074817024951550152
                                                                                            1682982571291852826227449426127888194451580773256598536199612401216
                                                                                            420745642822963206556862356531972048612895193314149634049903100304
                                                                                           420745642822963206556862356531972048612895193314149634049903100304
                                                                                          210372821411481603278431178265986024306447596657074817024951550152
                                                                                        1682982571291852826227449426127888194451580773256598536199612401216
                                                                                        420745642822963206556862356531972048612895193314149634049903100304
                                                                                      1682982571291852826227449426127888194451580773256598536199612401216
                                                                                     1051864107057408016392155891329930121532237983285374085124757750760
                                                                                     841491285645926413113724713063944097225790386628299268099806200608
                                                                                   1051864107057408016392155891329930121532237983285374085124757750760
                                                                                  1682982571291852826227449426127888194451580773256598536199612401216
                                                                                 1262236928468889619670587069595916145838685579942448902149709300912
                                                                                 841491285645926413113724713063944097225790386628299268099806200608
                                                                                210372821411481603278431178265986024306447596657074817024951550152
                                                                               841491285645926413113724713063944097225790386628299268099806200608
                                                                              420745642822963206556862356531972048612895193314149634049903100304
                                                                            1682982571291852826227449426127888194451580773256598536199612401216
                                                                           1262236928468889619670587069595916145838685579942448902149709300912
                                                                          1051864107057408016392155891329930121532237983285374085124757750760
                                                                         1472609749880371222949018247861902170145133176599523719174660851064
                                                                         841491285645926413113724713063944097225790386628299268099806200608
                                                                       1051864107057408016392155891329930121532237983285374085124757750760
                                                                      1051864107057408016392155891329930121532237983285374085124757750760
                                                                     1472609749880371222949018247861902170145133176599523719174660851064
                                                                    1682982571291852826227449426127888194451580773256598536199612401216
                                                                   1262236928468889619670587069595916145838685579942448902149709300912
                                                                  1262236928468889619670587069595916145838685579942448902149709300912
                                                                 1682982571291852826227449426127888194451580773256598536199612401216
                                                                 420745642822963206556862356531972048612895193314149634049903100304
                                                                631118464234444809835293534797958072919342789971224451074854650456
                                                              1682982571291852826227449426127888194451580773256598536199612401216
                                                             1262236928468889619670587069595916145838685579942448902149709300912
                                                             631118464234444809835293534797958072919342789971224451074854650456
                                                                                                                             0
                                                           631118464234444809835293534797958072919342789971224451074854650456
                                                          420745642822963206556862356531972048612895193314149634049903100304
                                                        1682982571291852826227449426127888194451580773256598536199612401216
                                                        420745642822963206556862356531972048612895193314149634049903100304
                                                      1472609749880371222949018247861902170145133176599523719174660851064
                                                     1472609749880371222949018247861902170145133176599523719174660851064
                                                     210372821411481603278431178265986024306447596657074817024951550152
                                                   1472609749880371222949018247861902170145133176599523719174660851064
                                                   420745642822963206556862356531972048612895193314149634049903100304
                                                  210372821411481603278431178265986024306447596657074817024951550152
                                                 420745642822963206556862356531972048612895193314149634049903100304
                                               1472609749880371222949018247861902170145133176599523719174660851064
                                              1472609749880371222949018247861902170145133176599523719174660851064
                                              210372821411481603278431178265986024306447596657074817024951550152
                                             420745642822963206556862356531972048612895193314149634049903100304
                                           1893355392703334429505880604393874218758028369913673353224563951368
                                           210372821411481603278431178265986024306447596657074817024951550152
                                         1262236928468889619670587069595916145838685579942448902149709300912
                                        1262236928468889619670587069595916145838685579942448902149709300912
                                       1893355392703334429505880604393874218758028369913673353224563951368
                                       210372821411481603278431178265986024306447596657074817024951550152
                                                                                                       0
                                     631118464234444809835293534797958072919342789971224451074854650456
                                    420745642822963206556862356531972048612895193314149634049903100304
                                                                                                    0
                                 1051864107057408016392155891329930121532237983285374085124757750760
                                1893355392703334429505880604393874218758028369913673353224563951368
                               1682982571291852826227449426127888194451580773256598536199612401216
                               631118464234444809835293534797958072919342789971224451074854650456
                              210372821411481603278431178265986024306447596657074817024951550152
                             420745642822963206556862356531972048612895193314149634049903100304
                            210372821411481603278431178265986024306447596657074817024951550152
                          1051864107057408016392155891329930121532237983285374085124757750760
                                                                                           0
                                                                                          0
                                                                                         0
                      1051864107057408016392155891329930121532237983285374085124757750760
                     1893355392703334429505880604393874218758028369913673353224563951368
                     841491285645926413113724713063944097225790386628299268099806200608
                   1051864107057408016392155891329930121532237983285374085124757750760
                   841491285645926413113724713063944097225790386628299268099806200608
                  210372821411481603278431178265986024306447596657074817024951550152
                 841491285645926413113724713063944097225790386628299268099806200608
               1472609749880371222949018247861902170145133176599523719174660851064
              1893355392703334429505880604393874218758028369913673353224563951368
             1051864107057408016392155891329930121532237983285374085124757750760
             631118464234444809835293534797958072919342789971224451074854650456
            210372821411481603278431178265986024306447596657074817024951550152
          1051864107057408016392155891329930121532237983285374085124757750760
         1262236928468889619670587069595916145838685579942448902149709300912
        1262236928468889619670587069595916145838685579942448902149709300912
       1682982571291852826227449426127888194451580773256598536199612401216
      1893355392703334429505880604393874218758028369913673353224563951368
     1472609749880371222949018247861902170145133176599523719174660851064
     420745642822963206556862356531972048612895193314149634049903100304
    420745642822963206556862356531972048612895193314149634049903100304
   420745642822963206556862356531972048612895193314149634049903100304
 1682982571291852826227449426127888194451580773256598536199612401216
1262236928468889619670587069595916145838685579942448902149709300912
-----------------------------------------------------------------------------------------------------------------------------------------------------------------
14352222639772115804442612770426901538632272625136236165653253487402988681769595051471731960823219168947850980276884044164722326747102211296987010771790487917880

