                                                                                                     13678303102602389847569825306607064805225496724619365357998658365745268818581042979414114979706381807
                                                                                                    *79854764183988030270978931849927812389898286099026113917091083774003992711421333045436135234611112401
                                                                                                    ------------------------------------------------------------------------------------------------------
                                                                                                     13678303102602389847569825306607064805225496724619365357998658365745268818581042979414114979706381807
                                                                                                                                                                                                        0
                                                                                                   54713212410409559390279301226428259220901986898477461431994633462981075274324171917656459918825527228
                                                                                                  27356606205204779695139650613214129610450993449238730715997316731490537637162085958828229959412763614
                                                                                                 13678303102602389847569825306607064805225496724619365357998658365745268818581042979414114979706381807
                                                                                                13678303102602389847569825306607064805225496724619365357998658365745268818581042979414114979706381807
                                                                                               13678303102602389847569825306607064805225496724619365357998658365745268818581042979414114979706381807
                                                                                              13678303102602389847569825306607064805225496724619365357998658365745268818581042979414114979706381807
                                                                                             82069818615614339085418951839642388831352980347716192147991950194471612911486257876484689878238290842
                                                                                            54713212410409559390279301226428259220901986898477461431994633462981075274324171917656459918825527228
                                                                                           41034909307807169542709475919821194415676490173858096073995975097235806455743128938242344939119145421
                                                                                          27356606205204779695139650613214129610450993449238730715997316731490537637162085958828229959412763614
                                                                                         68391515513011949237849126533035324026127483623096826789993291828726344092905214897070574898531909035
                                                                                        41034909307807169542709475919821194415676490173858096073995975097235806455743128938242344939119145421
                                                                                       13678303102602389847569825306607064805225496724619365357998658365745268818581042979414114979706381807
                                                                                      82069818615614339085418951839642388831352980347716192147991950194471612911486257876484689878238290842
                                                                                     41034909307807169542709475919821194415676490173858096073995975097235806455743128938242344939119145421
                                                                                    54713212410409559390279301226428259220901986898477461431994633462981075274324171917656459918825527228
                                                                                   68391515513011949237849126533035324026127483623096826789993291828726344092905214897070574898531909035
                                                                                  54713212410409559390279301226428259220901986898477461431994633462981075274324171917656459918825527228
                                                                                                                                                                                     0
                                                                                41034909307807169542709475919821194415676490173858096073995975097235806455743128938242344939119145421
                                                                               41034909307807169542709475919821194415676490173858096073995975097235806455743128938242344939119145421
                                                                              41034909307807169542709475919821194415676490173858096073995975097235806455743128938242344939119145421
                                                                             13678303102602389847569825306607064805225496724619365357998658365745268818581042979414114979706381807
                                                                            27356606205204779695139650613214129610450993449238730715997316731490537637162085958828229959412763614
                                                                           54713212410409559390279301226428259220901986898477461431994633462981075274324171917656459918825527228
                                                                          13678303102602389847569825306607064805225496724619365357998658365745268818581042979414114979706381807
                                                                         13678303102602389847569825306607064805225496724619365357998658365745268818581042979414114979706381807
                                                                        95748121718216728932988777146249453636578477072335557505990608560216881730067300855898804857944672649
                                                                       27356606205204779695139650613214129610450993449238730715997316731490537637162085958828229959412763614
                                                                     123104727923421508628128427759463583247029470521574288221987925291707419367229386814727034817357436263
                                                                    123104727923421508628128427759463583247029470521574288221987925291707419367229386814727034817357436263
                                                                    41034909307807169542709475919821194415676490173858096073995975097235806455743128938242344939119145421
                                                                                                                                                                       0
                                                                                                                                                                      0
                                                                 54713212410409559390279301226428259220901986898477461431994633462981075274324171917656459918825527228
                                                                95748121718216728932988777146249453636578477072335557505990608560216881730067300855898804857944672649
                                                               95748121718216728932988777146249453636578477072335557505990608560216881730067300855898804857944672649
                                                              41034909307807169542709475919821194415676490173858096073995975097235806455743128938242344939119145421
                                                            109426424820819118780558602452856518441803973796954922863989266925962150548648343835312919837651054456
                                                                                                                                                                0
                                                           13678303102602389847569825306607064805225496724619365357998658365745268818581042979414114979706381807
                                                         123104727923421508628128427759463583247029470521574288221987925291707419367229386814727034817357436263
                                                                                                                                                             0
                                                        95748121718216728932988777146249453636578477072335557505990608560216881730067300855898804857944672649
                                                       13678303102602389847569825306607064805225496724619365357998658365745268818581042979414114979706381807
                                                     123104727923421508628128427759463583247029470521574288221987925291707419367229386814727034817357436263
                                                     41034909307807169542709475919821194415676490173858096073995975097235806455743128938242344939119145421
                                                    13678303102602389847569825306607064805225496724619365357998658365745268818581042979414114979706381807
                                                   13678303102602389847569825306607064805225496724619365357998658365745268818581042979414114979706381807
                                                  82069818615614339085418951839642388831352980347716192147991950194471612911486257876484689878238290842
                                                 27356606205204779695139650613214129610450993449238730715997316731490537637162085958828229959412763614
                                                                                                                                                    0
                                              123104727923421508628128427759463583247029470521574288221987925291707419367229386814727034817357436263
                                             123104727923421508628128427759463583247029470521574288221987925291707419367229386814727034817357436263
                                                                                                                                                 0
                                            82069818615614339085418951839642388831352980347716192147991950194471612911486257876484689878238290842
                                          109426424820819118780558602452856518441803973796954922863989266925962150548648343835312919837651054456
                                          27356606205204779695139650613214129610450993449238730715997316731490537637162085958828229959412763614
                                        109426424820819118780558602452856518441803973796954922863989266925962150548648343835312919837651054456
                                       123104727923421508628128427759463583247029470521574288221987925291707419367229386814727034817357436263
                                      109426424820819118780558602452856518441803973796954922863989266925962150548648343835312919837651054456
                                     123104727923421508628128427759463583247029470521574288221987925291707419367229386814727034817357436263
                                    109426424820819118780558602452856518441803973796954922863989266925962150548648343835312919837651054456
                                    41034909307807169542709475919821194415676490173858096073995975097235806455743128938242344939119145421
                                   27356606205204779695139650613214129610450993449238730715997316731490537637162085958828229959412763614
                                  13678303102602389847569825306607064805225496724619365357998658365745268818581042979414114979706381807
                                109426424820819118780558602452856518441803973796954922863989266925962150548648343835312919837651054456
                                95748121718216728932988777146249453636578477072335557505990608560216881730067300855898804857944672649
                               27356606205204779695139650613214129610450993449238730715997316731490537637162085958828229959412763614
                             123104727923421508628128427759463583247029470521574288221987925291707419367229386814727034817357436263
                            123104727923421508628128427759463583247029470521574288221987925291707419367229386814727034817357436263
                            54713212410409559390279301226428259220901986898477461431994633462981075274324171917656459918825527228
                          109426424820819118780558602452856518441803973796954922863989266925962150548648343835312919837651054456
                          13678303102602389847569825306607064805225496724619365357998658365745268818581042979414114979706381807
                         41034909307807169542709475919821194415676490173858096073995975097235806455743128938242344939119145421
                       123104727923421508628128427759463583247029470521574288221987925291707419367229386814727034817357436263
                      109426424820819118780558602452856518441803973796954922863989266925962150548648343835312919837651054456
                      95748121718216728932988777146249453636578477072335557505990608560216881730067300855898804857944672649
                    123104727923421508628128427759463583247029470521574288221987925291707419367229386814727034817357436263
                                                                                                                        0
                   95748121718216728932988777146249453636578477072335557505990608560216881730067300855898804857944672649
                  27356606205204779695139650613214129610450993449238730715997316731490537637162085958828229959412763614
                                                                                                                     0
                41034909307807169542709475919821194415676490173858096073995975097235806455743128938242344939119145421
                                                                                                                   0
             109426424820819118780558602452856518441803973796954922863989266925962150548648343835312919837651054456
            109426424820819118780558602452856518441803973796954922863989266925962150548648343835312919837651054456
           123104727923421508628128427759463583247029470521574288221987925291707419367229386814727034817357436263
           41034909307807169542709475919821194415676490173858096073995975097235806455743128938242344939119145421
         109426424820819118780558602452856518441803973796954922863989266925962150548648343835312919837651054456
         13678303102602389847569825306607064805225496724619365357998658365745268818581042979414114979706381807
        54713212410409559390279301226428259220901986898477461431994633462981075274324171917656459918825527228
       82069818615614339085418951839642388831352980347716192147991950194471612911486257876484689878238290842
      95748121718216728932988777146249453636578477072335557505990608560216881730067300855898804857944672649
     54713212410409559390279301226428259220901986898477461431994633462981075274324171917656459918825527228
    68391515513011949237849126533035324026127483623096826789993291828726344092905214897070574898531909035
  109426424820819118780558602452856518441803973796954922863989266925962150548648343835312919837651054456
 123104727923421508628128427759463583247029470521574288221987925291707419367229386814727034817357436263
 95748121718216728932988777146249453636578477072335557505990608560216881730067300855898804857944672649
----------------------------------------------------------------------------------------------------------------------------------------------------------------------------------------------------------
1092277668695425672410917918989456398501299700327853198963508778246470003236615797479982041851449818931053964555506517917008338064272746542750450086524736683347733555695138637487013774227721099098488607

