         1968599474545227555364482019086172032970434066721358706008016624927224
                                                                    *3786742564
         ----------------------------------------------------------------------
         7874397898180910221457928076344688131881736266885434824032066499708896
       11811596847271365332186892114517032197822604400328152236048099749563344
       9842997372726137776822410095430860164852170333606793530040083124636120
      3937198949090455110728964038172344065940868133442717412016033249854448
     7874397898180910221457928076344688131881736266885434824032066499708896
   13780196321816592887551374133603204230793038467049510942056116374490568
  11811596847271365332186892114517032197822604400328152236048099749563344
 15748795796361820442915856152689376263763472533770869648064132999417792
13780196321816592887551374133603204230793038467049510942056116374490568
5905798423635682666093446057258516098911302200164076118024049874781672
-------------------------------------------------------------------------------
7454579421728447726964350595486268021075554034009384939952519078831542523162336

