                                                                                                     95
 *46400215488282026719161756593448188210768686888560476652211665473305471339928874822487719875423863310
 ------------------------------------------------------------------------------------------------------
                                                                                                      0
                                                                                                    95
                                                                                                  285
                                                                                                 285
                                                                                                570
                                                                                               760
                                                                                              285
                                                                                             190
                                                                                            380
                                                                                           475
                                                                                          665
                                                                                         760
                                                                                        855
                                                                                        95
                                                                                      665
                                                                                     665
                                                                                    760
                                                                                   380
                                                                                  190
                                                                                 190
                                                                                760
                                                                               380
                                                                              665
                                                                             760
                                                                            760
                                                                           190
                                                                          855
                                                                         855
                                                                        285
                                                                       285
                                                                       95
                                                                     665
                                                                    380
                                                                   475
                                                                    0
                                                                 285
                                                                285
                                                               665
                                                              380
                                                             475
                                                            570
                                                           570
                                                           95
                                                          95
                                                        190
                                                       190
                                                      475
                                                     570
                                                    570
                                                   665
                                                  380
                                                   0
                                                570
                                               475
                                              760
                                             760
                                            760
                                           570
                                          760
                                         570
                                        760
                                       570
                                      665
                                       0
                                     95
                                   190
                                  760
                                 760
                                 95
                               760
                              380
                             380
                            285
                           855
                          475
                         570
                        475
                       665
                       95
                     570
                     95
                   855
                   95
                 665
                570
               190
                0
             190
            760
           190
          760
         760
        380
       475
       95
     190
      0
     0
  380
 570
380
-------------------------------------------------------------------------------------------------------
4408020471386792538320366876377577880023025254413245281960108219964019777293243108136333388165267014450

