                                                                                                     49
 *28210143880281776433115618125617448553841969047680902574396958703659943030034703803151590295065321315
 ------------------------------------------------------------------------------------------------------
                                                                                                    245
                                                                                                    49
                                                                                                  147
                                                                                                  49
                                                                                                 98
                                                                                               147
                                                                                              245
                                                                                             294
                                                                                              0
                                                                                           245
                                                                                          441
                                                                                          98
                                                                                          0
                                                                                       441
                                                                                      245
                                                                                      49
                                                                                    245
                                                                                    49
                                                                                  147
                                                                                   0
                                                                                392
                                                                               147
                                                                                0
                                                                             343
                                                                            196
                                                                           147
                                                                            0
                                                                           0
                                                                        147
                                                                         0
                                                                      147
                                                                     196
                                                                    441
                                                                   441
                                                                  245
                                                                 294
                                                                147
                                                                 0
                                                              343
                                                             392
                                                            245
                                                           441
                                                          294
                                                         441
                                                        147
                                                       196
                                                      343
                                                     245
                                                     98
                                                     0
                                                  441
                                                   0
                                                392
                                               294
                                              343
                                             196
                                              0
                                           441
                                          294
                                         441
                                         49
                                       196
                                      392
                                     147
                                    245
                                   245
                                  392
                                 196
                                196
                               343
                               49
                             294
                            245
                            98
                           49
                         392
                         49
                       294
                      245
                      49
                     49
                   147
                  147
                 196
                294
               343
              343
              49
            392
            98
            0
         392
        392
       147
      196
      49
      0
    49
   98
 392
 98
-------------------------------------------------------------------------------------------------------
1382297050133807045222665288155254979138256483336364226145450976479337208471700486354427924458200744435

