                                                                      1162997040834639351485206595264380670374368831877015646206822260327
                                                                 *45589278697377523996954276870053612639409136889288873200988994365629679
                                                                 ------------------------------------------------------------------------
                                                                     10466973367511754163366859357379426033369319486893140815861400342943
                                                                     8140979285842475460396446166850664692620581823139109523447755822289
                                                                    6977982245007836108911239571586284022246212991262093877240933561962
                                                                  10466973367511754163366859357379426033369319486893140815861400342943
                                                                  2325994081669278702970413190528761340748737663754031292413644520654
                                                                 6977982245007836108911239571586284022246212991262093877240933561962
                                                                5814985204173196757426032976321903351871844159385078231034111301635
                                                               6977982245007836108911239571586284022246212991262093877240933561962
                                                              3488991122503918054455619785793142011123106495631046938620466780981
                                                             4651988163338557405940826381057522681497475327508062584827289041308
                                                           10466973367511754163366859357379426033369319486893140815861400342943
                                                          10466973367511754163366859357379426033369319486893140815861400342943
                                                          9303976326677114811881652762115045362994950655016125169654578082616
                                                         9303976326677114811881652762115045362994950655016125169654578082616
                                                       10466973367511754163366859357379426033369319486893140815861400342943
                                                                                                                         0
                                                                                                                        0
                                                     2325994081669278702970413190528761340748737663754031292413644520654
                                                    3488991122503918054455619785793142011123106495631046938620466780981
                                                   8140979285842475460396446166850664692620581823139109523447755822289
                                                  9303976326677114811881652762115045362994950655016125169654578082616
                                                 9303976326677114811881652762115045362994950655016125169654578082616
                                                9303976326677114811881652762115045362994950655016125169654578082616
                                               2325994081669278702970413190528761340748737663754031292413644520654
                                             10466973367511754163366859357379426033369319486893140815861400342943
                                             9303976326677114811881652762115045362994950655016125169654578082616
                                            9303976326677114811881652762115045362994950655016125169654578082616
                                           6977982245007836108911239571586284022246212991262093877240933561962
                                          3488991122503918054455619785793142011123106495631046938620466780981
                                         1162997040834639351485206595264380670374368831877015646206822260327
                                       10466973367511754163366859357379426033369319486893140815861400342943
                                                                                                         0
                                      4651988163338557405940826381057522681497475327508062584827289041308
                                    10466973367511754163366859357379426033369319486893140815861400342943
                                    3488991122503918054455619785793142011123106495631046938620466780981
                                   6977982245007836108911239571586284022246212991262093877240933561962
                                  2325994081669278702970413190528761340748737663754031292413644520654
                                 1162997040834639351485206595264380670374368831877015646206822260327
                                6977982245007836108911239571586284022246212991262093877240933561962
                               3488991122503918054455619785793142011123106495631046938620466780981
                              5814985204173196757426032976321903351871844159385078231034111301635
                                                                                               0
                                                                                              0
                           8140979285842475460396446166850664692620581823139109523447755822289
                          9303976326677114811881652762115045362994950655016125169654578082616
                         6977982245007836108911239571586284022246212991262093877240933561962
                        8140979285842475460396446166850664692620581823139109523447755822289
                       2325994081669278702970413190528761340748737663754031292413644520654
                      4651988163338557405940826381057522681497475327508062584827289041308
                     5814985204173196757426032976321903351871844159385078231034111301635
                   10466973367511754163366859357379426033369319486893140815861400342943
                   6977982245007836108911239571586284022246212991262093877240933561962
                 10466973367511754163366859357379426033369319486893140815861400342943
                10466973367511754163366859357379426033369319486893140815861400342943
                3488991122503918054455619785793142011123106495631046938620466780981
               2325994081669278702970413190528761340748737663754031292413644520654
              5814985204173196757426032976321903351871844159385078231034111301635
             8140979285842475460396446166850664692620581823139109523447755822289
            8140979285842475460396446166850664692620581823139109523447755822289
           3488991122503918054455619785793142011123106495631046938620466780981
          8140979285842475460396446166850664692620581823139109523447755822289
        10466973367511754163366859357379426033369319486893140815861400342943
        6977982245007836108911239571586284022246212991262093877240933561962
       9303976326677114811881652762115045362994950655016125169654578082616
      8140979285842475460396446166850664692620581823139109523447755822289
     2325994081669278702970413190528761340748737663754031292413644520654
   10466973367511754163366859357379426033369319486893140815861400342943
   9303976326677114811881652762115045362994950655016125169654578082616
  5814985204173196757426032976321903351871844159385078231034111301635
 5814985204173196757426032976321903351871844159385078231034111301635
4651988163338557405940826381057522681497475327508062584827289041308
-----------------------------------------------------------------------------------------------------------------------------------------
53020196218835722177644313743331167676424849239874363950216382240497780133864617953423689724122688070587632549677761711507831691415445033

