                                     20607879101921644241467070494375346134044246310735982689739167702415820345086060658826
                                                                                     *8908175988393124479465525283000901728
                                    ---------------------------------------------------------------------------------------
                                    164863032815373153931736563955002769072353970485887861517913341619326562760688485270608
                                    41215758203843288482934140988750692268088492621471965379478335404831640690172121317652
                                  144255153713451509690269493460627422938309724175151878828174173916910742415602424611782
                                  20607879101921644241467070494375346134044246310735982689739167702415820345086060658826
                                                                                                                      0
                               185470911917294798173203634449378115206398216796623844207652509321742383105774545929434
                                                                                                                    0
                                                                                                                   0
                                                                                                                  0
                            61823637305764932724401211483126038402132738932207948069217503107247461035258181976478
                          164863032815373153931736563955002769072353970485887861517913341619326562760688485270608
                          41215758203843288482934140988750692268088492621471965379478335404831640690172121317652
                        103039395509608221207335352471876730670221231553679913448695838512079101725430303294130
                        41215758203843288482934140988750692268088492621471965379478335404831640690172121317652
                      103039395509608221207335352471876730670221231553679913448695838512079101725430303294130
                     103039395509608221207335352471876730670221231553679913448695838512079101725430303294130
                    123647274611529865448802422966252076804265477864415896138435006214494922070516363952956
                    82431516407686576965868281977501384536176985242943930758956670809663281380344242635304
                  185470911917294798173203634449378115206398216796623844207652509321742383105774545929434
                 144255153713451509690269493460627422938309724175151878828174173916910742415602424611782
                 82431516407686576965868281977501384536176985242943930758956670809663281380344242635304
                82431516407686576965868281977501384536176985242943930758956670809663281380344242635304
               41215758203843288482934140988750692268088492621471965379478335404831640690172121317652
              20607879101921644241467070494375346134044246310735982689739167702415820345086060658826
             61823637305764932724401211483126038402132738932207948069217503107247461035258181976478
           185470911917294798173203634449378115206398216796623844207652509321742383105774545929434
           61823637305764932724401211483126038402132738932207948069217503107247461035258181976478
         164863032815373153931736563955002769072353970485887861517913341619326562760688485270608
        164863032815373153931736563955002769072353970485887861517913341619326562760688485270608
       185470911917294798173203634449378115206398216796623844207652509321742383105774545929434
      103039395509608221207335352471876730670221231553679913448695838512079101725430303294130
     144255153713451509690269493460627422938309724175151878828174173916910742415602424611782
     20607879101921644241467070494375346134044246310735982689739167702415820345086060658826
   164863032815373153931736563955002769072353970485887861517913341619326562760688485270608
                                                                                        0
 185470911917294798173203634449378115206398216796623844207652509321742383105774545929434
164863032815373153931736563955002769072353970485887861517913341619326562760688485270608
---------------------------------------------------------------------------------------------------------------------------
183578613787446857634146854312918281755180260621740278633990518801668303068384580346035228946788678062057273861063761851328

