                                                                                        87390743896473980465425281800808648622901649948094536155245225199951252417411210674389814437046041
                                                                                                 *2774191502813597877781228274226493812972254504391070193020442092473770905456886083103505
                                                                                       ---------------------------------------------------------------------------------------------------
                                                                                       436953719482369902327126409004043243114508249740472680776226125999756262087056053371949072185230205
                                                                                                                                                                                        0
                                                                                     436953719482369902327126409004043243114508249740472680776226125999756262087056053371949072185230205
                                                                                    262172231689421941396275845402425945868704949844283608465735675599853757252233632023169443311138123
                                                                                                                                                                                     0
                                                                                   87390743896473980465425281800808648622901649948094536155245225199951252417411210674389814437046041
                                                                                 262172231689421941396275845402425945868704949844283608465735675599853757252233632023169443311138123
                                                                                699125951171791843723402254406469188983213199584756289241961801599610019339289685395118515496368328
                                                                                                                                                                                 0
                                                                              524344463378843882792551690804851891737409899688567216931471351199707514504467264046338886622276246
                                                                             699125951171791843723402254406469188983213199584756289241961801599610019339289685395118515496368328
                                                                            699125951171791843723402254406469188983213199584756289241961801599610019339289685395118515496368328
                                                                           524344463378843882792551690804851891737409899688567216931471351199707514504467264046338886622276246
                                                                          436953719482369902327126409004043243114508249740472680776226125999756262087056053371949072185230205
                                                                         349562975585895921861701127203234594491606599792378144620980900799805009669644842697559257748184164
                                                                        436953719482369902327126409004043243114508249740472680776226125999756262087056053371949072185230205
                                                                                                                                                                         0
                                                                      786516695068265824188827536207277837606114849532850825397207026799561271756700896069508329933414369
                                                                                                                                                                       0
                                                                    611735207275317863257976972605660540360311549636661753086716576399658766921878474720728701059322287
                                                                   611735207275317863257976972605660540360311549636661753086716576399658766921878474720728701059322287
                                                                  262172231689421941396275845402425945868704949844283608465735675599853757252233632023169443311138123
                                                                 611735207275317863257976972605660540360311549636661753086716576399658766921878474720728701059322287
                                                                349562975585895921861701127203234594491606599792378144620980900799805009669644842697559257748184164
                                                               174781487792947960930850563601617297245803299896189072310490450399902504834822421348779628874092082
                                                              786516695068265824188827536207277837606114849532850825397207026799561271756700896069508329933414369
                                                                                                                                                               0
                                                            174781487792947960930850563601617297245803299896189072310490450399902504834822421348779628874092082
                                                           349562975585895921861701127203234594491606599792378144620980900799805009669644842697559257748184164
                                                          349562975585895921861701127203234594491606599792378144620980900799805009669644842697559257748184164
                                                                                                                                                           0
                                                        174781487792947960930850563601617297245803299896189072310490450399902504834822421348779628874092082
                                                                                                                                                         0
                                                      262172231689421941396275845402425945868704949844283608465735675599853757252233632023169443311138123
                                                     786516695068265824188827536207277837606114849532850825397207026799561271756700896069508329933414369
                                                     87390743896473980465425281800808648622901649948094536155245225199951252417411210674389814437046041
                                                                                                                                                     0
                                                  611735207275317863257976972605660540360311549636661753086716576399658766921878474720728701059322287
                                                                                                                                                   0
                                                 87390743896473980465425281800808648622901649948094536155245225199951252417411210674389814437046041
                                               786516695068265824188827536207277837606114849532850825397207026799561271756700896069508329933414369
                                              262172231689421941396275845402425945868704949844283608465735675599853757252233632023169443311138123
                                             349562975585895921861701127203234594491606599792378144620980900799805009669644842697559257748184164
                                                                                                                                              0
                                           436953719482369902327126409004043243114508249740472680776226125999756262087056053371949072185230205
                                          349562975585895921861701127203234594491606599792378144620980900799805009669644842697559257748184164
                                         436953719482369902327126409004043243114508249740472680776226125999756262087056053371949072185230205
                                        174781487792947960930850563601617297245803299896189072310490450399902504834822421348779628874092082
                                       174781487792947960930850563601617297245803299896189072310490450399902504834822421348779628874092082
                                      611735207275317863257976972605660540360311549636661753086716576399658766921878474720728701059322287
                                     786516695068265824188827536207277837606114849532850825397207026799561271756700896069508329933414369
                                    174781487792947960930850563601617297245803299896189072310490450399902504834822421348779628874092082
                                    87390743896473980465425281800808648622901649948094536155245225199951252417411210674389814437046041
                                  699125951171791843723402254406469188983213199584756289241961801599610019339289685395118515496368328
                                 262172231689421941396275845402425945868704949844283608465735675599853757252233632023169443311138123
                                786516695068265824188827536207277837606114849532850825397207026799561271756700896069508329933414369
                               349562975585895921861701127203234594491606599792378144620980900799805009669644842697559257748184164
                              524344463378843882792551690804851891737409899688567216931471351199707514504467264046338886622276246
                             174781487792947960930850563601617297245803299896189072310490450399902504834822421348779628874092082
                            174781487792947960930850563601617297245803299896189072310490450399902504834822421348779628874092082
                           349562975585895921861701127203234594491606599792378144620980900799805009669644842697559257748184164
                          611735207275317863257976972605660540360311549636661753086716576399658766921878474720728701059322287
                         174781487792947960930850563601617297245803299896189072310490450399902504834822421348779628874092082
                        699125951171791843723402254406469188983213199584756289241961801599610019339289685395118515496368328
                       174781487792947960930850563601617297245803299896189072310490450399902504834822421348779628874092082
                      174781487792947960930850563601617297245803299896189072310490450399902504834822421348779628874092082
                      87390743896473980465425281800808648622901649948094536155245225199951252417411210674389814437046041
                    699125951171791843723402254406469188983213199584756289241961801599610019339289685395118515496368328
                   611735207275317863257976972605660540360311549636661753086716576399658766921878474720728701059322287
                  611735207275317863257976972605660540360311549636661753086716576399658766921878474720728701059322287
                 611735207275317863257976972605660540360311549636661753086716576399658766921878474720728701059322287
                699125951171791843723402254406469188983213199584756289241961801599610019339289685395118515496368328
               611735207275317863257976972605660540360311549636661753086716576399658766921878474720728701059322287
              786516695068265824188827536207277837606114849532850825397207026799561271756700896069508329933414369
             436953719482369902327126409004043243114508249740472680776226125999756262087056053371949072185230205
            262172231689421941396275845402425945868704949844283608465735675599853757252233632023169443311138123
            87390743896473980465425281800808648622901649948094536155245225199951252417411210674389814437046041
          699125951171791843723402254406469188983213199584756289241961801599610019339289685395118515496368328
         174781487792947960930850563601617297245803299896189072310490450399902504834822421348779628874092082
                                                                                                          0
       436953719482369902327126409004043243114508249740472680776226125999756262087056053371949072185230205
       87390743896473980465425281800808648622901649948094536155245225199951252417411210674389814437046041
     786516695068265824188827536207277837606114849532850825397207026799561271756700896069508329933414369
     87390743896473980465425281800808648622901649948094536155245225199951252417411210674389814437046041
   349562975585895921861701127203234594491606599792378144620980900799805009669644842697559257748184164
  611735207275317863257976972605660540360311549636661753086716576399658766921878474720728701059322287
 611735207275317863257976972605660540360311549636661753086716576399658766921878474720728701059322287
174781487792947960930850563601617297245803299896189072310490450399902504834822421348779628874092082
------------------------------------------------------------------------------------------------------------------------------------------------------------------------------------------
242438659142157408143190879917779956161530492437684670226373087391340787870287631548803385639234410224876291695727073297178893055428863701673327814948502513753038465328638506453853473705

