                                                                            31921621087662464935357387144527619772980647
                                           *9934979336623868485095877857504508906939591988826336924609460911711304364552
                                           -----------------------------------------------------------------------------
                                                                            63843242175324929870714774289055239545961294
                                                                          159608105438312324676786935722638098864903235
                                                                         159608105438312324676786935722638098864903235
                                                                        127686484350649859741429548578110479091922588
                                                                       191529726525974789612144322867165718637883882
                                                                       95764863262987394806072161433582859318941941
                                                                     127686484350649859741429548578110479091922588
                                                                                                                0
                                                                    95764863262987394806072161433582859318941941
                                                                   31921621087662464935357387144527619772980647
                                                                  31921621087662464935357387144527619772980647
                                                                223451347613637254547501710011693338410864529
                                                                31921621087662464935357387144527619772980647
                                                               31921621087662464935357387144527619772980647
                                                             287294589788962184418216484300748577956825823
                                                                                                        0
                                                           191529726525974789612144322867165718637883882
                                                          127686484350649859741429548578110479091922588
                                                         287294589788962184418216484300748577956825823
                                                                                                    0
                                                       191529726525974789612144322867165718637883882
                                                      127686484350649859741429548578110479091922588
                                                      63843242175324929870714774289055239545961294
                                                    287294589788962184418216484300748577956825823
                                                   191529726525974789612144322867165718637883882
                                                   95764863262987394806072161433582859318941941
                                                  95764863262987394806072161433582859318941941
                                                191529726525974789612144322867165718637883882
                                                63843242175324929870714774289055239545961294
                                              255372968701299719482859097156220958183845176
                                             255372968701299719482859097156220958183845176
                                            255372968701299719482859097156220958183845176
                                           287294589788962184418216484300748577956825823
                                           31921621087662464935357387144527619772980647
                                         287294589788962184418216484300748577956825823
                                        159608105438312324676786935722638098864903235
                                       287294589788962184418216484300748577956825823
                                       95764863262987394806072161433582859318941941
                                     287294589788962184418216484300748577956825823
                                    191529726525974789612144322867165718637883882
                                                                               0
                                  287294589788962184418216484300748577956825823
                                 255372968701299719482859097156220958183845176
                                                                            0
                               159608105438312324676786935722638098864903235
                              127686484350649859741429548578110479091922588
                                                                         0
                            159608105438312324676786935722638098864903235
                           223451347613637254547501710011693338410864529
                          159608105438312324676786935722638098864903235
                         255372968701299719482859097156220958183845176
                        223451347613637254547501710011693338410864529
                       223451347613637254547501710011693338410864529
                      255372968701299719482859097156220958183845176
                     159608105438312324676786935722638098864903235
                    287294589788962184418216484300748577956825823
                                                               0
                  159608105438312324676786935722638098864903235
                 255372968701299719482859097156220958183845176
                127686484350649859741429548578110479091922588
               255372968701299719482859097156220958183845176
              191529726525974789612144322867165718637883882
             255372968701299719482859097156220958183845176
             95764863262987394806072161433582859318941941
            63843242175324929870714774289055239545961294
          191529726525974789612144322867165718637883882
         191529726525974789612144322867165718637883882
         95764863262987394806072161433582859318941941
        95764863262987394806072161433582859318941941
      287294589788962184418216484300748577956825823
     223451347613637254547501710011693338410864529
    287294589788962184418216484300748577956825823
   127686484350649859741429548578110479091922588
   95764863262987394806072161433582859318941941
 287294589788962184418216484300748577956825823
287294589788962184418216484300748577956825823
------------------------------------------------------------------------------------------------------------------------
317140645897463327065364827884376812417258790795990557646378354069226910437469215544092501984869498672822486613328825144

