                                                                                        97160024930950024447459849908778584587980976078513268152143021889338127124832684011836
                                                                                     *2514545325754882016849533545471632186629294783984678522986424687996668598076365732695893
                                                                                     -----------------------------------------------------------------------------------------
                                                                                       291480074792850073342379549726335753763942928235539804456429065668014381374498052035508
                                                                                      874440224378550220027138649179007261291828784706619413369287197004043144123494156106524
                                                                                     777280199447600195579678799270228676703847808628106145217144175114705016998661472094688
                                                                                    485800124654750122237299249543892922939904880392566340760715109446690635624163420059180
                                                                                   874440224378550220027138649179007261291828784706619413369287197004043144123494156106524
                                                                                  582960149585700146684759099452671507527885856471079608912858131336028762748996104071016
                                                                                 194320049861900048894919699817557169175961952157026536304286043778676254249665368023672
                                                                                291480074792850073342379549726335753763942928235539804456429065668014381374498052035508
                                                                               680120174516650171132218949361450092115866832549592877065001153225366889873828788082852
                                                                              485800124654750122237299249543892922939904880392566340760715109446690635624163420059180
                                                                             582960149585700146684759099452671507527885856471079608912858131336028762748996104071016
                                                                            291480074792850073342379549726335753763942928235539804456429065668014381374498052035508
                                                                           582960149585700146684759099452671507527885856471079608912858131336028762748996104071016
                                                                          680120174516650171132218949361450092115866832549592877065001153225366889873828788082852
                                                                                                                                                               0
                                                                        777280199447600195579678799270228676703847808628106145217144175114705016998661472094688
                                                                       874440224378550220027138649179007261291828784706619413369287197004043144123494156106524
                                                                      485800124654750122237299249543892922939904880392566340760715109446690635624163420059180
                                                                     777280199447600195579678799270228676703847808628106145217144175114705016998661472094688
                                                                    582960149585700146684759099452671507527885856471079608912858131336028762748996104071016
                                                                   582960149585700146684759099452671507527885856471079608912858131336028762748996104071016
                                                                  582960149585700146684759099452671507527885856471079608912858131336028762748996104071016
                                                                 874440224378550220027138649179007261291828784706619413369287197004043144123494156106524
                                                                874440224378550220027138649179007261291828784706619413369287197004043144123494156106524
                                                               680120174516650171132218949361450092115866832549592877065001153225366889873828788082852
                                                              777280199447600195579678799270228676703847808628106145217144175114705016998661472094688
                                                             582960149585700146684759099452671507527885856471079608912858131336028762748996104071016
                                                            388640099723800097789839399635114338351923904314053072608572087557352508499330736047344
                                                           194320049861900048894919699817557169175961952157026536304286043778676254249665368023672
                                                          388640099723800097789839399635114338351923904314053072608572087557352508499330736047344
                                                         582960149585700146684759099452671507527885856471079608912858131336028762748996104071016
                                                        777280199447600195579678799270228676703847808628106145217144175114705016998661472094688
                                                       874440224378550220027138649179007261291828784706619413369287197004043144123494156106524
                                                      194320049861900048894919699817557169175961952157026536304286043778676254249665368023672
                                                     194320049861900048894919699817557169175961952157026536304286043778676254249665368023672
                                                    485800124654750122237299249543892922939904880392566340760715109446690635624163420059180
                                                   777280199447600195579678799270228676703847808628106145217144175114705016998661472094688
                                                  680120174516650171132218949361450092115866832549592877065001153225366889873828788082852
                                                 582960149585700146684759099452671507527885856471079608912858131336028762748996104071016
                                                388640099723800097789839399635114338351923904314053072608572087557352508499330736047344
                                               777280199447600195579678799270228676703847808628106145217144175114705016998661472094688
                                              874440224378550220027138649179007261291828784706619413369287197004043144123494156106524
                                             291480074792850073342379549726335753763942928235539804456429065668014381374498052035508
                                            777280199447600195579678799270228676703847808628106145217144175114705016998661472094688
                                           680120174516650171132218949361450092115866832549592877065001153225366889873828788082852
                                          388640099723800097789839399635114338351923904314053072608572087557352508499330736047344
                                         874440224378550220027138649179007261291828784706619413369287197004043144123494156106524
                                        194320049861900048894919699817557169175961952157026536304286043778676254249665368023672
                                       874440224378550220027138649179007261291828784706619413369287197004043144123494156106524
                                      194320049861900048894919699817557169175961952157026536304286043778676254249665368023672
                                     582960149585700146684759099452671507527885856471079608912858131336028762748996104071016
                                    582960149585700146684759099452671507527885856471079608912858131336028762748996104071016
                                   777280199447600195579678799270228676703847808628106145217144175114705016998661472094688
                                   97160024930950024447459849908778584587980976078513268152143021889338127124832684011836
                                 194320049861900048894919699817557169175961952157026536304286043778676254249665368023672
                                291480074792850073342379549726335753763942928235539804456429065668014381374498052035508
                               582960149585700146684759099452671507527885856471079608912858131336028762748996104071016
                               97160024930950024447459849908778584587980976078513268152143021889338127124832684011836
                             680120174516650171132218949361450092115866832549592877065001153225366889873828788082852
                            388640099723800097789839399635114338351923904314053072608572087557352508499330736047344
                           485800124654750122237299249543892922939904880392566340760715109446690635624163420059180
                          388640099723800097789839399635114338351923904314053072608572087557352508499330736047344
                         485800124654750122237299249543892922939904880392566340760715109446690635624163420059180
                        291480074792850073342379549726335753763942928235539804456429065668014381374498052035508
                       291480074792850073342379549726335753763942928235539804456429065668014381374498052035508
                      485800124654750122237299249543892922939904880392566340760715109446690635624163420059180
                     874440224378550220027138649179007261291828784706619413369287197004043144123494156106524
                    388640099723800097789839399635114338351923904314053072608572087557352508499330736047344
                   777280199447600195579678799270228676703847808628106145217144175114705016998661472094688
                  582960149585700146684759099452671507527885856471079608912858131336028762748996104071016
                  97160024930950024447459849908778584587980976078513268152143021889338127124832684011836
                                                                                                      0
               194320049861900048894919699817557169175961952157026536304286043778676254249665368023672
              777280199447600195579678799270228676703847808628106145217144175114705016998661472094688
             777280199447600195579678799270228676703847808628106145217144175114705016998661472094688
            388640099723800097789839399635114338351923904314053072608572087557352508499330736047344
           485800124654750122237299249543892922939904880392566340760715109446690635624163420059180
          680120174516650171132218949361450092115866832549592877065001153225366889873828788082852
         485800124654750122237299249543892922939904880392566340760715109446690635624163420059180
        194320049861900048894919699817557169175961952157026536304286043778676254249665368023672
       291480074792850073342379549726335753763942928235539804456429065668014381374498052035508
      485800124654750122237299249543892922939904880392566340760715109446690635624163420059180
     388640099723800097789839399635114338351923904314053072608572087557352508499330736047344
    485800124654750122237299249543892922939904880392566340760715109446690635624163420059180
   388640099723800097789839399635114338351923904314053072608572087557352508499330736047344
   97160024930950024447459849908778584587980976078513268152143021889338127124832684011836
 485800124654750122237299249543892922939904880392566340760715109446690635624163420059180
194320049861900048894919699817557169175961952157026536304286043778676254249665368023672
------------------------------------------------------------------------------------------------------------------------------------------------------------------------------
244313286540348187360022389421170793411848797144513684179898492565008067248389191124937790434108051322743273544347421770573209430220458499060585759019682117297743779000589548

