                                                                                                     86
 *37648692466395768480188895055928782552799438005844852731247849718964233187087572058222356141012918332
 ------------------------------------------------------------------------------------------------------
                                                                                                    172
                                                                                                   258
                                                                                                  258
                                                                                                 688
                                                                                                 86
                                                                                               774
                                                                                              172
                                                                                              86
                                                                                              0
                                                                                            86
                                                                                          344
                                                                                          86
                                                                                        516
                                                                                       430
                                                                                      258
                                                                                     172
                                                                                    172
                                                                                   172
                                                                                  688
                                                                                 430
                                                                                  0
                                                                               172
                                                                              602
                                                                             430
                                                                            602
                                                                           688
                                                                            0
                                                                         602
                                                                        688
                                                                        86
                                                                      258
                                                                     258
                                                                    172
                                                                   344
                                                                  516
                                                                 774
                                                                688
                                                                86
                                                              602
                                                             774
                                                            344
                                                           688
                                                          602
                                                         344
                                                        172
                                                        86
                                                      258
                                                     602
                                                    172
                                                   430
                                                  688
                                                 344
                                                344
                                               688
                                              430
                                               0
                                              0
                                           688
                                          258
                                         344
                                        774
                                       774
                                      602
                                     172
                                    430
                                   430
                                  172
                                 688
                                602
                               688
                              172
                             774
                            430
                           430
                            0
                         430
                        774
                       688
                      688
                     688
                     86
                     0
                  688
                 344
                688
               516
              602
             430
            774
           258
          516
         516
        344
       172
      774
     516
    688
   344
  516
 602
258
-------------------------------------------------------------------------------------------------------
3237787552110036089296244974809875299540751668502657334887315075830924054089531197007122628127110976552

