                                                                                                     64
 *29692292824097515743994698585126096316509008850334724293042654364006756666552596068487892068594994560
 ------------------------------------------------------------------------------------------------------
                                                                                                      0
                                                                                                   384
                                                                                                  320
                                                                                                 256
                                                                                                576
                                                                                               576
                                                                                              256
                                                                                             576
                                                                                            320
                                                                                           512
                                                                                          384
                                                                                           0
                                                                                        128
                                                                                       576
                                                                                      512
                                                                                     448
                                                                                    512
                                                                                   256
                                                                                  512
                                                                                 384
                                                                                  0
                                                                               384
                                                                              576
                                                                             320
                                                                            128
                                                                           320
                                                                          320
                                                                         384
                                                                        384
                                                                       384
                                                                      384
                                                                     320
                                                                    448
                                                                   384
                                                                    0
                                                                   0
                                                                256
                                                               384
                                                              192
                                                             256
                                                            320
                                                           384
                                                          128
                                                         256
                                                          0
                                                       192
                                                      576
                                                     128
                                                    256
                                                   128
                                                  448
                                                 256
                                                192
                                               192
                                                0
                                             320
                                            512
                                           512
                                            0
                                           0
                                        576
                                         0
                                      320
                                     384
                                     64
                                   192
                                  384
                                 576
                                  0
                               384
                              128
                              64
                            320
                           512
                          320
                         512
                        576
                       384
                      256
                     576
                    576
                   192
                  256
                 448
                320
                64
              320
             448
            576
             0
          256
         128
        512
       128
      576
     128
    128
   576
  384
 576
128
-------------------------------------------------------------------------------------------------------
1900306740742241007615660709448070164256576566421422354754729879296432426659366148383225092390079651840

