                                                                                           50384178488567466118533494223908046454303169805516370729142532446082523839
                                                                         *7292718198818060693049132655485114386206187993053358261526064585024744353152557993729872488
                                                                         --------------------------------------------------------------------------------------------
                                                                                          403073427908539728948267953791264371634425358444130965833140259568660190712
                                                                                         403073427908539728948267953791264371634425358444130965833140259568660190712
                                                                                        201536713954269864474133976895632185817212679222065482916570129784330095356
                                                                                       100768356977134932237066988447816092908606339611032741458285064892165047678
                                                                                      352689249419972262829734459567356325180122188638614595103997727122577666873
                                                                                     403073427908539728948267953791264371634425358444130965833140259568660190712
                                                                                    453457606397107195066801448015172418088728528249647336562282792014742714551
                                                                                   100768356977134932237066988447816092908606339611032741458285064892165047678
                                                                                  352689249419972262829734459567356325180122188638614595103997727122577666873
                                                                                 151152535465702398355600482671724139362909509416549112187427597338247571517
                                                                                453457606397107195066801448015172418088728528249647336562282792014742714551
                                                                               453457606397107195066801448015172418088728528249647336562282792014742714551
                                                                              352689249419972262829734459567356325180122188638614595103997727122577666873
                                                                             251920892442837330592667471119540232271515849027581853645712662230412619195
                                                                            251920892442837330592667471119540232271515849027581853645712662230412619195
                                                                           100768356977134932237066988447816092908606339611032741458285064892165047678
                                                                          251920892442837330592667471119540232271515849027581853645712662230412619195
                                                                          50384178488567466118533494223908046454303169805516370729142532446082523839
                                                                        151152535465702398355600482671724139362909509416549112187427597338247571517
                                                                       251920892442837330592667471119540232271515849027581853645712662230412619195
                                                                      151152535465702398355600482671724139362909509416549112187427597338247571517
                                                                     201536713954269864474133976895632185817212679222065482916570129784330095356
                                                                    201536713954269864474133976895632185817212679222065482916570129784330095356
                                                                   352689249419972262829734459567356325180122188638614595103997727122577666873
                                                                  201536713954269864474133976895632185817212679222065482916570129784330095356
                                                                 100768356977134932237066988447816092908606339611032741458285064892165047678
                                                                                                                                          0
                                                               251920892442837330592667471119540232271515849027581853645712662230412619195
                                                              403073427908539728948267953791264371634425358444130965833140259568660190712
                                                             251920892442837330592667471119540232271515849027581853645712662230412619195
                                                            201536713954269864474133976895632185817212679222065482916570129784330095356
                                                           302305070931404796711200965343448278725819018833098224374855194676495143034
                                                                                                                                    0
                                                         302305070931404796711200965343448278725819018833098224374855194676495143034
                                                        100768356977134932237066988447816092908606339611032741458285064892165047678
                                                       251920892442837330592667471119540232271515849027581853645712662230412619195
                                                       50384178488567466118533494223908046454303169805516370729142532446082523839
                                                     302305070931404796711200965343448278725819018833098224374855194676495143034
                                                    100768356977134932237066988447816092908606339611032741458285064892165047678
                                                   403073427908539728948267953791264371634425358444130965833140259568660190712
                                                  251920892442837330592667471119540232271515849027581853645712662230412619195
                                                 151152535465702398355600482671724139362909509416549112187427597338247571517
                                                151152535465702398355600482671724139362909509416549112187427597338247571517
                                               251920892442837330592667471119540232271515849027581853645712662230412619195
                                                                                                                        0
                                             151152535465702398355600482671724139362909509416549112187427597338247571517
                                            453457606397107195066801448015172418088728528249647336562282792014742714551
                                           453457606397107195066801448015172418088728528249647336562282792014742714551
                                          352689249419972262829734459567356325180122188638614595103997727122577666873
                                         403073427908539728948267953791264371634425358444130965833140259568660190712
                                         50384178488567466118533494223908046454303169805516370729142532446082523839
                                       302305070931404796711200965343448278725819018833098224374855194676495143034
                                                                                                                0
                                     100768356977134932237066988447816092908606339611032741458285064892165047678
                                    302305070931404796711200965343448278725819018833098224374855194676495143034
                                   403073427908539728948267953791264371634425358444130965833140259568660190712
                                  151152535465702398355600482671724139362909509416549112187427597338247571517
                                 201536713954269864474133976895632185817212679222065482916570129784330095356
                                 50384178488567466118533494223908046454303169805516370729142532446082523839
                                50384178488567466118533494223908046454303169805516370729142532446082523839
                              251920892442837330592667471119540232271515849027581853645712662230412619195
                             403073427908539728948267953791264371634425358444130965833140259568660190712
                            201536713954269864474133976895632185817212679222065482916570129784330095356
                           251920892442837330592667471119540232271515849027581853645712662230412619195
                          251920892442837330592667471119540232271515849027581853645712662230412619195
                         302305070931404796711200965343448278725819018833098224374855194676495143034
                        100768356977134932237066988447816092908606339611032741458285064892165047678
                       151152535465702398355600482671724139362909509416549112187427597338247571517
                       50384178488567466118533494223908046454303169805516370729142532446082523839
                     453457606397107195066801448015172418088728528249647336562282792014742714551
                    201536713954269864474133976895632185817212679222065482916570129784330095356
                                                                                             0
                  151152535465702398355600482671724139362909509416549112187427597338247571517
                 453457606397107195066801448015172418088728528249647336562282792014742714551
                302305070931404796711200965343448278725819018833098224374855194676495143034
                                                                                         0
              302305070931404796711200965343448278725819018833098224374855194676495143034
                                                                                       0
            403073427908539728948267953791264371634425358444130965833140259568660190712
            50384178488567466118533494223908046454303169805516370729142532446082523839
          403073427908539728948267953791264371634425358444130965833140259568660190712
         403073427908539728948267953791264371634425358444130965833140259568660190712
        453457606397107195066801448015172418088728528249647336562282792014742714551
        50384178488567466118533494223908046454303169805516370729142532446082523839
      403073427908539728948267953791264371634425358444130965833140259568660190712
      50384178488567466118533494223908046454303169805516370729142532446082523839
    352689249419972262829734459567356325180122188638614595103997727122577666873
   100768356977134932237066988447816092908606339611032741458285064892165047678
  453457606397107195066801448015172418088728528249647336562282792014742714551
 100768356977134932237066988447816092908606339611032741458285064892165047678
352689249419972262829734459567356325180122188638614595103997727122577666873
---------------------------------------------------------------------------------------------------------------------------------------------------------------------
367437615396073411086446340792982924063458337767972659052203443749445298067980576058480112968242517590415756514372909771127902667596602241724495979295472654690241432

