                                                                      4769890212905031431535881478135501581512703316459603192
                                                      *4401536038529132945252711415618958112726688692887412693835497293104386
                                                      -----------------------------------------------------------------------
                                                                     28619341277430188589215288868813009489076219898757619152
                                                                    38159121703240251452287051825084012652101626531676825536
                                                                   14309670638715094294607644434406504744538109949378809576
                                                                  19079560851620125726143525912542006326050813265838412768
                                                                                                                        0
                                                                 4769890212905031431535881478135501581512703316459603192
                                                               14309670638715094294607644434406504744538109949378809576
                                                              42929011916145282883822933303219514233614329848136428728
                                                              9539780425810062863071762956271003163025406632919206384
                                                            33389231490335220020751170346948511070588923215217222344
                                                           42929011916145282883822933303219514233614329848136428728
                                                          19079560851620125726143525912542006326050813265838412768
                                                         23849451064525157157679407390677507907563516582298015960
                                                        14309670638715094294607644434406504744538109949378809576
                                                       38159121703240251452287051825084012652101626531676825536
                                                      14309670638715094294607644434406504744538109949378809576
                                                     42929011916145282883822933303219514233614329848136428728
                                                    28619341277430188589215288868813009489076219898757619152
                                                    9539780425810062863071762956271003163025406632919206384
                                                   4769890212905031431535881478135501581512703316459603192
                                                 19079560851620125726143525912542006326050813265838412768
                                                33389231490335220020751170346948511070588923215217222344
                                               38159121703240251452287051825084012652101626531676825536
                                              38159121703240251452287051825084012652101626531676825536
                                              9539780425810062863071762956271003163025406632919206384
                                            42929011916145282883822933303219514233614329848136428728
                                           28619341277430188589215288868813009489076219898757619152
                                          38159121703240251452287051825084012652101626531676825536
                                         38159121703240251452287051825084012652101626531676825536
                                        28619341277430188589215288868813009489076219898757619152
                                       28619341277430188589215288868813009489076219898757619152
                                       9539780425810062863071762956271003163025406632919206384
                                     33389231490335220020751170346948511070588923215217222344
                                     9539780425810062863071762956271003163025406632919206384
                                    4769890212905031431535881478135501581512703316459603192
                                   4769890212905031431535881478135501581512703316459603192
                                 38159121703240251452287051825084012652101626531676825536
                                23849451064525157157679407390677507907563516582298015960
                               42929011916145282883822933303219514233614329848136428728
                              38159121703240251452287051825084012652101626531676825536
                              4769890212905031431535881478135501581512703316459603192
                            28619341277430188589215288868813009489076219898757619152
                           23849451064525157157679407390677507907563516582298015960
                           4769890212905031431535881478135501581512703316459603192
                         19079560851620125726143525912542006326050813265838412768
                         4769890212905031431535881478135501581512703316459603192
                        4769890212905031431535881478135501581512703316459603192
                      33389231490335220020751170346948511070588923215217222344
                      9539780425810062863071762956271003163025406632919206384
                    23849451064525157157679407390677507907563516582298015960
                    9539780425810062863071762956271003163025406632919206384
                  23849451064525157157679407390677507907563516582298015960
                 19079560851620125726143525912542006326050813265838412768
                42929011916145282883822933303219514233614329848136428728
                9539780425810062863071762956271003163025406632919206384
              14309670638715094294607644434406504744538109949378809576
              4769890212905031431535881478135501581512703316459603192
            42929011916145282883822933303219514233614329848136428728
            9539780425810062863071762956271003163025406632919206384
          23849451064525157157679407390677507907563516582298015960
         38159121703240251452287051825084012652101626531676825536
        14309670638715094294607644434406504744538109949378809576
                                                              0
      28619341277430188589215288868813009489076219898757619152
     14309670638715094294607644434406504744538109949378809576
    23849451064525157157679407390677507907563516582298015960
    4769890212905031431535881478135501581512703316459603192
                                                         0
 19079560851620125726143525912542006326050813265838412768
19079560851620125726143525912542006326050813265838412768
-----------------------------------------------------------------------------------------------------------------------------
20994843671928894574314434010846510095707059068885476842214027460767649640327703446130886464730687492426021915162111394800112

