                 225352664029998170116969639252064
                                *69085636935916727
                ----------------------------------
                1577468648209987190818787474764448
                450705328059996340233939278504128
              1577468648209987190818787474764448
             1352115984179989020701817835512384
             225352664029998170116969639252064
           2028173976269983531052726753268576
          1126763320149990850584848196260320
          676057992089994510350908917756192
        2028173976269983531052726753268576
       1352115984179989020701817835512384
       676057992089994510350908917756192
     1352115984179989020701817835512384
    1126763320149990850584848196260320
   1802821312239985360935757114016512
                                   0
 2028173976269983531052726753268576
1352115984179989020701817835512384
--------------------------------------------------
15568632329718074401053559112282837679866466874528

