                                38998063127655221624487687340722511428731507
                                          *129192630499123195456699572622325
                               ---------------------------------------------
                               194990315638276108122438436703612557143657535
                               77996126255310443248975374681445022857463014
                             116994189382965664873463062022167534286194521
                             77996126255310443248975374681445022857463014
                            77996126255310443248975374681445022857463014
                          233988378765931329746926124044335068572389042
                          77996126255310443248975374681445022857463014
                        272986441893586551371413811385057580001120549
                       194990315638276108122438436703612557143657535
                      350982568148896994620389186066502602858583563
                     350982568148896994620389186066502602858583563
                    233988378765931329746926124044335068572389042
                   233988378765931329746926124044335068572389042
                  194990315638276108122438436703612557143657535
                 155992252510620886497950749362890045714926028
                194990315638276108122438436703612557143657535
               350982568148896994620389186066502602858583563
               38998063127655221624487687340722511428731507
             116994189382965664873463062022167534286194521
             77996126255310443248975374681445022857463014
            38998063127655221624487687340722511428731507
          350982568148896994620389186066502602858583563
         350982568148896994620389186066502602858583563
        155992252510620886497950749362890045714926028
                                                   0
      116994189382965664873463062022167534286194521
     233988378765931329746926124044335068572389042
     77996126255310443248975374681445022857463014
   350982568148896994620389186066502602858583563
   38998063127655221624487687340722511428731507
 350982568148896994620389186066502602858583563
 77996126255310443248975374681445022857463014
38998063127655221624487687340722511428731507
----------------------------------------------------------------------------
5038262359832641699797802569311622810732061791162983735586789674700339093775

