                                                                                                     66
 *45470904476904915710811370699263700701159849241723805942902928398379594478492575855450640833663500469
 ------------------------------------------------------------------------------------------------------
                                                                                                    594
                                                                                                   396
                                                                                                  264
                                                                                                   0
                                                                                                  0
                                                                                               330
                                                                                              198
                                                                                             396
                                                                                            396
                                                                                           198
                                                                                          198
                                                                                         528
                                                                                          0
                                                                                       264
                                                                                      396
                                                                                       0
                                                                                    330
                                                                                   264
                                                                                  330
                                                                                 330
                                                                                528
                                                                               330
                                                                              462
                                                                             330
                                                                            132
                                                                           594
                                                                          264
                                                                         528
                                                                        462
                                                                       264
                                                                      264
                                                                     594
                                                                    330
                                                                   594
                                                                  462
                                                                 198
                                                                528
                                                               594
                                                              198
                                                             528
                                                            132
                                                           594
                                                          132
                                                           0
                                                        594
                                                       132
                                                      264
                                                     594
                                                    330
                                                     0
                                                  528
                                                 198
                                                132
                                               462
                                               66
                                             264
                                            132
                                           594
                                          264
                                         528
                                        594
                                       330
                                       66
                                      66
                                      0
                                   462
                                    0
                                   0
                                462
                               198
                              396
                             132
                            594
                           594
                          396
                           0
                        462
                       198
                       66
                      66
                    528
                     0
                   66
                 462
                330
                66
              594
             264
              0
           594
          396
         462
        264
       264
        0
     594
      0
   462
  264
 330
264
-------------------------------------------------------------------------------------------------------
3001079695475724436913550466151404246276550049953771192231593274293053235580510006459742295021791030954

