              66039867164792245490597895
                         *26644214512184
             ---------------------------
             264159468659168981962391580
            528318937318337963924783160
            66039867164792245490597895
          132079734329584490981195790
          66039867164792245490597895
        330199335823961227452989475
       264159468659168981962391580
       66039867164792245490597895
     132079734329584490981195790
    264159468659168981962391580
   264159468659168981962391580
  396239202988753472943587370
 396239202988753472943587370
132079734329584490981195790
----------------------------------------
1759580387094861178323976766685922252680

