                                                                          437677584496726876075473928907831699357797379066763311604504298458394173810717493824995346875
                                                                                            *61144086824931106044383246604361576085667051272876214539209735883491958754
                                                                         ----------------------------------------------------------------------------------------------
                                                                         1750710337986907504301895715631326797431189516267053246418017193833576695242869975299981387500
                                                                        2188387922483634380377369644539158496788986895333816558022521492291970869053587469124976734375
                                                                       3063743091477088132528317502354821895504581653467343181231530089208759216675022456774967428125
                                                                      3501420675973815008603791431262653594862379032534106492836034387667153390485739950599962775000
                                                                     2188387922483634380377369644539158496788986895333816558022521492291970869053587469124976734375
                                                                    3939098260470541884679265360170485294220176411600869804440538686125547564296457444424958121875
                                                                    437677584496726876075473928907831699357797379066763311604504298458394173810717493824995346875
                                                                  3939098260470541884679265360170485294220176411600869804440538686125547564296457444424958121875
                                                                 1750710337986907504301895715631326797431189516267053246418017193833576695242869975299981387500
                                                                1313032753490180628226421786723495098073392137200289934813512895375182521432152481474986040625
                                                               3501420675973815008603791431262653594862379032534106492836034387667153390485739950599962775000
                                                              3501420675973815008603791431262653594862379032534106492836034387667153390485739950599962775000
                                                             2188387922483634380377369644539158496788986895333816558022521492291970869053587469124976734375
                                                            1313032753490180628226421786723495098073392137200289934813512895375182521432152481474986040625
                                                           3063743091477088132528317502354821895504581653467343181231530089208759216675022456774967428125
                                                          3939098260470541884679265360170485294220176411600869804440538686125547564296457444424958121875
                                                                                                                                                      0
                                                         875355168993453752150947857815663398715594758133526623209008596916788347621434987649990693750
                                                       3939098260470541884679265360170485294220176411600869804440538686125547564296457444424958121875
                                                      1313032753490180628226421786723495098073392137200289934813512895375182521432152481474986040625
                                                     2188387922483634380377369644539158496788986895333816558022521492291970869053587469124976734375
                                                    1750710337986907504301895715631326797431189516267053246418017193833576695242869975299981387500
                                                    437677584496726876075473928907831699357797379066763311604504298458394173810717493824995346875
                                                   875355168993453752150947857815663398715594758133526623209008596916788347621434987649990693750
                                                 2626065506980361256452843573446990196146784274400579869627025790750365042864304962949972081250
                                                3063743091477088132528317502354821895504581653467343181231530089208759216675022456774967428125
                                               3501420675973815008603791431262653594862379032534106492836034387667153390485739950599962775000
                                               875355168993453752150947857815663398715594758133526623209008596916788347621434987649990693750
                                             3063743091477088132528317502354821895504581653467343181231530089208759216675022456774967428125
                                             875355168993453752150947857815663398715594758133526623209008596916788347621434987649990693750
                                            437677584496726876075473928907831699357797379066763311604504298458394173810717493824995346875
                                          2188387922483634380377369644539158496788986895333816558022521492291970869053587469124976734375
                                                                                                                                      0
                                        3063743091477088132528317502354821895504581653467343181231530089208759216675022456774967428125
                                       2626065506980361256452843573446990196146784274400579869627025790750365042864304962949972081250
                                      2626065506980361256452843573446990196146784274400579869627025790750365042864304962949972081250
                                     2188387922483634380377369644539158496788986895333816558022521492291970869053587469124976734375
                                    3501420675973815008603791431262653594862379032534106492836034387667153390485739950599962775000
                                                                                                                                0
                                  2626065506980361256452843573446990196146784274400579869627025790750365042864304962949972081250
                                 3063743091477088132528317502354821895504581653467343181231530089208759216675022456774967428125
                                2188387922483634380377369644539158496788986895333816558022521492291970869053587469124976734375
                                437677584496726876075473928907831699357797379066763311604504298458394173810717493824995346875
                              2626065506980361256452843573446990196146784274400579869627025790750365042864304962949972081250
                             1313032753490180628226421786723495098073392137200289934813512895375182521432152481474986040625
                            1750710337986907504301895715631326797431189516267053246418017193833576695242869975299981387500
                                                                                                                        0
                          2626065506980361256452843573446990196146784274400579869627025790750365042864304962949972081250
                         2626065506980361256452843573446990196146784274400579869627025790750365042864304962949972081250
                        1750710337986907504301895715631326797431189516267053246418017193833576695242869975299981387500
                        875355168993453752150947857815663398715594758133526623209008596916788347621434987649990693750
                      1313032753490180628226421786723495098073392137200289934813512895375182521432152481474986040625
                     3501420675973815008603791431262653594862379032534106492836034387667153390485739950599962775000
                    1313032753490180628226421786723495098073392137200289934813512895375182521432152481474986040625
                   1750710337986907504301895715631326797431189516267053246418017193833576695242869975299981387500
                  1750710337986907504301895715631326797431189516267053246418017193833576695242869975299981387500
                                                                                                              0
                2626065506980361256452843573446990196146784274400579869627025790750365042864304962949972081250
                                                                                                            0
               437677584496726876075473928907831699357797379066763311604504298458394173810717493824995346875
              437677584496726876075473928907831699357797379066763311604504298458394173810717493824995346875
            1313032753490180628226421786723495098073392137200289934813512895375182521432152481474986040625
           3939098260470541884679265360170485294220176411600869804440538686125547564296457444424958121875
          1750710337986907504301895715631326797431189516267053246418017193833576695242869975299981387500
          875355168993453752150947857815663398715594758133526623209008596916788347621434987649990693750
        3501420675973815008603791431262653594862379032534106492836034387667153390485739950599962775000
       2626065506980361256452843573446990196146784274400579869627025790750365042864304962949972081250
      3501420675973815008603791431262653594862379032534106492836034387667153390485739950599962775000
                                                                                                  0
    1750710337986907504301895715631326797431189516267053246418017193833576695242869975299981387500
   1750710337986907504301895715631326797431189516267053246418017193833576695242869975299981387500
   437677584496726876075473928907831699357797379066763311604504298458394173810717493824995346875
  437677584496726876075473928907831699357797379066763311604504298458394173810717493824995346875
2626065506980361256452843573446990196146784274400579869627025790750365042864304962949972081250
-----------------------------------------------------------------------------------------------------------------------------------------------------------------------
26761396227793988698989027826683525066641127221222694636641447945393034788736584798182414193794872688219509686780493125745070994276635646558935672280866820529422793750

