                                                                                                     45752529726924217600817180069253838081954557978739820548545561854752958314002986868823777234319895080
                                                                                                    *92143262120719046829163261212021336662875956951634540877099201435091289884470633098186885806959559788
                                                                                                    ------------------------------------------------------------------------------------------------------
                                                                                                    366020237815393740806537440554030704655636463829918564388364494838023666512023894950590217874559160640
                                                                                                   366020237815393740806537440554030704655636463829918564388364494838023666512023894950590217874559160640
                                                                                                  320267708088469523205720260484776866573681905851178743839818932983270708198020908081766440640239265560
                                                                                                 411772767542317958407354620623284542737591021808658384936910056692776624826026881819413995108879055720
                                                                                                228762648634621088004085900346269190409772789893699102742727809273764791570014934344118886171599475400
                                                                                               228762648634621088004085900346269190409772789893699102742727809273764791570014934344118886171599475400
                                                                                              411772767542317958407354620623284542737591021808658384936910056692776624826026881819413995108879055720
                                                                                             228762648634621088004085900346269190409772789893699102742727809273764791570014934344118886171599475400
                                                                                            411772767542317958407354620623284542737591021808658384936910056692776624826026881819413995108879055720
                                                                                           274515178361545305604903080415523028491727347872438923291273371128517749884017921212942663405919370480
                                                                                                                                                                                               0
                                                                                         366020237815393740806537440554030704655636463829918564388364494838023666512023894950590217874559160640
                                                                                        228762648634621088004085900346269190409772789893699102742727809273764791570014934344118886171599475400
                                                                                       366020237815393740806537440554030704655636463829918564388364494838023666512023894950590217874559160640
                                                                                      366020237815393740806537440554030704655636463829918564388364494838023666512023894950590217874559160640
                                                                                     274515178361545305604903080415523028491727347872438923291273371128517749884017921212942663405919370480
                                                                                    366020237815393740806537440554030704655636463829918564388364494838023666512023894950590217874559160640
                                                                                    45752529726924217600817180069253838081954557978739820548545561854752958314002986868823777234319895080
                                                                                  366020237815393740806537440554030704655636463829918564388364494838023666512023894950590217874559160640
                                                                                 411772767542317958407354620623284542737591021808658384936910056692776624826026881819413995108879055720
                                                                                                                                                                                     0
                                                                               137257589180772652802451540207761514245863673936219461645636685564258874942008960606471331702959685240
                                                                              137257589180772652802451540207761514245863673936219461645636685564258874942008960606471331702959685240
                                                                             274515178361545305604903080415523028491727347872438923291273371128517749884017921212942663405919370480
                                                                                                                                                                                 0
                                                                           320267708088469523205720260484776866573681905851178743839818932983270708198020908081766440640239265560
                                                                          183010118907696870403268720277015352327818231914959282194182247419011833256011947475295108937279580320
                                                                         183010118907696870403268720277015352327818231914959282194182247419011833256011947475295108937279580320
                                                                        366020237815393740806537440554030704655636463829918564388364494838023666512023894950590217874559160640
                                                                       366020237815393740806537440554030704655636463829918564388364494838023666512023894950590217874559160640
                                                                      411772767542317958407354620623284542737591021808658384936910056692776624826026881819413995108879055720
                                                                     366020237815393740806537440554030704655636463829918564388364494838023666512023894950590217874559160640
                                                                     91505059453848435201634360138507676163909115957479641097091123709505916628005973737647554468639790160
                                                                    45752529726924217600817180069253838081954557978739820548545561854752958314002986868823777234319895080
                                                                  411772767542317958407354620623284542737591021808658384936910056692776624826026881819413995108879055720
                                                                                                                                                                      0
                                                                228762648634621088004085900346269190409772789893699102742727809273764791570014934344118886171599475400
                                                               137257589180772652802451540207761514245863673936219461645636685564258874942008960606471331702959685240
                                                              183010118907696870403268720277015352327818231914959282194182247419011833256011947475295108937279580320
                                                              45752529726924217600817180069253838081954557978739820548545561854752958314002986868823777234319895080
                                                                                                                                                                 0
                                                            91505059453848435201634360138507676163909115957479641097091123709505916628005973737647554468639790160
                                                          411772767542317958407354620623284542737591021808658384936910056692776624826026881819413995108879055720
                                                         411772767542317958407354620623284542737591021808658384936910056692776624826026881819413995108879055720
                                                                                                                                                             0
                                                       320267708088469523205720260484776866573681905851178743839818932983270708198020908081766440640239265560
                                                      320267708088469523205720260484776866573681905851178743839818932983270708198020908081766440640239265560
                                                     366020237815393740806537440554030704655636463829918564388364494838023666512023894950590217874559160640
                                                                                                                                                         0
                                                   183010118907696870403268720277015352327818231914959282194182247419011833256011947475295108937279580320
                                                  228762648634621088004085900346269190409772789893699102742727809273764791570014934344118886171599475400
                                                 183010118907696870403268720277015352327818231914959282194182247419011833256011947475295108937279580320
                                                137257589180772652802451540207761514245863673936219461645636685564258874942008960606471331702959685240
                                               274515178361545305604903080415523028491727347872438923291273371128517749884017921212942663405919370480
                                               45752529726924217600817180069253838081954557978739820548545561854752958314002986868823777234319895080
                                             228762648634621088004085900346269190409772789893699102742727809273764791570014934344118886171599475400
                                            411772767542317958407354620623284542737591021808658384936910056692776624826026881819413995108879055720
                                           274515178361545305604903080415523028491727347872438923291273371128517749884017921212942663405919370480
                                          228762648634621088004085900346269190409772789893699102742727809273764791570014934344118886171599475400
                                         411772767542317958407354620623284542737591021808658384936910056692776624826026881819413995108879055720
                                        228762648634621088004085900346269190409772789893699102742727809273764791570014934344118886171599475400
                                       320267708088469523205720260484776866573681905851178743839818932983270708198020908081766440640239265560
                                      366020237815393740806537440554030704655636463829918564388364494838023666512023894950590217874559160640
                                      91505059453848435201634360138507676163909115957479641097091123709505916628005973737647554468639790160
                                    274515178361545305604903080415523028491727347872438923291273371128517749884017921212942663405919370480
                                   274515178361545305604903080415523028491727347872438923291273371128517749884017921212942663405919370480
                                  274515178361545305604903080415523028491727347872438923291273371128517749884017921212942663405919370480
                                 137257589180772652802451540207761514245863673936219461645636685564258874942008960606471331702959685240
                                137257589180772652802451540207761514245863673936219461645636685564258874942008960606471331702959685240
                                45752529726924217600817180069253838081954557978739820548545561854752958314002986868823777234319895080
                               91505059453848435201634360138507676163909115957479641097091123709505916628005973737647554468639790160
                                                                                                                                  0
                             91505059453848435201634360138507676163909115957479641097091123709505916628005973737647554468639790160
                            45752529726924217600817180069253838081954557978739820548545561854752958314002986868823777234319895080
                           91505059453848435201634360138507676163909115957479641097091123709505916628005973737647554468639790160
                          45752529726924217600817180069253838081954557978739820548545561854752958314002986868823777234319895080
                        274515178361545305604903080415523028491727347872438923291273371128517749884017921212942663405919370480
                        91505059453848435201634360138507676163909115957479641097091123709505916628005973737647554468639790160
                      137257589180772652802451540207761514245863673936219461645636685564258874942008960606471331702959685240
                     274515178361545305604903080415523028491727347872438923291273371128517749884017921212942663405919370480
                     45752529726924217600817180069253838081954557978739820548545561854752958314002986868823777234319895080
                   411772767542317958407354620623284542737591021808658384936910056692776624826026881819413995108879055720
                   91505059453848435201634360138507676163909115957479641097091123709505916628005973737647554468639790160
                 366020237815393740806537440554030704655636463829918564388364494838023666512023894950590217874559160640
                274515178361545305604903080415523028491727347872438923291273371128517749884017921212942663405919370480
               183010118907696870403268720277015352327818231914959282194182247419011833256011947475295108937279580320
                                                                                                                   0
             411772767542317958407354620623284542737591021808658384936910056692776624826026881819413995108879055720
             45752529726924217600817180069253838081954557978739820548545561854752958314002986868823777234319895080
           320267708088469523205720260484776866573681905851178743839818932983270708198020908081766440640239265560
                                                                                                               0
          91505059453848435201634360138507676163909115957479641097091123709505916628005973737647554468639790160
         45752529726924217600817180069253838081954557978739820548545561854752958314002986868823777234319895080
        91505059453848435201634360138507676163909115957479641097091123709505916628005973737647554468639790160
      274515178361545305604903080415523028491727347872438923291273371128517749884017921212942663405919370480
      91505059453848435201634360138507676163909115957479641097091123709505916628005973737647554468639790160
    137257589180772652802451540207761514245863673936219461645636685564258874942008960606471331702959685240
   183010118907696870403268720277015352327818231914959282194182247419011833256011947475295108937279580320
   45752529726924217600817180069253838081954557978739820548545561854752958314002986868823777234319895080
  91505059453848435201634360138507676163909115957479641097091123709505916628005973737647554468639790160
411772767542317958407354620623284542737591021808658384936910056692776624826026881819413995108879055720
----------------------------------------------------------------------------------------------------------------------------------------------------------------------------------------------------------
4215787339313968415194357657365929619439262576240926502359050002645337372509055080405725077868648751794350831964232084810541270329781135359526926476937362919560682496140306256151009786184459327147043040

