                                                    2563595458716787587236510813341507
                                 *8574032849536113349969773114722679082367220941276162
                                 -----------------------------------------------------
                                                    5127190917433575174473021626683014
                                                  15381572752300725523419064880049042
                                                  2563595458716787587236510813341507
                                                15381572752300725523419064880049042
                                               17945168211017513110655575693390549
                                               5127190917433575174473021626683014
                                              2563595458716787587236510813341507
                                            10254381834867150348946043253366028
                                           23072359128451088285128597320073563
                                                                            0
                                          5127190917433575174473021626683014
                                         5127190917433575174473021626683014
                                       17945168211017513110655575693390549
                                      15381572752300725523419064880049042
                                      7690786376150362761709532440024521
                                     5127190917433575174473021626683014
                                   20508763669734300697892086506732056
                                                                    0
                                 23072359128451088285128597320073563
                                17945168211017513110655575693390549
                               15381572752300725523419064880049042
                               5127190917433575174473021626683014
                              5127190917433575174473021626683014
                            17945168211017513110655575693390549
                           10254381834867150348946043253366028
                           2563595458716787587236510813341507
                          2563595458716787587236510813341507
                         7690786376150362761709532440024521
                       17945168211017513110655575693390549
                      17945168211017513110655575693390549
                     23072359128451088285128597320073563
                    15381572752300725523419064880049042
                   23072359128451088285128597320073563
                  23072359128451088285128597320073563
                 10254381834867150348946043253366028
                 7690786376150362761709532440024521
                7690786376150362761709532440024521
               2563595458716787587236510813341507
              2563595458716787587236510813341507
            15381572752300725523419064880049042
            7690786376150362761709532440024521
          12817977293583937936182554066707535
         23072359128451088285128597320073563
        10254381834867150348946043253366028
       20508763669734300697892086506732056
       5127190917433575174473021626683014
      7690786376150362761709532440024521
                                      0
   10254381834867150348946043253366028
  17945168211017513110655575693390549
 12817977293583937936182554066707535
20508763669734300697892086506732056
--------------------------------------------------------------------------------------
21980351675959337910061251034537478296595792833360158579663768215354926854132104256134

