                                                               2241648695759697915684015262840064139009584554246805316832027034548558417962496087619
                                                                                   *3025153287735383700762169247866169774092775304684750077092788405
                                                              --------------------------------------------------------------------------------------
                                                              11208243478798489578420076314200320695047922771234026584160135172742792089812480438095
                                                                                                                                                  0
                                                             8966594783038791662736061051360256556038338216987221267328108138194233671849984350476
                                                           17933189566077583325472122102720513112076676433974442534656216276388467343699968700952
                                                          17933189566077583325472122102720513112076676433974442534656216276388467343699968700952
                                                         15691540870317885409788106839880448973067091879727637217824189241839908925737472613333
                                                         4483297391519395831368030525680128278019169108493610633664054069097116835924992175238
                                                       20174838261837281241156137365560577251086260988221247851488243310937025761662464788571
                                                                                                                                           0
                                                     15691540870317885409788106839880448973067091879727637217824189241839908925737472613333
                                                    15691540870317885409788106839880448973067091879727637217824189241839908925737472613333
                                                                                                                                        0
                                                                                                                                       0
                                                 11208243478798489578420076314200320695047922771234026584160135172742792089812480438095
                                                15691540870317885409788106839880448973067091879727637217824189241839908925737472613333
                                                8966594783038791662736061051360256556038338216987221267328108138194233671849984350476
                                              17933189566077583325472122102720513112076676433974442534656216276388467343699968700952
                                             13449892174558187494104091577040384834057507325480831900992162207291350507774976525714
                                             8966594783038791662736061051360256556038338216987221267328108138194233671849984350476
                                                                                                                                0
                                           6724946087279093747052045788520192417028753662740415950496081103645675253887488262857
                                         11208243478798489578420076314200320695047922771234026584160135172742792089812480438095
                                        15691540870317885409788106839880448973067091879727637217824189241839908925737472613333
                                       15691540870317885409788106839880448973067091879727637217824189241839908925737472613333
                                       4483297391519395831368030525680128278019169108493610633664054069097116835924992175238
                                     20174838261837281241156137365560577251086260988221247851488243310937025761662464788571
                                                                                                                         0
                                    8966594783038791662736061051360256556038338216987221267328108138194233671849984350476
                                  15691540870317885409788106839880448973067091879727637217824189241839908925737472613333
                                 15691540870317885409788106839880448973067091879727637217824189241839908925737472613333
                                20174838261837281241156137365560577251086260988221247851488243310937025761662464788571
                               13449892174558187494104091577040384834057507325480831900992162207291350507774976525714
                               2241648695759697915684015262840064139009584554246805316832027034548558417962496087619
                             13449892174558187494104091577040384834057507325480831900992162207291350507774976525714
                            13449892174558187494104091577040384834057507325480831900992162207291350507774976525714
                           17933189566077583325472122102720513112076676433974442534656216276388467343699968700952
                          15691540870317885409788106839880448973067091879727637217824189241839908925737472613333
                          8966594783038791662736061051360256556038338216987221267328108138194233671849984350476
                         4483297391519395831368030525680128278019169108493610633664054069097116835924992175238
                       20174838261837281241156137365560577251086260988221247851488243310937025761662464788571
                      13449892174558187494104091577040384834057507325480831900992162207291350507774976525714
                      2241648695759697915684015262840064139009584554246805316832027034548558417962496087619
                     4483297391519395831368030525680128278019169108493610633664054069097116835924992175238
                   13449892174558187494104091577040384834057507325480831900992162207291350507774976525714
                  15691540870317885409788106839880448973067091879727637217824189241839908925737472613333
                                                                                                      0
                                                                                                     0
               15691540870317885409788106839880448973067091879727637217824189241839908925737472613333
               6724946087279093747052045788520192417028753662740415950496081103645675253887488262857
             17933189566077583325472122102720513112076676433974442534656216276388467343699968700952
             6724946087279093747052045788520192417028753662740415950496081103645675253887488262857
           11208243478798489578420076314200320695047922771234026584160135172742792089812480438095
           6724946087279093747052045788520192417028753662740415950496081103645675253887488262857
         15691540870317885409788106839880448973067091879727637217824189241839908925737472613333
        15691540870317885409788106839880448973067091879727637217824189241839908925737472613333
       17933189566077583325472122102720513112076676433974442534656216276388467343699968700952
       4483297391519395831368030525680128278019169108493610633664054069097116835924992175238
      6724946087279093747052045788520192417028753662740415950496081103645675253887488262857
    11208243478798489578420076314200320695047922771234026584160135172742792089812480438095
    2241648695759697915684015262840064139009584554246805316832027034548558417962496087619
  11208243478798489578420076314200320695047922771234026584160135172742792089812480438095
  4483297391519395831368030525680128278019169108493610633664054069097116835924992175238
                                                                                     0
6724946087279093747052045788520192417028753662740415950496081103645675253887488262857
----------------------------------------------------------------------------------------------------------------------------------------------------
6781330921925185025455004290284137558005365859063227462627869368695465521701586057200866597745402237825789989237633541625121370937372358451907257695

