                                                                                   411193419636266082893797653730761880222295822521711180845228295483
                                                                 *51673532767074185094546739694539697950136834352952306070049492362058172866201596736
                                                                 ------------------------------------------------------------------------------------
                                                                                  2467160517817596497362785922384571281333774935130267085071369772898
                                                                                 1233580258908798248681392961192285640666887467565133542535684886449
                                                                                2878353937453862580256583576115333161556070757651978265916598068381
                                                                               2467160517817596497362785922384571281333774935130267085071369772898
                                                                              3700740776726394746044178883576856922000662402695400627607054659347
                                                                             2055967098181330414468988268653809401111479112608555904226141477415
                                                                             411193419636266082893797653730761880222295822521711180845228295483
                                                                                                                                             0
                                                                           822386839272532165787595307461523760444591645043422361690456590966
                                                                         2467160517817596497362785922384571281333774935130267085071369772898
                                                                        2467160517817596497362785922384571281333774935130267085071369772898
                                                                       3289547357090128663150381229846095041778366580173689446761826363864
                                                                       822386839272532165787595307461523760444591645043422361690456590966
                                                                     2878353937453862580256583576115333161556070757651978265916598068381
                                                                     411193419636266082893797653730761880222295822521711180845228295483
                                                                   3289547357090128663150381229846095041778366580173689446761826363864
                                                                  2055967098181330414468988268653809401111479112608555904226141477415
                                                                                                                                   0
                                                                 822386839272532165787595307461523760444591645043422361690456590966
                                                               2467160517817596497362785922384571281333774935130267085071369772898
                                                              1233580258908798248681392961192285640666887467565133542535684886449
                                                              822386839272532165787595307461523760444591645043422361690456590966
                                                            3700740776726394746044178883576856922000662402695400627607054659347
                                                           1644773678545064331575190614923047520889183290086844723380913181932
                                                          3700740776726394746044178883576856922000662402695400627607054659347
                                                         1644773678545064331575190614923047520889183290086844723380913181932
                                                                                                                          0
                                                                                                                         0
                                                      2878353937453862580256583576115333161556070757651978265916598068381
                                                                                                                       0
                                                    2467160517817596497362785922384571281333774935130267085071369772898
                                                                                                                     0
                                                  1233580258908798248681392961192285640666887467565133542535684886449
                                                  822386839272532165787595307461523760444591645043422361690456590966
                                                2055967098181330414468988268653809401111479112608555904226141477415
                                               3700740776726394746044178883576856922000662402695400627607054659347
                                               822386839272532165787595307461523760444591645043422361690456590966
                                             2055967098181330414468988268653809401111479112608555904226141477415
                                            1233580258908798248681392961192285640666887467565133542535684886449
                                           1644773678545064331575190614923047520889183290086844723380913181932
                                          1233580258908798248681392961192285640666887467565133542535684886449
                                         3289547357090128663150381229846095041778366580173689446761826363864
                                        2467160517817596497362785922384571281333774935130267085071369772898
                                       1233580258908798248681392961192285640666887467565133542535684886449
                                       411193419636266082893797653730761880222295822521711180845228295483
                                                                                                       0
                                    2055967098181330414468988268653809401111479112608555904226141477415
                                   3700740776726394746044178883576856922000662402695400627607054659347
                                  2878353937453862580256583576115333161556070757651978265916598068381
                                 3700740776726394746044178883576856922000662402695400627607054659347
                                2467160517817596497362785922384571281333774935130267085071369772898
                               3700740776726394746044178883576856922000662402695400627607054659347
                              1233580258908798248681392961192285640666887467565133542535684886449
                             2055967098181330414468988268653809401111479112608555904226141477415
                            1644773678545064331575190614923047520889183290086844723380913181932
                           3700740776726394746044178883576856922000662402695400627607054659347
                          2467160517817596497362785922384571281333774935130267085071369772898
                         3700740776726394746044178883576856922000662402695400627607054659347
                        1233580258908798248681392961192285640666887467565133542535684886449
                       2878353937453862580256583576115333161556070757651978265916598068381
                      2467160517817596497362785922384571281333774935130267085071369772898
                     1644773678545064331575190614923047520889183290086844723380913181932
                    2055967098181330414468988268653809401111479112608555904226141477415
                   1644773678545064331575190614923047520889183290086844723380913181932
                  3700740776726394746044178883576856922000662402695400627607054659347
                                                                                   0
                2055967098181330414468988268653809401111479112608555904226141477415
               3289547357090128663150381229846095041778366580173689446761826363864
               411193419636266082893797653730761880222295822521711180845228295483
             1644773678545064331575190614923047520889183290086844723380913181932
            2878353937453862580256583576115333161556070757651978265916598068381
                                                                             0
          2878353937453862580256583576115333161556070757651978265916598068381
         2467160517817596497362785922384571281333774935130267085071369772898
        2878353937453862580256583576115333161556070757651978265916598068381
        822386839272532165787595307461523760444591645043422361690456590966
      1233580258908798248681392961192285640666887467565133542535684886449
     2055967098181330414468988268653809401111479112608555904226141477415
    1233580258908798248681392961192285640666887467565133542535684886449
   2878353937453862580256583576115333161556070757651978265916598068381
  2467160517817596497362785922384571281333774935130267085071369772898
  411193419636266082893797653730761880222295822521711180845228295483
2055967098181330414468988268653809401111479112608555904226141477415
-----------------------------------------------------------------------------------------------------------------------------------------------------
21247816643179881078656104850941397939651709949623928933655027655148162275525557781793205447233600808152251233904007065443511096411644709822216343488

