                               1875155221305633529
                  *9455096029110085131462868491920
                  --------------------------------
                                                 0
                              3750310442611267058
                            16876396991750701761
                            1875155221305633529
                          16876396991750701761
                          7500620885222534116
                        15001241770445068232
                       11250931327833801174
                      15001241770445068232
                      3750310442611267058
                    11250931327833801174
                    7500620885222534116
                   1875155221305633529
                  5625465663916900587
                 1875155221305633529
                9375776106528167645
              15001241770445068232
                                0
                               0
            1875155221305633529
           1875155221305633529
         16876396991750701761
         3750310442611267058
                          0
      11250931327833801174
     16876396991750701761
                       0
    9375776106528167645
   9375776106528167645
  7500620885222534116
16876396991750701761
--------------------------------------------------
17729772686931938484427871268479609743968417585680

