                     49183583427341600568586591893367285644987711972038887
                                                    *536616942771345734516
                    ------------------------------------------------------
                    295101500564049603411519551360203713869926271832233322
                    49183583427341600568586591893367285644987711972038887
                  245917917136708002842932959466836428224938559860194435
                 196734333709366402274346367573469142579950847888155548
                147550750282024801705759775680101856934963135916116661
               344285083991391203980106143253570999514913983804272209
              245917917136708002842932959466836428224938559860194435
             196734333709366402274346367573469142579950847888155548
            147550750282024801705759775680101856934963135916116661
            49183583427341600568586591893367285644987711972038887
          344285083991391203980106143253570999514913983804272209
         344285083991391203980106143253570999514913983804272209
         98367166854683201137173183786734571289975423944077774
       196734333709366402274346367573469142579950847888155548
      442652250846074405117279327040305570804889407748349983
     295101500564049603411519551360203713869926271832233322
     49183583427341600568586591893367285644987711972038887
   295101500564049603411519551360203713869926271832233322
  295101500564049603411519551360203713869926271832233322
 147550750282024801705759775680101856934963135916116661
245917917136708002842932959466836428224938559860194435
--------------------------------------------------------------------------
26392744173319476171392169811840250865592323720410526551890136147130123692

