                                                                                    43074182325466713487922887
                         *675859167685818464135473276464222718724593184921434082300056479750533082301893937436
                         -------------------------------------------------------------------------------------
                                                                                   258445093952800280927537322
                                                                                  129222546976400140463768661
                                                                                 172296729301866853951691548
                                                                                301519276278266994415460209
                                                                               129222546976400140463768661
                                                                              387667640929200421391305983
                                                                             129222546976400140463768661
                                                                            387667640929200421391305983
                                                                           344593458603733707903383096
                                                                           43074182325466713487922887
                                                                                                   0
                                                                        129222546976400140463768661
                                                                        86148364650933426975845774
                                                                      344593458603733707903383096
                                                                                               0
                                                                    129222546976400140463768661
                                                                   129222546976400140463768661
                                                                  215370911627333567439614435
                                                                                           0
                                                                215370911627333567439614435
                                                               301519276278266994415460209
                                                              387667640929200421391305983
                                                             301519276278266994415460209
                                                            172296729301866853951691548
                                                           258445093952800280927537322
                                                          215370911627333567439614435
                                                                                   0
                                                                                  0
                                                                                 0
                                                      129222546976400140463768661
                                                      86148364650933426975845774
                                                    344593458603733707903383096
                                                                             0
                                                  172296729301866853951691548
                                                 129222546976400140463768661
                                                172296729301866853951691548
                                                43074182325466713487922887
                                               86148364650933426975845774
                                             387667640929200421391305983
                                            172296729301866853951691548
                                           344593458603733707903383096
                                           43074182325466713487922887
                                         129222546976400140463768661
                                        387667640929200421391305983
                                       215370911627333567439614435
                                      172296729301866853951691548
                                      86148364650933426975845774
                                    301519276278266994415460209
                                   344593458603733707903383096
                                   43074182325466713487922887
                                 301519276278266994415460209
                                 86148364650933426975845774
                                86148364650933426975845774
                               86148364650933426975845774
                             172296729301866853951691548
                            258445093952800280927537322
                           172296729301866853951691548
                          258445093952800280927537322
                         301519276278266994415460209
                         86148364650933426975845774
                       129222546976400140463768661
                      301519276278266994415460209
                     172296729301866853951691548
                    215370911627333567439614435
                   129222546976400140463768661
                   43074182325466713487922887
                 172296729301866853951691548
                258445093952800280927537322
               172296729301866853951691548
              344593458603733707903383096
              43074182325466713487922887
            344593458603733707903383096
           215370911627333567439614435
          344593458603733707903383096
         258445093952800280927537322
        301519276278266994415460209
       258445093952800280927537322
       43074182325466713487922887
     387667640929200421391305983
    215370911627333567439614435
   344593458603733707903383096
  215370911627333567439614435
 301519276278266994415460209
258445093952800280927537322
--------------------------------------------------------------------------------------------------------------
29112081015237125430518157106118773843914845250255104651668390118815624378888978563307912149671263389570497732

