                                                                                                     16
 *85610469913510928355080195784852313469451713716641150179758133474711766938219984090117182906243725891
 ------------------------------------------------------------------------------------------------------
                                                                                                     16
                                                                                                   144
                                                                                                  128
                                                                                                  80
                                                                                                 32
                                                                                               112
                                                                                               48
                                                                                              64
                                                                                             32
                                                                                            96
                                                                                            0
                                                                                         144
                                                                                         32
                                                                                       128
                                                                                       16
                                                                                     112
                                                                                     16
                                                                                    16
                                                                                    0
                                                                                 144
                                                                                  0
                                                                                64
                                                                              128
                                                                             144
                                                                            144
                                                                            16
                                                                           32
                                                                         128
                                                                         48
                                                                       144
                                                                       96
                                                                      96
                                                                    112
                                                                    16
                                                                   16
                                                                 112
                                                                 64
                                                               112
                                                               64
                                                              48
                                                             48
                                                            16
                                                          128
                                                          80
                                                        112
                                                       144
                                                      112
                                                      16
                                                      0
                                                    80
                                                   16
                                                  16
                                                 64
                                                96
                                               96
                                              16
                                            112
                                            48
                                           16
                                         112
                                         16
                                        80
                                       64
                                     144
                                     96
                                    64
                                   48
                                  16
                                 48
                                32
                               80
                             128
                             64
                           128
                          112
                          80
                        144
                        16
                        0
                     128
                      0
                    80
                   80
                  48
                128
                32
              144
               0
             16
            80
           48
          16
        144
       144
       96
      64
      0
    16
   96
  80
128
-------------------------------------------------------------------------------------------------------
1369767518616174853681283132557637015511227419466258402876130135595388271011519745441874926499899614256

