                                                                                                     39
 *72320359390906818769423636883070303348378479050937879242820128259593431378284378066980262385101061404
 ------------------------------------------------------------------------------------------------------
                                                                                                    156
                                                                                                     0
                                                                                                  156
                                                                                                  39
                                                                                                234
                                                                                                 0
                                                                                               39
                                                                                               0
                                                                                             39
                                                                                           195
                                                                                          312
                                                                                         117
                                                                                         78
                                                                                       234
                                                                                       78
                                                                                       0
                                                                                    312
                                                                                   351
                                                                                  234
                                                                                 234
                                                                                  0
                                                                               312
                                                                              273
                                                                             117
                                                                            156
                                                                           312
                                                                           78
                                                                         312
                                                                        273
                                                                       117
                                                                       39
                                                                     117
                                                                    156
                                                                   117
                                                                  351
                                                                 195
                                                                351
                                                               195
                                                               78
                                                             312
                                                             78
                                                            39
                                                            0
                                                          78
                                                        312
                                                        78
                                                      156
                                                      78
                                                    351
                                                   273
                                                  312
                                                 273
                                                117
                                               351
                                                0
                                             195
                                              0
                                           351
                                          273
                                         156
                                        312
                                       273
                                      117
                                     312
                                    156
                                   117
                                  117
                                   0
                                117
                                 0
                              273
                               0
                            117
                           312
                          312
                         234
                        117
                       234
                      117
                      78
                    156
                   351
                  234
                 273
                312
                39
              312
             234
              0
           351
            0
         351
        117
       351
      195
     117
      0
    78
  117
  78
273
-------------------------------------------------------------------------------------------------------
2820494016245365932007521838439741830586760682986577290469985002124143823753090744612230233018941394756

