                                         349112680553083912935823281624
                             *55946062968408347476724067973128613220527
                             ------------------------------------------
                                        2443788763871587390550762971368
                                        698225361106167825871646563248
                                      1745563402765419564679116408120
                                                                   0
                                     698225361106167825871646563248
                                    698225361106167825871646563248
                                  1047338041659251738807469844872
                                  349112680553083912935823281624
                                2094676083318503477614939689744
                               2792901444424671303486586252992
                               698225361106167825871646563248
                              349112680553083912935823281624
                            1047338041659251738807469844872
                           2443788763871587390550762971368
                          3142014124977755216422409534616
                         2443788763871587390550762971368
                        2094676083318503477614939689744
                                                     0
                      1396450722212335651743293126496
                      698225361106167825871646563248
                    2443788763871587390550762971368
                   2094676083318503477614939689744
                  2443788763871587390550762971368
                 1396450722212335651743293126496
                2443788763871587390550762971368
               1396450722212335651743293126496
              1047338041659251738807469844872
             2792901444424671303486586252992
                                          0
           1396450722212335651743293126496
          2792901444424671303486586252992
         2094676083318503477614939689744
        3142014124977755216422409534616
        698225361106167825871646563248
      2094676083318503477614939689744
                                   0
    2094676083318503477614939689744
   1396450722212335651743293126496
  3142014124977755216422409534616
 1745563402765419564679116408120
1745563402765419564679116408120
-----------------------------------------------------------------------
19531480009292660941891626467521816980976293509260048935869808338695848

