                                                                                                     99
 *66687161729340242174951416835822490207380324358665050202896478628649388411856612227248527174037801749
 ------------------------------------------------------------------------------------------------------
                                                                                                    891
                                                                                                   396
                                                                                                  693
                                                                                                  99
                                                                                                  0
                                                                                               792
                                                                                              693
                                                                                             297
                                                                                              0
                                                                                           396
                                                                                          693
                                                                                          99
                                                                                        693
                                                                                       198
                                                                                      495
                                                                                     792
                                                                                    396
                                                                                   198
                                                                                  693
                                                                                 198
                                                                                198
                                                                               198
                                                                               99
                                                                             594
                                                                            594
                                                                           495
                                                                          792
                                                                          99
                                                                         99
                                                                       396
                                                                      792
                                                                     792
                                                                    297
                                                                   891
                                                                  396
                                                                 594
                                                                792
                                                               198
                                                              594
                                                             792
                                                            693
                                                           396
                                                          594
                                                         891
                                                        792
                                                       198
                                                        0
                                                     198
                                                      0
                                                   495
                                                    0
                                                 495
                                                594
                                               594
                                              792
                                             495
                                            297
                                           396
                                          198
                                         297
                                          0
                                       792
                                      297
                                     693
                                      0
                                   198
                                    0
                                 891
                                396
                               198
                              198
                             792
                            495
                           297
                          792
                         594
                         99
                       396
                       99
                     495
                    891
                   396
                  693
                  99
                198
               396
              198
               0
            396
           297
          891
         198
        693
        99
      594
      99
    693
   792
  594
 594
594
-------------------------------------------------------------------------------------------------------
6602029011204683975320190266746426530530652111507839970086751384236289452773804610497604190229742373151

