                                                 642969241907925106367500791544409706
                                   *6217215130246613114916460860566197918422556128549
                                   --------------------------------------------------
                                                5786723177171325957307507123899687354
                                               2571876967631700425470003166177638824
                                              3214846209539625531837503957722048530
                                             5143753935263400850940006332355277648
                                            1285938483815850212735001583088819412
                                            642969241907925106367500791544409706
                                          3857815451447550638205004749266458236
                                         3214846209539625531837503957722048530
                                        3214846209539625531837503957722048530
                                       1285938483815850212735001583088819412
                                      1285938483815850212735001583088819412
                                     2571876967631700425470003166177638824
                                    5143753935263400850940006332355277648
                                    642969241907925106367500791544409706
                                  5786723177171325957307507123899687354
                                 4500784693355475744572505540810867942
                                5786723177171325957307507123899687354
                                642969241907925106367500791544409706
                              3857815451447550638205004749266458236
                             3857815451447550638205004749266458236
                            3214846209539625531837503957722048530
                                                               0
                          3857815451447550638205004749266458236
                         5143753935263400850940006332355277648
                                                            0
                       3857815451447550638205004749266458236
                      2571876967631700425470003166177638824
                     3857815451447550638205004749266458236
                     642969241907925106367500791544409706
                   5786723177171325957307507123899687354
                  2571876967631700425470003166177638824
                  642969241907925106367500791544409706
                 642969241907925106367500791544409706
               1928907725723775319102502374633229118
               642969241907925106367500791544409706
             3857815451447550638205004749266458236
            3857815451447550638205004749266458236
           2571876967631700425470003166177638824
          1285938483815850212735001583088819412
                                             0
        1928907725723775319102502374633229118
        642969241907925106367500791544409706
      3214846209539625531837503957722048530
      642969241907925106367500791544409706
    1285938483815850212735001583088819412
   4500784693355475744572505540810867942
   642969241907925106367500791544409706
 1285938483815850212735001583088819412
3857815451447550638205004749266458236
-------------------------------------------------------------------------------------
3997478099073146685757274117993483619837430914919860701656994102983890947970859296594

