                                     359086841956630468684095856390125123718903577
                                            *6234828824770071296420138042629243625
                                    ----------------------------------------------
                                    1795434209783152343420479281950625618594517885
                                    718173683913260937368191712780250247437807154
                                  2154521051739782812104575138340750742313421462
                                 1077260525869891406052287569170375371156710731
                                1436347367826521874736383425560500494875614308
                                718173683913260937368191712780250247437807154
                              3231781577609674218156862707511126113470132193
                              718173683913260937368191712780250247437807154
                            2154521051739782812104575138340750742313421462
                            718173683913260937368191712780250247437807154
                          1436347367826521874736383425560500494875614308
                                                                      0
                        2872694735653043749472766851121000989751228616
                       1077260525869891406052287569170375371156710731
                       359086841956630468684095856390125123718903577
                                                                  0
                     718173683913260937368191712780250247437807154
                   1436347367826521874736383425560500494875614308
                  2154521051739782812104575138340750742313421462
                 3231781577609674218156862707511126113470132193
                 718173683913260937368191712780250247437807154
                359086841956630468684095856390125123718903577
              2513607893696413280788670994730875866032325039
                                                          0
                                                         0
           2513607893696413280788670994730875866032325039
          2513607893696413280788670994730875866032325039
         1436347367826521874736383425560500494875614308
         718173683913260937368191712780250247437807154
       2872694735653043749472766851121000989751228616
      2872694735653043749472766851121000989751228616
      718173683913260937368191712780250247437807154
    2872694735653043749472766851121000989751228616
   1436347367826521874736383425560500494875614308
  1077260525869891406052287569170375371156710731
  718173683913260937368191712780250247437807154
2154521051739782812104575138340750742313421462
----------------------------------------------------------------------------------
2238844992826854673981185839526341101200830229724969679376095446280032601816946625

