                                                                                           8965170393923546932351625399238134642682
                                       *1754390323684300799937162815497572902034403933903906722903553300501704255548939230802102457
                                       --------------------------------------------------------------------------------------------
                                                                                          62756192757464828526461377794666942498774
                                                                                         44825851969617734661758126996190673213410
                                                                                        35860681575694187729406501596952538570728
                                                                                       17930340787847093864703250798476269285364
                                                                                                                              0
                                                                                      8965170393923546932351625399238134642682
                                                                                    17930340787847093864703250798476269285364
                                                                                                                           0
                                                                                  71721363151388375458813003193905077141456
                                                                                                                         0
                                                                                26895511181770640797054876197714403928046
                                                                               17930340787847093864703250798476269285364
                                                                              80686533545311922391164628593143211784138
                                                                             26895511181770640797054876197714403928046
                                                                            80686533545311922391164628593143211784138
                                                                           71721363151388375458813003193905077141456
                                                                          35860681575694187729406501596952538570728
                                                                         44825851969617734661758126996190673213410
                                                                        44825851969617734661758126996190673213410
                                                                       44825851969617734661758126996190673213410
                                                                      17930340787847093864703250798476269285364
                                                                     35860681575694187729406501596952538570728
                                                                                                            0
                                                                   62756192757464828526461377794666942498774
                                                                   8965170393923546932351625399238134642682
                                                                                                         0
                                                                44825851969617734661758126996190673213410
                                                                                                       0
                                                                                                      0
                                                             26895511181770640797054876197714403928046
                                                            26895511181770640797054876197714403928046
                                                           44825851969617734661758126996190673213410
                                                          44825851969617734661758126996190673213410
                                                         26895511181770640797054876197714403928046
                                                                                                0
                                                       80686533545311922391164628593143211784138
                                                      17930340787847093864703250798476269285364
                                                     17930340787847093864703250798476269285364
                                                    62756192757464828526461377794666942498774
                                                   53791022363541281594109752395428807856092
                                                                                          0
                                                 80686533545311922391164628593143211784138
                                                26895511181770640797054876197714403928046
                                                                                       0
                                              80686533545311922391164628593143211784138
                                             26895511181770640797054876197714403928046
                                            26895511181770640797054876197714403928046
                                           80686533545311922391164628593143211784138
                                          26895511181770640797054876197714403928046
                                                                                 0
                                        35860681575694187729406501596952538570728
                                       35860681575694187729406501596952538570728
                                      26895511181770640797054876197714403928046
                                                                             0
                                    17930340787847093864703250798476269285364
                                                                           0
                                  80686533545311922391164628593143211784138
                                 17930340787847093864703250798476269285364
                                62756192757464828526461377794666942498774
                               44825851969617734661758126996190673213410
                              62756192757464828526461377794666942498774
                             80686533545311922391164628593143211784138
                            35860681575694187729406501596952538570728
                           44825851969617734661758126996190673213410
                           8965170393923546932351625399238134642682
                         71721363151388375458813003193905077141456
                        17930340787847093864703250798476269285364
                       53791022363541281594109752395428807856092
                       8965170393923546932351625399238134642682
                     62756192757464828526461377794666942498774
                    26895511181770640797054876197714403928046
                   80686533545311922391164628593143211784138
                  80686533545311922391164628593143211784138
                 80686533545311922391164628593143211784138
                62756192757464828526461377794666942498774
                                                       0
                                                      0
             26895511181770640797054876197714403928046
            35860681575694187729406501596952538570728
           71721363151388375458813003193905077141456
          53791022363541281594109752395428807856092
         26895511181770640797054876197714403928046
        17930340787847093864703250798476269285364
       26895511181770640797054876197714403928046
                                              0
     80686533545311922391164628593143211784138
    26895511181770640797054876197714403928046
   35860681575694187729406501596952538570728
  44825851969617734661758126996190673213410
 62756192757464828526461377794666942498774
 8965170393923546932351625399238134642682
-----------------------------------------------------------------------------------------------------------------------------------
15728408189280442012088879472251487187384436465451584261145081690957401221237085321115943301911186059596739749972695939852049269674

