                                    754372974939039716076797789628594032229612626507105785563435385798010972244895506184631085614183
                                                                                               *984981205685245864327426987396695183
                                   -------------------------------------------------------------------------------------------------
                                   2263118924817119148230393368885782096688837879521317356690306157394032916734686518553893256842549
                                  6034983799512317728614382317028752257836901012056846284507483086384087777959164049477048684913464
                                  754372974939039716076797789628594032229612626507105785563435385798010972244895506184631085614183
                                3771864874695198580383988948142970161148063132535528927817176928990054861224477530923155428070915
                               6789356774451357444691180106657346290066513638563952070070918472182098750204059555661679770527647
                              4526237849634238296460786737771564193377675759042634713380612314788065833469373037107786513685098
                             4526237849634238296460786737771564193377675759042634713380612314788065833469373037107786513685098
                            6789356774451357444691180106657346290066513638563952070070918472182098750204059555661679770527647
                           2263118924817119148230393368885782096688837879521317356690306157394032916734686518553893256842549
                          5280610824573278012537584527400158225607288385549740498944047700586076805714268543292417599299281
                         6034983799512317728614382317028752257836901012056846284507483086384087777959164049477048684913464
                        6789356774451357444691180106657346290066513638563952070070918472182098750204059555661679770527647
                       4526237849634238296460786737771564193377675759042634713380612314788065833469373037107786513685098
                      1508745949878079432153595579257188064459225253014211571126870771596021944489791012369262171228366
                     3017491899756158864307191158514376128918450506028423142253741543192043888979582024738524342456732
                    5280610824573278012537584527400158225607288385549740498944047700586076805714268543292417599299281
                   1508745949878079432153595579257188064459225253014211571126870771596021944489791012369262171228366
                  2263118924817119148230393368885782096688837879521317356690306157394032916734686518553893256842549
                 3017491899756158864307191158514376128918450506028423142253741543192043888979582024738524342456732
                4526237849634238296460786737771564193377675759042634713380612314788065833469373037107786513685098
               6034983799512317728614382317028752257836901012056846284507483086384087777959164049477048684913464
              3771864874695198580383988948142970161148063132535528927817176928990054861224477530923155428070915
             3017491899756158864307191158514376128918450506028423142253741543192043888979582024738524342456732
            1508745949878079432153595579257188064459225253014211571126870771596021944489791012369262171228366
           3771864874695198580383988948142970161148063132535528927817176928990054861224477530923155428070915
          6034983799512317728614382317028752257836901012056846284507483086384087777959164049477048684913464
         4526237849634238296460786737771564193377675759042634713380612314788065833469373037107786513685098
        3771864874695198580383988948142970161148063132535528927817176928990054861224477530923155428070915
                                                                                                       0
      1508745949878079432153595579257188064459225253014211571126870771596021944489791012369262171228366
      754372974939039716076797789628594032229612626507105785563435385798010972244895506184631085614183
    6034983799512317728614382317028752257836901012056846284507483086384087777959164049477048684913464
   6789356774451357444691180106657346290066513638563952070070918472182098750204059555661679770527647
  3017491899756158864307191158514376128918450506028423142253741543192043888979582024738524342456732
 6034983799512317728614382317028752257836901012056846284507483086384087777959164049477048684913464
6789356774451357444691180106657346290066513638563952070070918472182098750204059555661679770527647
------------------------------------------------------------------------------------------------------------------------------------
743043202391821102321536847500841452280726973140312482592748762533191802142980815083727401626825333604034166200092844451827992580489

