                11031357879761920
                *9837181854466167
                -----------------
                77219505158333440
               66188147278571520
              11031357879761920
             66188147278571520
            66188147278571520
           44125431519047680
          44125431519047680
         55156789398809600
        88250863038095360
       11031357879761920
      88250863038095360
     11031357879761920
    77219505158333440
   33094073639285760
  88250863038095360
 99282220917857280
---------------------------------
108517473564916328272934654960640

