                                        52
 *2792804946520424733320138768420600980484
 -----------------------------------------
                                       208
                                      416
                                     208
                                      0
                                   416
                                  468
                                   0
                                  0
                               312
                                0
                             104
                            208
                           416
                          312
                         364
                        416
                       156
                       52
                       0
                    104
                   156
                  156
                 156
                364
               208
              104
             208
              0
           104
          260
         312
        208
       468
      208
       0
    416
   104
  468
 364
104
------------------------------------------
145225857219062086132647215957871250985168

